2017A3TS0326P,2017,467
2004B1PS0554H,2004,123
2013A8TS0971G,2013,360
2006B5TS0653H,2006,164
2014B5PS0920G,2014,394
2004B3PS0329G,2004,109
2022AATS0875H,2022,683
2018A7TS0410P,2018,479
2011AAPS0967P,2011,317
2024A3TS0279H,2024,771
2021A3PS0995P,2021,626
2004A8PS0552P,2004,119
2012A1PS0234G,2012,348
2020AAPS0548H,2020,560
2018A3TS0462P,2018,491
2012B3TS0189G,2012,327
2005B2PS0493P,2005,141
2008B4TS0489H,2008,248
2018B2PS0793G,2018,482
2021A7TS0011H,2021,618
2016B1PS0379H,2016,444
2006A8PS0118P,2006,168
2007B5TS0494H,2007,188
2016AAPS0315G,2016,432
2013A3PS0680H,2013,361
2023B5TS0230P,2023,710
2024A8PS0180H,2024,760
2020B5PS0999G,2020,569
2012A4TS0617P,2012,348
2021A1TS0636H,2021,608
2007A1PS0485G,2007,176
2013A1PS0701G,2013,353
2010A4PS0612P,2010,284
2012AATS0098P,2012,335
2007B4PS0130H,2007,180
2018B1TS0834P,2018,499
2006A4PS0992P,2006,169
2011B2PS0194P,2011,321
2012A8PS0294G,2012,344
2012A7TS0435H,2012,349
2022A8PS0177H,2022,685
2010A4PS0618H,2010,297
2010A7PS0072H,2010,285
2022B4TS0457P,2022,661
2007A7TS0681P,2007,183
2009B3PS0936H,2009,264
2014A4TS0140P,2014,379
2021A4TS0660P,2021,628
2016AAPS0884G,2016,447
2009B4TS0350G,2009,262
2021A1PS0816G,2021,643
2008B4PS0627G,2008,228
2023A1PS0091G,2023,734
2010A7TS0044H,2010,289
2004B5PS0001P,2004,118
2016AATS0753P,2016,440
2008B3PS0927G,2008,236
2015AATS0269P,2015,405
2020A7TS0106G,2020,580
2016B5PS0288P,2016,446
2022B2TS0753H,2022,694
2013A4TS0944G,2013,352
2022AAPS0916P,2022,696
2019B1PS0924G,2019,519
2020A4TS0455G,2020,554
2021B2TS0604H,2021,639
2004B1TS0225H,2004,123
2004A7PS0491G,2004,119
2008AAPS0434G,2008,248
2007B2TS0386P,2007,179
2014A4TS0311P,2014,391
2013B4PS0621H,2013,359
2006AATS0714P,2006,165
2015A4PS0105P,2015,423
2010A4TS0485H,2010,276
2021A3PS0252G,2021,607
2024A8PS0460G,2024,788
2006A1PS0735G,2006,153
2021B2PS0185P,2021,606
2012B3PS0286H,2012,345
2004A1TS0667H,2004,104
2007A3TS0735P,2007,175
2010AATS0404G,2010,299
2016A3PS0686P,2016,428
2018A3PS0810H,2018,476
2006A8PS0857P,2006,159
2006B2TS0299P,2006,163
2006A1TS0728P,2006,168
2004A7TS0775H,2004,105
2017A4TS0826H,2017,463
2009A3PS0684P,2009,259
2022A4PS0595P,2022,651
2017B1TS0735H,2017,459
2017B3PS0197H,2017,470
2023B3PS0848P,2023,729
2019A3PS0549H,2019,541
2022B3TS0703P,2022,679
2018AATS0060H,2018,493
2015A4PS0234P,2015,411
2005A8TS0529P,2005,138
2013A3TS0412H,2013,363
2016A1TS0615G,2016,447
2017A7PS0817G,2017,460
2011AATS0824G,2011,313
2023B3TS0998P,2023,725
2023B4TS0916G,2023,741
2018A3TS0400G,2018,491
2011B4PS0142P,2011,310
2024A7TS0136P,2024,756
2018A7TS0127H,2018,486
2011A4TS0825H,2011,312
2021A1PS0467H,2021,631
2022A8TS0320H,2022,673
2010A1PS0542G,2010,280
2005A4PS0205P,2005,125
2004A4PS0307G,2004,105
2011B3PS0667H,2011,321
2004B1TS0388H,2004,104
2020A4PS0524G,2020,554
2019AAPS0046P,2019,524
2013A8TS0734H,2013,372
2016A8PS0649P,2016,441
2009B5PS0138H,2009,250
2014A1TS0208H,2014,391
2011B2TS0589G,2011,314
2019B1PS0955H,2019,505
2012A7TS0902P,2012,345
2016A3PS0864G,2016,443
2007B2TS0876G,2007,195
2005AAPS0795H,2005,137
2006AAPS0490H,2006,150
2013A8PS0812H,2013,371
2020A3TS0224P,2020,585
2014B1PS0279G,2014,375
2006A7TS0695P,2006,163
2015B5TS0720G,2015,406
2023AAPS0042G,2023,748
2008B4TS0455G,2008,232
2008A1TS0113P,2008,237
2024B3TS0180H,2024,761
2011A7TS0530G,2011,317
2015A1TS0632H,2015,414
2018A8PS0170H,2018,492
2004B5TS0398P,2004,114
2024A3PS0404P,2024,763
2024B4PS0621G,2024,794
2008A4PS0965H,2008,242
2013AATS0504H,2013,370
2012B1PS0739H,2012,343
2008A1TS0610H,2008,249
2005B1TS0145H,2005,149
2024B5PS0301G,2024,836
2021A4PS0732G,2021,636
2011AAPS0292H,2011,320
2021A7PS0162P,2021,641
2019A8TS0352H,2019,520
2004A4PS0420P,2004,120
2019B5PS0427H,2019,542
2011B3TS0356H,2011,319
2008A1TS0171P,2008,230
2024B3TS0993P,2024,770
2014B5TS0522H,2014,399
2022B5PS0044H,2022,693
2020A8TS0637P,2020,580
2014B3PS0221H,2014,375
2018A1TS0216H,2018,494
2010AATS0242H,2010,281
2004A1PS0124G,2004,123
2006B5TS0254G,2006,160
2009B2PS0642G,2009,263
2015A3PS0166G,2015,417
2010B4PS0302P,2010,285
2011B1PS0087G,2011,304
2015A8TS0865H,2015,418
2006B5PS0472G,2006,159
2021B3PS0816G,2021,621
2005B1PS0654P,2005,128
2013AAPS0474G,2013,355
2019AATS0772G,2019,533
2007B4TS0227H,2007,185
2022B5PS0296H,2022,666
2013A3PS0084G,2013,358
2023B4PS0067H,2023,732
2008A4TS0139P,2008,246
2014B1PS0510H,2014,387
2017B5PS0405H,2017,457
2024B3TS0317H,2024,769
2008B5TS0365H,2008,240
2023B2PS0783P,2023,704
2008A4TS0048P,2008,233
2009B2TS0378H,2009,268
2024AATS0942P,2024,817
2005A8PS0066P,2005,147
2023B2PS0054H,2023,732
2013B4TS0186G,2013,368
2013B2TS0855G,2013,369
2016B5PS0641G,2016,446
2012B2TS0999G,2012,340
2011B5PS0503H,2011,322
2010B1PS0431H,2010,290
2021B2TS0684P,2021,613
2014A4TS0944P,2014,391
2023B1TS0308G,2023,719
2016B1PS0651P,2016,434
2009A4TS0268G,2009,269
2024B1PS0381G,2024,831
2024B5TS0626P,2024,753
2011B1PS0138H,2011,315
2023B5PS0645H,2023,730
2009AATS0879G,2009,260
2011A3PS0290H,2011,323
2016B2TS0519H,2016,432
2013B2PS0881G,2013,360
2008B4TS0398P,2008,230
2021B4PS0879G,2021,635
2020B3PS0316G,2020,576
2016B2PS0987G,2016,432
2011A8TS0490G,2011,321
2016A7TS0834G,2016,431
2016AATS0443P,2016,434
2006AAPS0663P,2006,159
2008AATS0938P,2008,240
2008A7TS0113P,2008,226
2019B4PS0458P,2019,535
2009A3TS0367G,2009,267
2022A1TS0065H,2022,666
2008B1PS0965H,2008,225
2023A8PS0234H,2023,704
2014B3TS0539H,2014,387
2010A4TS0808G,2010,295
2021B2PS0265G,2021,606
2007AATS0217P,2007,188
2017A7TS0690P,2017,462
2019B4PS0108G,2019,546
2008B2PS0421P,2008,225
2014B3PS0292H,2014,396
2008B2PS0482G,2008,243
2007B1TS0150H,2007,194
2011B5TS0276G,2011,313
2022AATS0799G,2022,692
2019B5PS0038P,2019,547
2022B3TS0897G,2022,685
2023B2TS0561G,2023,700
2023A4PS0960P,2023,704
2017B4TS0704G,2017,469
2004B3PS0054G,2004,105
2020A1TS0501H,2020,567
2008A4TS0554H,2008,237
2007B2TS0222H,2007,179
2023B2TS0901G,2023,737
2015B2PS0133H,2015,403
2020B5PS0772P,2020,593
2021A4TS0536G,2021,628
2013AATS0929P,2013,367
2012B4PS0514P,2012,328
2004AATS0770G,2004,115
2022A7PS0636H,2022,669
2022B1PS0654P,2022,699
2012B4PS0152G,2012,347
2007B3PS0572G,2007,190
2009A3TS0617G,2009,257
2020AATS0905H,2020,582
2012A4TS0262P,2012,333
2009B1TS0114G,2009,264
2004AAPS0875G,2004,119
2019A3TS0186H,2019,545
2010A7TS0912G,2010,292
2015B1PS0377P,2015,407
2006A1PS0477P,2006,162
2019B4PS0439H,2019,537
2023B4TS0338G,2023,726
2007A1TS0394H,2007,196
2012B1TS0941H,2012,327
2009B2TS0475G,2009,270
2014B4TS0809H,2014,389
2018A7TS0983P,2018,482
2022B1TS0011H,2022,694
2012B2TS0928P,2012,347
2005A4TS0008P,2005,127
2013B5PS0291G,2013,363
2004A7TS0082P,2004,106
2015AATS0605H,2015,421
2014A4TS0060H,2014,384
2008A7TS0880G,2008,235
2006A4TS0630P,2006,151
2015A1TS0576H,2015,419
2013B2PS0554G,2013,350
2018A3TS0341H,2018,492
2021AAPS0201H,2021,642
2018B4TS0822H,2018,480
2021B2PS0468H,2021,601
2018A4TS0189H,2018,499
2020A7TS0307P,2020,580
2004A3PS0924G,2004,122
2023A8PS0285G,2023,724
2023B1TS0538P,2023,743
2020B2PS0629P,2020,578
2023B2PS0266H,2023,721
2021B2PS0521H,2021,618
2017A1TS0902G,2017,451
2024B3TS0017P,2024,831
2009AAPS0097G,2009,265
2021A1TS0649P,2021,613
2016A4TS0862G,2016,449
2013A4PS0871G,2013,355
2010B4PS0877H,2010,277
2016B3TS0991P,2016,434
2015A3TS0037P,2015,414
2008A3PS0754H,2008,247
2005A4PS0137P,2005,143
2005A3TS0720G,2005,143
2010A3PS0688H,2010,298
2007AAPS0456P,2007,177
2014A1PS0899G,2014,389
2007B5PS0132G,2007,180
2011AATS0200P,2011,321
2005A1TS0141P,2005,131
2017A7TS0465P,2017,461
2008B4PS0897G,2008,234
2011B1TS0198H,2011,310
2022A8TS0334P,2022,699
2010B2PS0912G,2010,278
2018A3PS0680P,2018,493
2016B1TS0632G,2016,428
2016B1TS0855P,2016,447
2006B3TS0184P,2006,169
2012AAPS0555G,2012,341
2006B4PS0164H,2006,155
2010A8TS0066H,2010,295
2015A4TS0788H,2015,406
2016B5PS0989H,2016,434
2022A7TS0428P,2022,658
2020A3TS0653G,2020,571
2014AATS0743H,2014,392
2012A8TS0511G,2012,328
2009A3TS0055G,2009,273
2020B4PS0708H,2020,558
2016A1TS0174G,2016,435
2022A7TS0850G,2022,694
2010B1TS0464G,2010,279
2024B5PS0119P,2024,804
2004A3TS0058H,2004,120
2018A3TS0285H,2018,495
2017B3TS0103G,2017,455
2016A7PS0526H,2016,434
2019B3PS0295G,2019,545
2012A4PS0053P,2012,330
2014A7PS0669P,2014,395
2004B5TS0062P,2004,115
2007B4PS0106H,2007,196
2012A4PS0141G,2012,343
2017B2TS0221H,2017,472
2004A8TS0932P,2004,102
2022A4TS0489H,2022,696
2014A8TS0550G,2014,395
2014B4TS0728P,2014,392
2009AAPS0718P,2009,251
2021A8TS0133G,2021,620
2021A1TS0394G,2021,600
2007B2PS0206G,2007,196
2008B5PS0688H,2008,230
2008B3TS0423H,2008,227
2017B5PS0714G,2017,452
2007B1TS0960G,2007,178
2020A4PS0873P,2020,552
2006B5PS0498H,2006,157
2005A4TS0065G,2005,147
2015A8PS0650H,2015,422
2004B4TS0497H,2004,115
2016A3PS0356G,2016,429
2021A8TS0901G,2021,649
2023B2PS0103H,2023,727
2004B3PS0602H,2004,113
2005B2TS0654H,2005,129
2004B2TS0789P,2004,109
2007B5TS0656G,2007,182
2015B3TS0973P,2015,421
2019A4TS0833H,2019,522
2005B2PS0078H,2005,142
2006B4PS0333G,2006,158
2022B3PS0828G,2022,678
2021A3TS0517P,2021,629
2006B4TS0772H,2006,150
2005B1PS0903H,2005,137
2009B2TS0322P,2009,269
2010A7TS0780P,2010,277
2011AAPS0641P,2011,324
2023A8TS0859H,2023,719
2012A7PS0642G,2012,340
2006B4TS0822G,2006,169
2013B1TS0026G,2013,354
2021A1PS0176G,2021,619
2008A8TS0641G,2008,233
2015A4TS0078G,2015,422
2024A4PS0856G,2024,765
2015B5TS0268H,2015,409
2016B3PS0991P,2016,425
2018A1PS0140P,2018,499
2024B5PS0799H,2024,837
2017A3TS0001G,2017,464
2016A3TS0971G,2016,428
2018B4TS0975H,2018,476
2018B2PS0079G,2018,486
2015A7PS0287G,2015,401
2012AATS0691G,2012,347
2005A3PS0200H,2005,130
2016B4PS0687P,2016,434
2008B4PS0144H,2008,249
2020A1TS0093P,2020,593
2008A7TS0812G,2008,225
2007A1TS0287G,2007,190
2016A4PS0936G,2016,436
2004A7PS0717H,2004,111
2011B1PS0245P,2011,317
2011B5TS0381P,2011,311
2015B1PS0504P,2015,406
2022A4PS0772P,2022,673
2004A3PS0154H,2004,105
2015A4TS0991G,2015,424
2008A4PS0439H,2008,248
2014A8TS0063H,2014,375
2011AATS0035H,2011,305
2015B2TS0100P,2015,417
2014A7TS0607H,2014,382
2006B5TS0499G,2006,153
2022AATS0524P,2022,696
2007A1TS0706G,2007,180
2006A8PS0887P,2006,150
2011B1PS0857G,2011,322
2013A8PS0422H,2013,374
2012B2TS0085H,2012,347
2015B3PS0884H,2015,423
2018A3TS0790G,2018,477
2020B4PS0429H,2020,589
2024B2PS0538H,2024,786
2023A1TS0761H,2023,724
2008B5TS0385G,2008,227
2021AAPS0435H,2021,601
2010B5TS0353H,2010,288
2009AATS0885H,2009,257
2009B4TS0873G,2009,251
2007A8PS0818P,2007,176
2006B3TS0789H,2006,150
2018B5TS0214G,2018,486
2014B1TS0924H,2014,399
2019B5PS0822H,2019,544
2012A1PS0360P,2012,337
2021A7PS0370P,2021,634
2004B4PS0460H,2004,104
2021A3PS0965G,2021,601
2023B2PS0201P,2023,713
2016A7PS0357H,2016,426
2014B1TS0031H,2014,398
2015A1PS0481H,2015,409
2014B2PS0368P,2014,397
2016A8TS0654G,2016,437
2008B4TS0362H,2008,244
2020B1TS0095P,2020,565
2009B2PS0924G,2009,257
2019A1TS0877G,2019,512
2005B1TS0224G,2005,146
2016A8TS0797P,2016,432
2004A7TS0558P,2004,120
2019B5PS0391H,2019,544
2007A4PS0776H,2007,188
2011AAPS0834G,2011,310
2013A8TS0054P,2013,360
2007B3TS0530H,2007,176
2018A7TS0430H,2018,486
2013A8TS0326P,2013,368
2022B3TS0286P,2022,681
2011A3TS0759G,2011,309
2008A3TS0524G,2008,248
2009B3PS0169P,2009,274
2007B3TS0685H,2007,189
2016A4TS0082G,2016,433
2023A8TS0809G,2023,713
2013A3PS0787G,2013,359
2019B2PS0963G,2019,525
2016B3PS0223P,2016,430
2005A8PS0269P,2005,138
2018B5TS0184P,2018,490
2018AAPS0946P,2018,497
2021AAPS0418P,2021,611
2010A7TS0886G,2010,298
2012B4PS0954P,2012,330
2019B2PS0328H,2019,537
2022A1PS0251H,2022,659
2008A7PS0395H,2008,232
2013B2TS0589G,2013,372
2005B5PS0937H,2005,148
2013B4PS0544P,2013,362
2012AAPS0825H,2012,335
2023A1TS0174G,2023,726
2013A7PS0054P,2013,362
2022A1PS0639G,2022,696
2004B3TS0720P,2004,104
2018B2PS0353P,2018,481
2005B4TS0535P,2005,137
2022A7TS0889H,2022,691
2007B5PS0970G,2007,198
2017B1PS0070P,2017,468
2012B3TS0229H,2012,347
2008B3TS0803G,2008,228
2023A4TS0429G,2023,736
2006A4PS0080H,2006,168
2016A7PS0582P,2016,430
2022A8TS0641P,2022,689
2017B2PS0692H,2017,463
2016AATS0273H,2016,432
2005A4PS0855G,2005,126
2006B5TS0910P,2006,154
2014B4TS0746G,2014,382
2006A4TS0528P,2006,150
2010A8PS0103P,2010,297
2007B4PS0382H,2007,188
2012A3PS0659P,2012,329
2015A1PS0060P,2015,416
2019A4PS0618H,2019,518
2023A4PS0709H,2023,710
2023B1TS0767H,2023,735
2018A8PS0159H,2018,499
2013B4PS0143P,2013,365
2009AATS0756H,2009,253
2015B1TS0496P,2015,420
2007B2PS0638H,2007,188
2020A8TS0718P,2020,583
2006B5TS0818G,2006,155
2018A7TS0901P,2018,492
2005B2TS0346P,2005,148
2013A3TS0112G,2013,365
2006B3TS0312H,2006,150
2008A4PS0814H,2008,243
2006A7PS0405H,2006,151
2018A8TS0529P,2018,495
2005B3PS0654G,2005,133
2013A3TS0386G,2013,353
2012A3TS0973H,2012,334
2009A7PS0993G,2009,267
2015A1PS0498P,2015,407
2014AAPS0691P,2014,390
2022A3PS0888P,2022,662
2012B2PS0754G,2012,347
2015A1PS0853G,2015,415
2024B5TS0187H,2024,822
2019A4TS0218H,2019,532
2007A8PS0943H,2007,188
2012B3PS0402H,2012,340
2020A4PS0553P,2020,596
2017B2PS0685H,2017,467
2016B2PS0542G,2016,442
2013A7PS0040P,2013,355
2018B4PS0879P,2018,476
2022A4PS0432G,2022,681
2006A4TS0464G,2006,160
2011A7TS0106P,2011,302
2022AATS0252G,2022,659
2008A4TS0054P,2008,241
2022A7PS0092P,2022,677
2008AATS0907G,2008,246
2011A1PS0199H,2011,313
2017B2PS0259H,2017,473
2021B1TS0093P,2021,629
2007A7PS0604G,2007,193
2018B4PS0925P,2018,478
2011A4TS0502H,2011,310
2006A4PS0533H,2006,167
2021A8TS0431H,2021,620
2021B5TS0252G,2021,617
2012B5TS0366H,2012,347
2015B3PS0267G,2015,409
2005B2TS0767H,2005,147
2021B2PS0770P,2021,603
2009AAPS0322G,2009,271
2012B1PS0550G,2012,347
2023A4TS0359G,2023,723
2019A4PS0592G,2019,534
2015A7TS0852H,2015,407
2012AATS0543G,2012,326
2018B2PS0627G,2018,481
2024A1PS0499P,2024,769
2020AAPS0850P,2020,561
2024AAPS0584G,2024,808
2015A4PS0799P,2015,423
2007A7TS0332H,2007,185
2004A4TS0304H,2004,101
2008B2TS0838P,2008,230
2017A3PS0793P,2017,454
2009B4PS0091H,2009,250
2016AAPS0501G,2016,448
2024A7TS0786G,2024,825
2011B5PS0714H,2011,310
2018A7TS0584G,2018,499
2006B1PS0497G,2006,164
2015A8TS0765H,2015,415
2008B2PS0506G,2008,234
2019B1PS0539G,2019,535
2022A8TS0679G,2022,654
2010A8PS0239H,2010,288
2023A7TS0330P,2023,705
2006A8TS0215P,2006,160
2004B5TS0307G,2004,112
2021B2TS0971P,2021,600
2008A8TS0982G,2008,240
2011A7PS0170P,2011,305
2020B1PS0496G,2020,599
2010B5TS0512G,2010,288
2008B1TS0345P,2008,227
2015A4TS0907H,2015,401
2016B4PS0294G,2016,429
2006B4PS0011H,2006,157
2011B4PS0641G,2011,314
2004A3PS0521H,2004,113
2014B4TS0900H,2014,389
2023B5TS0496H,2023,742
2020B4PS0435P,2020,598
2021A4PS0876H,2021,605
2009B3TS0067P,2009,251
2010A3TS0922G,2010,293
2016B4TS0344P,2016,432
2008A7PS0388H,2008,226
2015B2TS0599G,2015,416
2009A8TS0130G,2009,263
2008AAPS0600G,2008,235
2022AAPS0389G,2022,661
2007AATS0591P,2007,184
2006A8TS0793P,2006,157
2009A7TS0135H,2009,251
2005A7TS0956G,2005,147
2014B1TS0877H,2014,393
2013A4TS0119G,2013,356
2015B5TS0508G,2015,400
2017A8TS0846H,2017,469
2005B4PS0259H,2005,146
2013A8PS0711G,2013,351
2010B3PS0944G,2010,275
2020B5TS0173H,2020,599
2004A1PS0453H,2004,106
2024B5TS0276P,2024,828
2011A8PS0940P,2011,311
2015A3TS0825G,2015,413
2020A8PS0390H,2020,553
2012B4PS0858P,2012,347
2010A8PS0065G,2010,287
2007A4TS0975G,2007,180
2022B3TS0228G,2022,690
2007A1TS0411G,2007,182
2019B4TS0141G,2019,515
2011B5TS0906P,2011,316
2004B4PS0720H,2004,120
2009A4PS0152G,2009,262
2015A4PS0242G,2015,419
2018A3TS0825G,2018,493
2009A1PS0821P,2009,273
2012B1TS0844H,2012,341
2012B2TS0228H,2012,326
2019B2PS0797P,2019,520
2007A3PS0073H,2007,188
2010B3TS0862G,2010,290
2010A4TS0021G,2010,291
2021B5PS0794G,2021,628
2023B2TS0668P,2023,728
2007A8TS0335H,2007,178
2006A7TS0523H,2006,154
2013B1TS0807H,2013,368
2019A1TS0851G,2019,537
2011B1TS0075G,2011,309
2023B2PS0042G,2023,717
2009A7PS0786P,2009,271
2018A7TS0792H,2018,486
2016B3TS0895G,2016,440
2021AAPS0803P,2021,643
2011A3PS0745G,2011,305
2010A7PS0009H,2010,294
2022A7TS0832P,2022,651
2010A4PS0587G,2010,278
2009AATS0506G,2009,268
2008B3TS0588G,2008,247
2004B4PS0487H,2004,122
2019A4PS0169H,2019,536
2014A7PS0605G,2014,387
2018AATS0300P,2018,497
2010B4TS0282H,2010,292
2011A3TS0904P,2011,308
2023A3TS0942H,2023,747
2023B2TS0343P,2023,717
2024A8TS0721P,2024,842
2014A3TS0139G,2014,381
2010A7PS0114G,2010,290
2005B4PS0077H,2005,128
2024A1TS0355P,2024,807
2018B2TS0829H,2018,494
2014A7PS0061P,2014,382
2022A8TS0411H,2022,658
2022A4TS0852G,2022,666
2012B3TS0368P,2012,332
2007A1TS0336G,2007,179
2009B2TS0732G,2009,271
2023A1TS0001H,2023,714
2013A3PS0001P,2013,370
2005B2TS0414G,2005,136
2013AATS0430G,2013,354
2009B5PS0116G,2009,266
2012B2PS0122P,2012,336
2007B3TS0412G,2007,180
2006B4PS0917G,2006,150
2023B3PS0119G,2023,745
2022A3TS0539H,2022,665
2010B3PS0412P,2010,281
2019A8TS0394H,2019,539
2019A7TS0303H,2019,547
2021B3PS0710P,2021,632
2017B4TS0837G,2017,454
2018A7TS0873P,2018,475
2018A3PS0760G,2018,485
2015AATS0028G,2015,424
2018A8TS0499P,2018,476
2012B1TS0233H,2012,325
2011B5TS0831H,2011,301
2024A3PS0501P,2024,809
2006B1TS0969H,2006,165
2019AATS0655P,2019,520
2018A7TS0870P,2018,491
2018B5TS0242H,2018,492
2017AAPS0551G,2017,471
2011A3TS0448P,2011,307
2013A8TS0675G,2013,373
2019A7PS0764P,2019,520
2015B1TS0931G,2015,408
2023A4PS0041H,2023,742
2007A8PS0895G,2007,176
2017A1TS0020P,2017,469
2010B1PS0942H,2010,279
2023B3TS0318H,2023,704
2021A8TS0736P,2021,630
2007B1TS0092P,2007,177
2004B4PS0914H,2004,110
2021B4PS0230P,2021,620
2017A8PS0465H,2017,472
2020A7PS0642G,2020,598
2012A8PS0041P,2012,342
2020AATS0896H,2020,564
2021A3TS0225P,2021,646
2005A8TS0215P,2005,142
2015AATS0580P,2015,413
2005B2TS0579H,2005,138
2021AATS0246H,2021,638
2011B2TS0594P,2011,308
2008B5TS0558P,2008,236
2023B2PS0336G,2023,720
2004A7PS0074H,2004,113
2005AATS0428G,2005,147
2022A7PS0726G,2022,661
2023A3TS0911G,2023,739
2004AAPS0748G,2004,107
2018A3PS0991G,2018,485
2007B5PS0654G,2007,183
2022B3PS0517H,2022,659
2011B1TS0777P,2011,313
2007A1TS0063P,2007,180
2008B1TS0303P,2008,236
2015A4PS0284G,2015,407
2011A1PS0993G,2011,300
2024A1TS0117P,2024,791
2018B3TS0259G,2018,497
2015B3PS0890H,2015,414
2014A7PS0130G,2014,382
2004B3PS0482P,2004,100
2012A3TS0013P,2012,332
2016B4PS0280G,2016,427
2008A7PS0253P,2008,241
2012B5TS0175G,2012,335
2023A3TS0870P,2023,729
2008A1PS0916P,2008,233
2006AAPS0798H,2006,171
2023B4TS0395P,2023,745
2004A1PS0408G,2004,122
2014AAPS0789P,2014,398
2024A7PS0001G,2024,768
2011AAPS0032H,2011,308
2011A7TS0322G,2011,306
2005B1PS0559H,2005,145
2017A3PS0824H,2017,472
2006B4PS0392P,2006,157
2005B3PS0267G,2005,136
2020B1PS0064G,2020,555
2016B2TS0588P,2016,433
2019B4TS0870P,2019,534
2023B3TS0149P,2023,749
2015B3PS0093H,2015,423
2005B1TS0931H,2005,134
2018A1TS0384H,2018,475
2009B2PS0177H,2009,271
2008B3PS0347P,2008,244
2008A4PS0881H,2008,233
2016A7TS0539P,2016,425
2019B5TS0493G,2019,544
2017A1PS0971H,2017,472
2022A8PS0484G,2022,697
2007AAPS0389P,2007,176
2022A7TS0127H,2022,690
2015B5TS0225G,2015,412
2010A1PS0186P,2010,296
2023B5PS0847P,2023,744
2019A3PS0471P,2019,530
2017AATS0723H,2017,459
2008AATS0834G,2008,234
2018A7PS0261G,2018,475
2009A1PS0892G,2009,255
2022A3TS0705G,2022,663
2009B4PS0540G,2009,266
2020AAPS0252H,2020,579
2010B2TS0055H,2010,297
2014A3PS0343H,2014,385
2007B4TS0329G,2007,199
2009AATS0725G,2009,272
2016B2PS0242P,2016,425
2023A8PS0293P,2023,707
2019A7TS0206G,2019,503
2022B5TS0762G,2022,672
2014A3PS0728H,2014,376
2006B2PS0526G,2006,157
2011B3PS0796G,2011,311
2008B3TS0519P,2008,234
2014A8PS0099H,2014,394
2023B1PS0962G,2023,728
2023A3TS0889P,2023,730
2020A8TS0674P,2020,566
2024B2PS0973P,2024,809
2006A1TS0190H,2006,172
2013AAPS0040H,2013,365
2014A4PS0399P,2014,384
2010AAPS0705P,2010,294
2017A7TS0643P,2017,469
2020B5PS0642P,2020,553
2022AATS0250H,2022,658
2011A1TS0305H,2011,318
2023B2TS0193H,2023,714
2010AAPS0648G,2010,297
2008B5PS0843P,2008,249
2014B5TS0119G,2014,375
2021B1TS0085H,2021,641
2023B5TS0744H,2023,731
2015A7PS0653P,2015,422
2014AAPS0481H,2014,379
2004A1TS0947G,2004,101
2023B3PS0632P,2023,702
2019A1TS0317G,2019,546
2011A3TS0870H,2011,307
2007B3PS0068G,2007,199
2005B1TS0435G,2005,133
2009B2PS0367P,2009,254
2023A3TS0830P,2023,722
2010B4PS0949P,2010,299
2015A1TS0152P,2015,414
2020B4PS0508H,2020,571
2014B4PS0108H,2014,383
2015B5PS0279P,2015,408
2006B2PS0896G,2006,151
2011A4TS0058P,2011,308
2023B5PS0590G,2023,711
2009B2PS0885H,2009,261
2020B2TS0047P,2020,557
2006A1PS0188G,2006,165
2010A3TS0304G,2010,294
2018B5PS0257H,2018,497
2015A7TS0645G,2015,406
2010B2PS0601G,2010,283
2015A3TS0682H,2015,420
2007B4TS0847H,2007,177
2011A4TS0859P,2011,306
2019A4TS0951G,2019,549
2017A7TS0210P,2017,458
2008A7TS0555H,2008,239
2007B4TS0503P,2007,181
2021AATS0874P,2021,640
2007B2PS0588H,2007,175
2021B2TS0647G,2021,632
2012AATS0408P,2012,340
2009B3TS0363P,2009,262
2022B5TS0052H,2022,691
2016A4TS0014P,2016,428
2016A8PS0650P,2016,433
2024A7TS0956G,2024,767
2015A7PS0411G,2015,414
2007A7PS0126G,2007,186
2019B1TS0704H,2019,523
2014B5PS0820P,2014,382
2010A8TS0538G,2010,277
2009A1PS0335H,2009,261
2012B3PS0257G,2012,331
2014A8PS0249P,2014,383
2011B1PS0915G,2011,304
2018B1PS0120G,2018,491
2004B1PS0694H,2004,122
2005A4TS0803H,2005,140
2017A7PS0702G,2017,452
2006B1PS0529G,2006,151
2013B2TS0808P,2013,356
2013A3PS0759P,2013,363
2007A4PS0567H,2007,186
2007B2TS0858G,2007,178
2008B5TS0787G,2008,231
2016B2PS0895P,2016,429
2018B4PS0843P,2018,487
2015A4PS0217P,2015,410
2021AAPS0114H,2021,621
2006AAPS0806G,2006,168
2012B5PS0862H,2012,342
2022A4TS0017P,2022,658
2018A7PS0045H,2018,495
2005B1TS0968P,2005,131
2012B1PS0576G,2012,333
2013AAPS0519G,2013,359
2007B5TS0724P,2007,186
2021A3TS0662H,2021,631
2015AATS0211G,2015,424
2020A8PS0643P,2020,580
2015B2TS0761H,2015,406
2021A1PS0497P,2021,638
2023A7TS0542H,2023,735
2008A4PS0222H,2008,246
2021B5PS0225P,2021,604
2015A3TS0589P,2015,403
2012A1TS0402P,2012,334
2012B3TS0269P,2012,335
2006A7TS0943G,2006,173
2024B4PS0581G,2024,802
2020A7TS0269P,2020,571
2013A1TS0984P,2013,356
2008A3PS0712G,2008,226
2023B3PS0815H,2023,712
2024A4PS0095P,2024,801
2023B1PS0362P,2023,737
2015A8PS0818H,2015,417
2010A8TS0927G,2010,285
2012A3TS0776H,2012,335
2011A4TS0081H,2011,308
2005A1TS0926H,2005,146
2008A1PS0337P,2008,230
2006A8PS0092H,2006,160
2013B1TS0246G,2013,357
2012B2TS0167H,2012,340
2024B3PS0872H,2024,809
2017B1PS0799G,2017,454
2016B3TS0739H,2016,434
2007B1TS0266H,2007,199
2015A1PS0226G,2015,420
2022A3TS0966G,2022,699
2013A4TS0917H,2013,356
2014A8PS0875G,2014,394
2021A3TS0488G,2021,605
2013AAPS0766G,2013,351
2011A1PS0522G,2011,310
2010B4PS0288H,2010,292
2010A1PS0769P,2010,283
2007B1TS0383P,2007,187
2012B5TS0627H,2012,334
2010A4PS0327H,2010,283
2016AATS0427P,2016,430
2017B1PS0635G,2017,460
2013B2PS0932P,2013,371
2011B3PS0007P,2011,309
2009B2PS0415P,2009,252
2022B3PS0248H,2022,697
2019A7TS0346P,2019,505
2009A7PS0641H,2009,260
2010B5TS0434H,2010,297
2008A7PS0236P,2008,246
2023A4PS0515H,2023,738
2011AAPS0456P,2011,308
2013B1PS0082P,2013,352
2007A3TS0325G,2007,183
2022A1PS0583H,2022,681
2015A7PS0586G,2015,411
2017A4PS0476G,2017,459
2023A1PS0041H,2023,712
2015B2PS0785P,2015,415
2004A1TS0546G,2004,109
2012A1PS0009H,2012,332
2005AATS0963H,2005,128
2008A4TS0074P,2008,225
2006B2PS0122H,2006,167
2016B2PS0508P,2016,445
2019B5TS0277P,2019,502
2022A4TS0194H,2022,686
2017AAPS0721G,2017,463
2020A8TS0863H,2020,565
2010A7PS0114H,2010,278
2005A4TS0127G,2005,136
2016A7TS0594G,2016,448
2020A3TS0416H,2020,571
2010AAPS0061G,2010,292
2007B3PS0064H,2007,190
2019A7PS0630G,2019,508
2023A8PS0759G,2023,739
2017B1PS0942P,2017,474
2007A3PS0520H,2007,198
2005B2TS0926H,2005,149
2007A8TS0505P,2007,183
2017A3PS0132G,2017,461
2015A1TS0434H,2015,403
2020A8PS0905H,2020,582
2013A1PS0544H,2013,362
2006AAPS0393H,2006,172
2016A3PS0654P,2016,449
2005A4PS0396G,2005,144
2018A8TS0577G,2018,475
2006B4TS0788P,2006,154
2016B1PS0296P,2016,438
2018A4TS0490G,2018,479
2011B2TS0462P,2011,321
2004B4TS0237H,2004,115
2005B1TS0702H,2005,133
2004A3PS0858P,2004,124
2014A8PS0634H,2014,384
2005B4TS0829G,2005,143
2009A3TS0166P,2009,254
2012B1TS0667H,2012,346
2013A3TS0927P,2013,355
2022A7PS0049P,2022,683
2010A3TS0377P,2010,283
2006AATS0703G,2006,171
2006A3PS0674G,2006,161
2004B3TS0830P,2004,106
2018A1TS0330G,2018,495
2022A4TS0070H,2022,691
2004B2PS0645H,2004,112
2019A1TS0548G,2019,534
2019B3PS0484H,2019,531
2014A7TS0972H,2014,375
2008A1PS0689P,2008,248
2017A1TS0604G,2017,467
2017AAPS0149G,2017,462
2009B5TS0527H,2009,250
2016B3PS0149P,2016,440
2024A4TS0146G,2024,841
2004B5PS0061H,2004,108
2007AAPS0916H,2007,199
2015A8TS0243P,2015,400
2004B3PS0813P,2004,113
2014A1PS0188H,2014,390
2018A7TS0166H,2018,499
2017A4TS0414P,2017,471
2013A7PS0695G,2013,366
2023A3TS0420G,2023,716
2005AATS0130G,2005,147
2007A8PS0058G,2007,188
2019A8TS0642P,2019,525
2010AAPS0936H,2010,289
2022B5TS0659P,2022,676
2018B1PS0726P,2018,495
2010A8TS0205H,2010,289
2022B2PS0822G,2022,698
2015B3PS0591G,2015,415
2023A3TS0696P,2023,703
2013A3TS0054P,2013,353
2009B5TS0546G,2009,268
2022A7TS0860P,2022,660
2011A4TS0341H,2011,304
2023A3TS0561P,2023,746
2013AATS0325H,2013,372
2011A1PS0536H,2011,300
2015A7PS0278G,2015,424
2018B4TS0673P,2018,499
2009AATS0561H,2009,252
2021B3PS0865P,2021,612
2014B1PS0125G,2014,390
2012A8TS0098H,2012,337
2019B3TS0383P,2019,530
2013B1PS0664P,2013,374
2019A7PS0284P,2019,501
2013B1PS0696H,2013,374
2021A7PS0384H,2021,639
2023A8PS0459G,2023,707
2017A3PS0107G,2017,454
2005A3PS0198G,2005,141
2014B5TS0353H,2014,380
2023AATS0060P,2023,709
2008B1TS0374H,2008,237
2013A3TS0666P,2013,365
2012A4PS0019G,2012,325
2011A8PS0576P,2011,307
2024AATS0047P,2024,789
2014A3TS0960H,2014,377
2016B1TS0907H,2016,435
2022B5PS0286G,2022,676
2010B4TS0066P,2010,295
2020A3PS0468H,2020,573
2023AATS0110P,2023,710
2015B3TS0845P,2015,413
2007B5TS0032G,2007,178
2020B1TS0692P,2020,592
2022B3PS0775P,2022,692
2013B3PS0322G,2013,364
2017B5PS0497H,2017,459
2009B3PS0911G,2009,271
2024B1PS0443P,2024,815
2021A7PS0587G,2021,637
2020B2PS0788H,2020,560
2021B1PS0138H,2021,613
2021B4PS0498G,2021,628
2015A4PS0272P,2015,420
2011A1TS0669P,2011,301
2024A8PS0182P,2024,821
2024A4PS0845G,2024,789
2018B2PS0469P,2018,493
2010A8PS0639G,2010,276
2023B2PS0793G,2023,727
2013B5TS0416G,2013,355
2015A7PS0058H,2015,402
2021B5PS0615H,2021,619
2011B2PS0510P,2011,307
2016A3PS0100P,2016,447
2022A4TS0447G,2022,695
2014B4TS0580P,2014,388
2016A1TS0174H,2016,429
2010A4PS0671P,2010,295
2016A7PS0707H,2016,433
2020B1PS0620P,2020,576
2019A3PS0118G,2019,545
2011B3PS0758G,2011,319
2009A3TS0239H,2009,264
2006B2PS0700P,2006,157
2013A4TS0540G,2013,371
2021AATS0379H,2021,617
2011B2TS0256H,2011,319
2019A4TS0515P,2019,541
2021B1TS0531H,2021,608
2014A1PS0483H,2014,377
2016A4PS0970P,2016,437
2018B4PS0739H,2018,496
2007B5TS0426G,2007,195
2005A3PS0898P,2005,138
2015A3PS0759P,2015,410
2010B5TS0870H,2010,281
2015B2PS0019H,2015,417
2021B4PS0580G,2021,642
2023B4TS0999G,2023,746
2024B1TS0283P,2024,771
2021B5PS0963H,2021,641
2014A7PS0225P,2014,399
2012A7TS0499G,2012,331
2015AAPS0415H,2015,420
2017A1TS0835H,2017,472
2018B3TS0795G,2018,484
2022A1TS0972G,2022,676
2009B2TS0366G,2009,257
2010A1TS0823H,2010,293
2007AAPS0475P,2007,178
2015A7TS0632H,2015,404
2013B1PS0922G,2013,370
2023B4TS0429G,2023,738
2023B3PS0856G,2023,709
2023A7PS0759P,2023,715
2005B2PS0438P,2005,135
2010B5TS0237G,2010,297
2011B3TS0804H,2011,323
2012A1PS0845P,2012,332
2014B5TS0042H,2014,382
2020B2PS0619H,2020,591
2020A3TS0717P,2020,594
2014B5PS0584G,2014,396
2012A3PS0143G,2012,347
2017A8PS0532H,2017,473
2018A3PS0978G,2018,489
2008B3TS0745P,2008,230
2023A4TS0433H,2023,700
2005A8PS0885G,2005,137
2010AATS0394G,2010,293
2004A8PS0111G,2004,123
2021B3PS0205G,2021,631
2009B3TS0139G,2009,272
2021A3PS0510H,2021,613
2018A4PS0398G,2018,499
2004A1PS0166P,2004,104
2004B5PS0723G,2004,111
2017B5TS0654H,2017,455
2016AATS0195P,2016,425
2024A4PS0106P,2024,832
2015A1TS0253G,2015,405
2019B4PS0191G,2019,544
2021A3TS0049P,2021,610
2011A8PS0545P,2011,316
2008B2PS0179G,2008,238
2007A8TS0866G,2007,188
2015B3TS0538P,2015,405
2015A7TS0616G,2015,423
2011A3PS0283P,2011,308
2010A8PS0443P,2010,299
2023A8PS0266P,2023,741
2010A1TS0482H,2010,297
2004AATS0537P,2004,103
2005B1PS0857P,2005,139
2006B2PS0401P,2006,153
2020B2TS0207P,2020,550
2022A7PS0934H,2022,653
2009A3PS0505P,2009,266
2016B5PS0120H,2016,432
2023A8PS0290G,2023,712
2007B4TS0065P,2007,188
2019B5TS0618G,2019,504
2015B3TS0762H,2015,423
2005A4TS0787H,2005,144
2009A3PS0223G,2009,256
2006B2TS0743H,2006,174
2006A3PS0057P,2006,169
2021A8TS0621P,2021,634
2012B3PS0788G,2012,346
2004B5TS0040H,2004,101
2024A1TS0590H,2024,846
2019A4TS0325H,2019,516
2019B1PS0561G,2019,503
2013B1TS0772G,2013,355
2018B3TS0558H,2018,483
2013B4TS0395P,2013,351
2011B2TS0008H,2011,322
2004A4TS0354H,2004,112
2023B2PS0533H,2023,730
2008A8PS0598H,2008,230
2011B3TS0474G,2011,308
2022AATS0983H,2022,677
2021A8TS0193P,2021,645
2012B2PS0827H,2012,339
2018A3TS0125G,2018,491
2014B4TS0008P,2014,393
2021A3PS0566H,2021,621
2016A1PS0466G,2016,428
2006B4PS0971G,2006,158
2021A4PS0626H,2021,648
2012A1PS0287G,2012,346
2012A4PS0925G,2012,345
2017B2TS0966H,2017,465
2016A7TS0704H,2016,431
2007A7TS0210P,2007,198
2016B4TS0945G,2016,425
2018A8TS0828P,2018,481
2024B4PS0707P,2024,783
2004A7PS0176G,2004,108
2011AAPS0772P,2011,313
2020AAPS0822G,2020,567
2019A7TS0884G,2019,545
2024A4TS0021G,2024,775
2014AAPS0256G,2014,395
2014A8PS0971P,2014,387
2016A3PS0569G,2016,428
2020A8PS0458P,2020,557
2016B4TS0583G,2016,437
2020B1TS0941G,2020,569
2023AATS0589G,2023,722
2006A3TS0468H,2006,159
2012A7PS0225G,2012,333
2006A7TS0013G,2006,156
2016B2TS0313P,2016,444
2014B4TS0009P,2014,393
2016A3PS0402P,2016,431
2005A3TS0974P,2005,134
2024A1PS0982H,2024,833
2007A8PS0952G,2007,198
2005A7TS0379P,2005,125
2022A1TS0519P,2022,669
2022B1TS0623P,2022,683
2014A7PS0963H,2014,391
2021AATS0975P,2021,617
2006A8TS0084P,2006,168
2007B3TS0826H,2007,198
2016A8PS0089G,2016,431
2007A8TS0973G,2007,193
2022A8TS0520G,2022,653
2007B2TS0533H,2007,199
2013A4PS0785G,2013,354
2011B1PS0294P,2011,318
2014B3TS0315G,2014,380
2024A4PS0537G,2024,795
2008A7TS0099G,2008,238
2010B1TS0994G,2010,286
2011B2TS0348H,2011,321
2021A3TS0210P,2021,612
2013AAPS0416P,2013,351
2005A3TS0874H,2005,127
2006A3TS0915H,2006,165
2006B4PS0142G,2006,170
2023B5TS0622H,2023,749
2018A7PS0526H,2018,482
2010A3PS0594G,2010,281
2017B3TS0528P,2017,455
2004B1PS0916H,2004,106
2013A8TS0994H,2013,350
2007B2TS0480G,2007,178
2014B5TS0909G,2014,380
2024A4TS0241P,2024,849
2014A1TS0371H,2014,376
2023B3TS0638H,2023,742
2007AATS0478G,2007,190
2019B5TS0141H,2019,537
2007A4TS0100G,2007,194
2017A1TS0078G,2017,469
2018B4TS0883P,2018,475
2009B1PS0654P,2009,262
2018A7TS0456H,2018,499
2018B3PS0175G,2018,497
2020AAPS0573G,2020,578
2015A8PS0074G,2015,407
2013A3PS0576P,2013,369
2017B4TS0007G,2017,468
2004A8TS0114H,2004,101
2006B3TS0305H,2006,170
2023A8PS0103P,2023,713
2007B4PS0157P,2007,193
2017B2TS0915H,2017,459
2011B2TS0116P,2011,300
2019B5TS0004H,2019,545
2015B1TS0446P,2015,402
2007AAPS0763P,2007,179
2008A1PS0675H,2008,247
2014B4TS0893G,2014,397
2008B1PS0925H,2008,242
2009A7TS0097H,2009,267
2004B2TS0183G,2004,108
2013A1TS0771H,2013,359
2016B3PS0266H,2016,427
2017B5TS0947H,2017,472
2011B2TS0158G,2011,303
2012B4TS0829P,2012,338
2010A1TS0408G,2010,279
2020A7TS0068G,2020,582
2005A1TS0163P,2005,126
2019A3TS0434G,2019,511
2017A3PS0578P,2017,474
2020A1PS0971G,2020,568
2007B2TS0300G,2007,189
2004B5PS0431P,2004,110
2013A8PS0099G,2013,362
2004A8PS0572P,2004,109
2007A8TS0037P,2007,198
2013A4PS0172P,2013,357
2015B3TS0379P,2015,418
2015B3TS0469H,2015,404
2004B2TS0067P,2004,113
2011AATS0925P,2011,323
2016AAPS0421H,2016,440
2005B4TS0509H,2005,142
2006B4PS0092P,2006,168
2020AATS0989G,2020,563
2007B3TS0717H,2007,190
2010A3PS0830H,2010,295
2023A1PS0342H,2023,708
2020B3TS0390P,2020,590
2004B4PS0963P,2004,116
2019A8TS0608G,2019,549
2007B1TS0497P,2007,185
2014AAPS0999P,2014,376
2022B3PS0236P,2022,668
2004B1TS0609H,2004,107
2017A7PS0285H,2017,460
2017A1TS0147P,2017,474
2011AATS0132P,2011,318
2023A7TS0887P,2023,730
2010B5TS0408P,2010,296
2005B2TS0620G,2005,127
2024AAPS0734H,2024,840
2013A3PS0396H,2013,370
2017A4TS0515P,2017,465
2018A8PS0239P,2018,486
2008A1TS0830P,2008,246
2012B5PS0384P,2012,335
2004B5PS0870P,2004,100
2022AATS0671G,2022,693
2020A1PS0048G,2020,573
2018B1TS0701G,2018,480
2012A3TS0001H,2012,338
2008A1PS0434H,2008,248
2012B1TS0370P,2012,336
2006A1TS0010H,2006,163
2004B3PS0656G,2004,105
2014B2TS0270G,2014,385
2011B2TS0664P,2011,320
2016AAPS0222P,2016,432
2013B5TS0899P,2013,354
2023A1PS0194G,2023,719
2021A7PS0157G,2021,625
2007B5TS0783G,2007,189
2011AAPS0496P,2011,307
2004A3TS0925H,2004,122
2019A4TS0847P,2019,503
2011A7PS0480G,2011,300
2014B1PS0007G,2014,384
2013A1TS0162P,2013,351
2020A4TS0888H,2020,553
2004AAPS0211P,2004,116
2019A8TS0368P,2019,504
2012A4TS0530H,2012,328
2022B2TS0706P,2022,650
2014A1TS0415G,2014,399
2011A4TS0689H,2011,303
2010A7TS0867P,2010,290
2020A1PS0217G,2020,558
2006A7TS0602H,2006,164
2011B1TS0616H,2011,320
2024B2PS0306P,2024,814
2017A7PS0564P,2017,462
2006AATS0409G,2006,164
2006B1TS0715P,2006,172
2024A4PS0583P,2024,777
2024AAPS0549G,2024,767
2010A4TS0235P,2010,290
2018A1PS0012G,2018,479
2011A8TS0764H,2011,304
2019B5TS0241P,2019,512
2014A4PS0636G,2014,384
2014A3PS0301H,2014,390
2022B4TS0356P,2022,660
2012AAPS0684H,2012,333
2012B2PS0069H,2012,336
2010AAPS0877P,2010,283
2006A1PS0654P,2006,165
2016B2PS0597G,2016,440
2005B1TS0415P,2005,130
2024A3PS0038G,2024,814
2024A4PS0037H,2024,805
2009B2PS0025H,2009,267
2013A8PS0406P,2013,368
2019B1PS0609G,2019,520
2004B4TS0867G,2004,100
2020B5TS0779G,2020,570
2008A7TS0101H,2008,245
2015B2PS0632G,2015,413
2021B3PS0243G,2021,610
2012A3TS0818G,2012,330
2010A4PS0974G,2010,286
2005A1PS0999G,2005,138
2022A4PS0948G,2022,653
2005A7PS0095P,2005,125
2020B3TS0040P,2020,578
2021AAPS0481P,2021,622
2009B5TS0154G,2009,267
2023A8PS0189H,2023,731
2021B4TS0115G,2021,600
2022A8TS0332P,2022,660
2023AAPS0724H,2023,733
2013B5TS0191H,2013,358
2019B3TS0474H,2019,511
2004A8PS0380G,2004,102
2012B1TS0645G,2012,332
2018A8PS0536G,2018,490
2004A7PS0957P,2004,116
2005B2TS0762G,2005,129
2022B5TS0313P,2022,688
2013A7PS0295P,2013,352
2018A7TS0383P,2018,491
2004B3PS0942G,2004,112
2012B1PS0141G,2012,348
2019A1TS0861G,2019,502
2024A4TS0100P,2024,790
2013B4PS0727G,2013,360
2015B3TS0044H,2015,417
2023A7PS0725H,2023,707
2019A8PS0676H,2019,546
2016B1TS0811H,2016,426
2012B1TS0824G,2012,328
2016B5PS0548G,2016,433
2017AAPS0872G,2017,452
2017A1TS0629G,2017,454
2005B3PS0029H,2005,147
2021A1PS0347G,2021,640
2013B5TS0173P,2013,352
2006B5PS0323P,2006,169
2017B3TS0789G,2017,455
2021A4TS0158P,2021,608
2009A1PS0981P,2009,257
2012B1PS0572P,2012,325
2009B4PS0333H,2009,264
2019B2PS0883H,2019,532
2023B1TS0561P,2023,706
2005A8TS0126G,2005,128
2015A1PS0026G,2015,408
2006A8TS0194H,2006,158
2020A8PS0992H,2020,554
2014A8TS0934G,2014,386
2016A7PS0368H,2016,438
2021A4PS0986P,2021,620
2019B3PS0226P,2019,530
2012A7TS0091G,2012,344
2024B1TS0083H,2024,783
2010B3TS0308P,2010,280
2012B2TS0338H,2012,345
2009B5PS0715G,2009,251
2006A1PS0062P,2006,155
2008B3PS0920P,2008,245
2013B2PS0934P,2013,371
2010A1TS0310G,2010,283
2024AAPS0048G,2024,753
2024B2PS0505G,2024,794
2005B3PS0736G,2005,137
2006B5TS0274P,2006,154
2014B3PS0096P,2014,376
2021A1TS0557H,2021,620
2010B5TS0841G,2010,286
2023B2TS0253P,2023,703
2009B5PS0441H,2009,259
2024A7PS0488G,2024,844
2010B5PS0883P,2010,278
2013A7PS0572H,2013,362
2019B5TS0023P,2019,507
2010B5PS0393P,2010,298
2010AAPS0745G,2010,282
2008A3PS0449H,2008,247
2011B1TS0251P,2011,316
2007AAPS0710G,2007,176
2020B2TS0520P,2020,562
2015A1PS0363G,2015,400
2009B2TS0784G,2009,271
2024A1PS0635G,2024,828
2011B4TS0097G,2011,302
2017A3PS0306P,2017,473
2014A7TS0844P,2014,383
2017B2PS0568G,2017,454
2006B2PS0183H,2006,158
2021B2PS0199P,2021,603
2013B5TS0111P,2013,352
2005B5PS0706H,2005,146
2017AATS0148P,2017,455
2018A7PS0911P,2018,482
2012B5PS0081H,2012,348
2022B1TS0623G,2022,681
2009AAPS0393H,2009,252
2018A1TS0351H,2018,475
2013A8TS0703H,2013,369
2005A7TS0542H,2005,129
2011A3TS0409H,2011,303
2015A7TS0947P,2015,416
2004B5PS0123H,2004,100
2006A8PS0891G,2006,163
2023A8TS0624P,2023,738
2006A3TS0272P,2006,155
2010B5TS0914P,2010,286
2011A1PS0022H,2011,304
2023A1TS0214G,2023,715
2020A4TS0738P,2020,577
2012A8PS0155P,2012,346
2011B4PS0668G,2011,318
2018B2TS0416H,2018,476
2011AAPS0161G,2011,319
2021B3TS0187G,2021,607
2013A4PS0481P,2013,368
2005A8PS0062P,2005,147
2006A8PS0696G,2006,157
2019A4PS0564P,2019,503
2004A3PS0509H,2004,114
2016B3TS0030P,2016,437
2009A4PS0397H,2009,274
2015B2TS0575G,2015,419
2007A4PS0476P,2007,197
2007B1PS0070G,2007,183
2006B4TS0621H,2006,162
2014B3PS0548H,2014,386
2017A4PS0906P,2017,450
2017B5PS0777H,2017,465
2012B4TS0319P,2012,338
2011B3TS0878P,2011,308
2014B4TS0253G,2014,375
2004B2PS0293G,2004,119
2006B3PS0397P,2006,153
2007B3PS0753G,2007,188
2019A8PS0440P,2019,547
2011B4TS0608G,2011,309
2018B5TS0980P,2018,486
2023B5PS0421G,2023,746
2015B1TS0696G,2015,414
2017B5PS0938P,2017,453
2018A3TS0220P,2018,479
2011A7TS0683P,2011,318
2022A7PS0702H,2022,683
2024A8PS0684G,2024,780
2023B4TS0942H,2023,738
2006B5PS0179G,2006,166
2010AATS0878G,2010,283
2008B3TS0418G,2008,244
2023B4TS0737H,2023,715
2006B5PS0228G,2006,163
2018B5TS0021H,2018,489
2016B4PS0895P,2016,439
2014AATS0644G,2014,381
2023B4TS0504P,2023,701
2017B3PS0660P,2017,459
2012A3TS0101G,2012,344
2018A8TS0777H,2018,490
2009B2PS0690H,2009,255
2024A4PS0110G,2024,750
2021B5TS0250P,2021,605
2006B4PS0920P,2006,152
2022A4TS0693P,2022,697
2023B1PS0420G,2023,729
2011B5TS0721G,2011,301
2007A7TS0858G,2007,199
2015A3PS0078H,2015,416
2017B5TS0927H,2017,457
2014A8TS0474H,2014,382
2023AAPS0583P,2023,738
2015B3PS0841G,2015,417
2022B3PS0888G,2022,682
2015A1TS0271G,2015,417
2005A4PS0638H,2005,135
2013B2TS0778G,2013,354
2022A8TS0738G,2022,659
2017A7PS0615G,2017,450
2010B1PS0386G,2010,287
2016A7PS0629H,2016,428
2015B1PS0656G,2015,423
2016A7PS0536G,2016,447
2012B2TS0076G,2012,332
2016B2PS0150P,2016,433
2018B3PS0570H,2018,480
2008A4PS0736G,2008,241
2016A3TS0903P,2016,426
2024A8PS0619G,2024,804
2007A8PS0782H,2007,192
2009B2PS0476H,2009,267
2007AAPS0541G,2007,179
2021AAPS0680P,2021,621
2016AAPS0099P,2016,449
2016B3TS0760G,2016,446
2016A7PS0980H,2016,437
2019A4PS0016P,2019,523
2014A1TS0384P,2014,391
2013A7PS0176G,2013,352
2022A7TS0256H,2022,664
2013AATS0383H,2013,359
2013A3TS0389G,2013,365
2016B5PS0658P,2016,436
2014A7TS0217H,2014,375
2022B2TS0367G,2022,672
2007A1TS0738H,2007,183
2023A7TS0387H,2023,718
2020B3TS0617H,2020,587
2021B1TS0816P,2021,633
2016A4TS0511G,2016,441
2013A8TS0825H,2013,368
2020AATS0277P,2020,553
2005B5PS0300P,2005,129
2016B5PS0205P,2016,434
2006A7TS0219P,2006,152
2018B1PS0487P,2018,494
2004B5TS0405H,2004,107
2022A4PS0130P,2022,669
2020A1TS0200H,2020,583
2017B2PS0298H,2017,454
2016B3TS0632H,2016,432
2015B5PS0570G,2015,409
2015B4PS0681P,2015,416
2012B4PS0887H,2012,338
2020A1TS0506G,2020,559
2005AATS0531H,2005,133
2012A7PS0724H,2012,334
2023B3PS0649P,2023,707
2017B2PS0237G,2017,455
2010B3PS0307P,2010,292
2017A1TS0831H,2017,450
2005B2TS0384G,2005,149
2005B1TS0224H,2005,137
2015B1TS0222P,2015,403
2009A8TS0435H,2009,263
2008AATS0075P,2008,249
2009B4TS0119P,2009,265
2014B1PS0412H,2014,388
2008A4PS0168G,2008,235
2009B4TS0059H,2009,270
2008B3TS0648H,2008,242
2010B3PS0370P,2010,279
2013A8TS0540H,2013,359
2014A4PS0218H,2014,393
2019AATS0975G,2019,509
2006B3TS0024G,2006,157
2018B4TS0819P,2018,494
2020A7TS0394P,2020,570
2018A1TS0154G,2018,480
2005B4TS0850H,2005,133
2006B5PS0755H,2006,154
2019A1PS0057P,2019,534
2018B3PS0123H,2018,489
2018A8PS0913G,2018,491
2021A4PS0078P,2021,644
2017B4TS0376P,2017,461
2007A4TS0850H,2007,198
2007A7PS0373G,2007,187
2020A7TS0625P,2020,560
2020A4TS0637P,2020,557
2004AAPS0304P,2004,102
2004B3TS0284P,2004,103
2024B2PS0592G,2024,798
2004B5PS0744G,2004,116
2013B1TS0898G,2013,372
2016B5PS0820P,2016,431
2023B4TS0636P,2023,742
2024AAPS0239G,2024,769
2021A8TS0028G,2021,608
2007B4TS0779G,2007,199
2022A1TS0670H,2022,682
2023A4PS0503G,2023,710
2012B2TS0038P,2012,349
2005A4TS0952H,2005,143
2020A7TS0352G,2020,593
2021A1TS0120P,2021,625
2021B5PS0940P,2021,623
2021AATS0652P,2021,633
2010B3TS0726P,2010,287
2024A1TS0827H,2024,834
2016B4TS0801G,2016,438
2009B2PS0146P,2009,269
2016B1TS0326H,2016,443
2015B4PS0328P,2015,417
2024A1TS0262G,2024,781
2022A1PS0075G,2022,658
2024A1PS0474H,2024,795
2022B5TS0700G,2022,658
2008B3PS0094G,2008,229
2024A3PS0703G,2024,795
2010A8TS0453G,2010,288
2004A3PS0303H,2004,121
2010B4PS0728G,2010,282
2018A4PS0707H,2018,481
2007AAPS0977G,2007,188
2013A3TS0347G,2013,358
2011B4TS0450G,2011,303
2017A8TS0546P,2017,452
2019A3TS0691G,2019,533
2017B4TS0012P,2017,459
2011A8PS0992P,2011,304
2016B2PS0937H,2016,432
2008A3PS0258H,2008,225
2004A8TS0092H,2004,102
2008B5TS0389P,2008,243
2009B4PS0268P,2009,255
2012B1TS0379P,2012,328
2016A8PS0317H,2016,438
2011A7TS0417P,2011,307
2019B5PS0468H,2019,502
2007B3PS0080G,2007,194
2012A3TS0788H,2012,339
2009B3TS0719G,2009,268
2019B4TS0526P,2019,503
2020B2TS0137H,2020,573
2006A4PS0973H,2006,161
2013AAPS0289P,2013,350
2010A4TS0958P,2010,283
2009A4TS0596G,2009,268
2015AAPS0334P,2015,406
2016AATS0787P,2016,446
2024B4PS0236H,2024,768
2019A4TS0587H,2019,502
2007B1PS0325G,2007,196
2013A1PS0337H,2013,371
2007A8PS0383G,2007,183
2014A7TS0836P,2014,376
2016B4PS0354H,2016,442
2022A7TS0424G,2022,683
2022A7PS0674P,2022,696
2006A7PS0784P,2006,161
2004B1TS0060P,2004,106
2009B1TS0764H,2009,253
2010B5PS0290P,2010,287
2018B2TS0076G,2018,497
2010A8TS0520H,2010,291
2010B3TS0373G,2010,291
2007B2TS0656G,2007,198
2023B2PS0988P,2023,700
2011A1TS0643G,2011,323
2008B5PS0011H,2008,230
2021B1TS0679G,2021,634
2022B3TS0808G,2022,686
2023AATS0923P,2023,725
2011A3TS0722H,2011,322
2018A3TS0089P,2018,496
2011A8TS0187G,2011,309
2012A8TS0965P,2012,341
2004A3TS0512H,2004,114
2018B5PS0474G,2018,498
2015B1TS0658H,2015,424
2006A8PS0928P,2006,154
2007B2PS0817H,2007,194
2006B4PS0707G,2006,166
2007A7TS0832G,2007,187
2019B5PS0508H,2019,548
2015B3PS0999G,2015,420
2014A8PS0457P,2014,387
2021A8PS0952H,2021,605
2024B3TS0350P,2024,834
2015B1TS0436H,2015,424
2004B4PS0047G,2004,110
2010B5PS0020P,2010,286
2004A7TS0473G,2004,119
2004B5PS0104G,2004,124
2014B3TS0226P,2014,397
2016B2TS0650G,2016,444
2011B4PS0844P,2011,308
2019A1TS0623H,2019,513
2008B1TS0591H,2008,227
2022A1TS0554G,2022,658
2007AATS0400G,2007,187
2006A7PS0465P,2006,168
2006B5TS0373G,2006,152
2009B1TS0638P,2009,250
2017B2PS0053G,2017,452
2015B4PS0070G,2015,421
2020A8TS0348H,2020,585
2009A4TS0410H,2009,263
2004B3PS0472P,2004,121
2018A4PS0474G,2018,478
2009B2TS0621H,2009,261
2013B3PS0270P,2013,361
2024B3TS0674P,2024,782
2015B2TS0409G,2015,412
2016A3PS0970P,2016,430
2013A1PS0141H,2013,353
2006B4PS0738H,2006,165
2024A8TS0943P,2024,837
2004A4PS0091G,2004,105
2017B5PS0361H,2017,453
2008A4TS0834H,2008,245
2019A4PS0643H,2019,516
2023B5TS0185H,2023,714
2007B3TS0578H,2007,197
2010AATS0869G,2010,287
2005B1PS0817P,2005,147
2019B3PS0360G,2019,506
2024B4PS0450P,2024,802
2018AATS0560G,2018,485
2006A8TS0362H,2006,152
2024A3TS0353H,2024,849
2022B3PS0616H,2022,655
2014A4PS0432G,2014,392
2021A1PS0103G,2021,625
2004AAPS0914G,2004,101
2024A1TS0124P,2024,801
2006A1PS0679G,2006,163
2020AAPS0786P,2020,573
2008A3TS0881P,2008,239
2007A4TS0963H,2007,190
2013B5PS0093G,2013,358
2023AATS0702H,2023,743
2011B5PS0320P,2011,323
2010A8PS0008G,2010,278
2010B2PS0979P,2010,279
2021B3TS0597H,2021,646
2022B1PS0071P,2022,660
2011B1PS0491H,2011,315
2024B5TS0065G,2024,794
2018A7PS0476H,2018,483
2004B1TS0855P,2004,109
2014B5TS0070P,2014,395
2005A7TS0769H,2005,144
2010A3TS0905G,2010,293
2008B3TS0089G,2008,235
2009A8PS0477P,2009,256
2024B4PS0640G,2024,820
2008B5PS0047H,2008,240
2020B1TS0894P,2020,599
2011AATS0369G,2011,306
2019B4TS0002P,2019,515
2013A1PS0690G,2013,362
2017A7TS0116G,2017,461
2010AAPS0884P,2010,294
2007A4PS0524G,2007,190
2022A8PS0267P,2022,698
2024A4TS0620G,2024,780
2019A1PS0095G,2019,544
2017B2PS0237P,2017,461
2020A8TS0383H,2020,583
2023A7PS0166P,2023,703
2022A7TS0139G,2022,659
2021A7TS0383G,2021,635
2006A3TS0437H,2006,167
2020B3PS0903H,2020,596
2019AAPS0292P,2019,522
2021A1TS0554P,2021,641
2021B1PS0236G,2021,639
2005B3TS0360P,2005,131
2017A8PS0772P,2017,458
2018B4TS0383P,2018,484
2024A4TS0028H,2024,763
2018B3TS0506G,2018,481
2017B4PS0096G,2017,463
2009B1TS0229P,2009,272
2010B4PS0512G,2010,291
2015A7PS0324P,2015,410
2004B2TS0851P,2004,113
2022B4TS0033P,2022,694
2023A3PS0740P,2023,732
2007A3TS0296P,2007,196
2014A7PS0318G,2014,394
2007B1PS0577G,2007,195
2022A4TS0901P,2022,665
2023B1TS0465G,2023,705
2014B4TS0153G,2014,393
2014B5PS0049G,2014,394
2022A4PS0079P,2022,681
2022B1TS0125G,2022,680
2009A3PS0251G,2009,255
2009A8TS0171G,2009,267
2024AATS0333P,2024,800
2023B2TS0499H,2023,736
2008A1TS0083G,2008,237
2021AAPS0808P,2021,633
2017A1TS0507G,2017,453
2019A7PS0105G,2019,506
2011B3PS0297G,2011,308
2006A3TS0802H,2006,152
2010AAPS0031H,2010,290
2010B5PS0584G,2010,278
2004B3PS0097H,2004,108
2020A7TS0509P,2020,568
2007A1TS0583P,2007,176
2013A3PS0532G,2013,367
2017A4TS0191P,2017,462
2009B4TS0915G,2009,273
2005B1TS0932G,2005,125
2019A7PS0132P,2019,511
2023A1PS0713P,2023,741
2017B4PS0106H,2017,467
2015A1PS0376G,2015,414
2020A7PS0818G,2020,586
2023A1TS0075P,2023,738
2011B3TS0700G,2011,319
2014A3TS0646G,2014,377
2014B5PS0075P,2014,379
2022A8PS0706P,2022,699
2004A3PS0798G,2004,101
2004A3PS0442P,2004,111
2015B5TS0902G,2015,411
2016B2PS0046P,2016,443
2015A4PS0050G,2015,414
2023B1TS0356P,2023,722
2006A8TS0681H,2006,160
2022A4TS0522H,2022,673
2005B3PS0113P,2005,132
2005A1TS0369P,2005,142
2013B4TS0263G,2013,358
2016A1TS0650G,2016,448
2005A7TS0469G,2005,133
2022B1TS0263H,2022,688
2011B3TS0399H,2011,303
2024B1TS0527G,2024,794
2019B4TS0425G,2019,535
2019A1TS0293P,2019,510
2009A7PS0395H,2009,258
2005A7TS0721G,2005,139
2006A3TS0559P,2006,159
2005B1TS0543P,2005,143
2019AAPS0360H,2019,524
2017B1TS0952G,2017,466
2022A4TS0251G,2022,683
2020B1PS0125P,2020,583
2020B2TS0739G,2020,590
2009B2PS0915P,2009,255
2012A3PS0618P,2012,332
2024AAPS0527G,2024,795
2005A4TS0073G,2005,146
2015A4PS0393H,2015,421
2015A8TS0193P,2015,419
2006A4PS0640P,2006,166
2006A4TS0656G,2006,169
2023B3PS0562H,2023,743
2020AAPS0215H,2020,574
2013AAPS0453P,2013,361
2018A3PS0253H,2018,477
2024A1TS0520H,2024,782
2010B1TS0709G,2010,289
2006B2TS0394P,2006,160
2005A7TS0570P,2005,141
2017B4PS0334H,2017,450
2014B5TS0318H,2014,389
2015A4PS0827H,2015,418
2011B2PS0051G,2011,309
2020A3PS0672G,2020,565
2023B1PS0954G,2023,713
2014A7PS0340G,2014,395
2011B4TS0455G,2011,318
2006A8TS0982H,2006,159
2009A1PS0001P,2009,262
2017B1TS0507H,2017,462
2016A1PS0573H,2016,443
2004B1PS0377H,2004,115
2021A3TS0277P,2021,621
2012B2PS0322P,2012,340
2012B1TS0445G,2012,349
2017B4PS0464G,2017,474
2019B3PS0499G,2019,546
2024A3PS0981H,2024,817
2021A1TS0156G,2021,638
2020B5TS0032P,2020,568
2022B1PS0392H,2022,675
2017B1TS0372P,2017,461
2014B5PS0973H,2014,398
2020B1PS0241P,2020,567
2005B3PS0454P,2005,138
2011A3PS0356P,2011,312
2008A4PS0576G,2008,244
2014A4PS0637H,2014,377
2018AATS0487G,2018,485
2011A1TS0897H,2011,301
2022A1TS0176G,2022,689
2007A8TS0134H,2007,178
2009B1TS0808H,2009,269
2013A4PS0238H,2013,357
2016A7TS0299H,2016,439
2022B3PS0007H,2022,689
2017A7TS0406H,2017,473
2020B4TS0395P,2020,593
2008B5PS0088P,2008,237
2014B5PS0083H,2014,387
2009A3PS0143G,2009,257
2009B1TS0090G,2009,272
2013B5TS0140P,2013,368
2005A1PS0588P,2005,133
2016A3TS0524P,2016,434
2008B3PS0596P,2008,249
2008AAPS0108H,2008,243
2012A7PS0881H,2012,344
2024AAPS0948G,2024,847
2024A4PS0725H,2024,794
2011B3PS0232G,2011,320
2022A3PS0167H,2022,698
2013A3PS0820H,2013,371
2007A7TS0602H,2007,184
2017B1PS0429P,2017,468
2016B5TS0349G,2016,440
2005B1TS0802G,2005,126
2023B2PS0397H,2023,734
2018A1PS0793P,2018,496
2004A3TS0372G,2004,109
2012B1TS0608P,2012,329
2006A4TS0310P,2006,154
2007A1PS0120H,2007,176
2022B2TS0081G,2022,654
2012A3PS0583P,2012,333
2017B1TS0379P,2017,465
2024B1PS0972P,2024,801
2023B1PS0875G,2023,747
2022A1PS0690G,2022,662
2020B1TS0203P,2020,585
2024AATS0048H,2024,754
2007B2PS0382G,2007,187
2013B4TS0606H,2013,368
2023B3PS0819G,2023,710
2012B3PS0904P,2012,348
2011B5TS0990H,2011,307
2007AAPS0664H,2007,178
2005A8PS0069G,2005,145
2008AAPS0922G,2008,227
2017A4TS0871G,2017,464
2019B2TS0690P,2019,549
2012A1TS0344P,2012,325
2024AATS0663P,2024,822
2016B1TS0669H,2016,443
2004B2PS0246P,2004,108
2018AATS0910G,2018,489
2012A1TS0242G,2012,340
2018B3TS0270H,2018,485
2007AATS0788H,2007,191
2006B2PS0833P,2006,160
2004B5PS0786P,2004,120
2014A3PS0478P,2014,390
2006B1PS0626G,2006,173
2005B3TS0768H,2005,130
2008B5TS0009P,2008,245
2024A4TS0484G,2024,839
2008A1TS0020P,2008,240
2007A1PS0231P,2007,192
2004AATS0330G,2004,116
2009B2PS0529H,2009,250
2005B2PS0962G,2005,141
2022B4PS0630H,2022,660
2024B4TS0581G,2024,788
2004AATS0654G,2004,101
2007A8PS0992P,2007,182
2023A4TS0215H,2023,706
2023B1PS0401G,2023,722
2020B2TS0261G,2020,586
2016B5TS0345H,2016,428
2011A3TS0223P,2011,310
2008AATS0035H,2008,231
2019B4PS0844H,2019,513
2020B1TS0926H,2020,552
2008B3PS0184G,2008,225
2011B1PS0378P,2011,316
2018A7TS0179G,2018,490
2014A7TS0022H,2014,386
2022A8TS0619H,2022,695
2007A4TS0378H,2007,191
2006B4PS0977G,2006,173
2014AATS0382H,2014,399
2007A8PS0289H,2007,194
2012A3PS0822P,2012,342
2006B2PS0128P,2006,173
2004B4TS0971H,2004,100
2023B5PS0279G,2023,730
2021A3TS0533P,2021,633
2020B4TS0659H,2020,562
2004B2TS0034G,2004,116
2006B4TS0188P,2006,161
2010A7PS0863P,2010,290
2015B4PS0284G,2015,416
2019A1PS0022H,2019,510
2009B1PS0223P,2009,269
2017A1PS0072G,2017,453
2017B5PS0125P,2017,468
2024B2PS0656G,2024,832
2020B4TS0535G,2020,591
2005AATS0555P,2005,134
2005AAPS0076P,2005,146
2011B3PS0467H,2011,323
2020AAPS0916H,2020,596
2007A4PS0094P,2007,189
2008AATS0668P,2008,234
2016A3TS0300P,2016,444
2005AAPS0938H,2005,145
2024B3PS0359G,2024,763
2011B1TS0262G,2011,316
2013B1TS0201P,2013,363
2010B3PS0829P,2010,297
2020A8TS0770H,2020,552
2016A1TS0316G,2016,432
2011A1PS0647H,2011,319
2011A7TS0630H,2011,316
2022A4TS0947G,2022,680
2008A1PS0791H,2008,241
2018A3TS0507H,2018,479
2014A3TS0162P,2014,381
2019B1TS0711G,2019,521
2005A7PS0241H,2005,134
2011B3PS0163G,2011,302
2014B4PS0501G,2014,378
2024B5TS0696G,2024,782
2014A3TS0686G,2014,375
2007A4TS0389G,2007,178
2011A4TS0966H,2011,308
2015A3TS0281P,2015,413
2007A7TS0350P,2007,196
2011B2TS0259P,2011,324
2007A3TS0663P,2007,192
2012B5PS0741G,2012,345
2020A7TS0706H,2020,588
2019A1PS0945G,2019,510
2022A7TS0698H,2022,684
2024B3TS0333P,2024,825
2005B2TS0114G,2005,149
2012B1TS0410H,2012,329
2019B2PS0385H,2019,532
2006A7TS0198P,2006,155
2015B5PS0733H,2015,417
2004B1TS0305G,2004,122
2015A7TS0740H,2015,411
2015A1PS0577G,2015,423
2023B2PS0607G,2023,742
2017B2TS0855H,2017,454
2008B1TS0851H,2008,242
2011B2TS0226P,2011,315
2012A1TS0116G,2012,332
2016A7PS0326P,2016,427
2011B3PS0240P,2011,313
2016B5PS0405G,2016,446
2023A3PS0067G,2023,730
2014B2PS0241P,2014,399
2004B2PS0157H,2004,103
2006B2PS0939H,2006,154
2023A7TS0108H,2023,706
2010A1TS0989G,2010,281
2008A1TS0448P,2008,237
2012B4TS0463H,2012,327
2010B5TS0501P,2010,294
2021A8TS0130P,2021,637
2005A3PS0111G,2005,126
2007B1PS0611H,2007,190
2021B2TS0746P,2021,603
2023AAPS0705H,2023,719
2004B3TS0965G,2004,101
2006A4PS0656G,2006,162
2018A4TS0297H,2018,496
2007A7TS0775G,2007,175
2005A3PS0126H,2005,145
2014B4PS0459H,2014,386
2017B1TS0532G,2017,465
2011A7TS0313G,2011,309
2019A1PS0935H,2019,508
2009B4TS0121G,2009,273
2016A7TS0681G,2016,448
2018B3PS0284P,2018,498
2005A8PS0387P,2005,133
2011AATS0106P,2011,321
2006AATS0085P,2006,161
2008A7TS0400G,2008,244
2020A4PS0254H,2020,579
2011A7TS0844H,2011,323
2016AATS0897P,2016,437
2008AAPS0200P,2008,243
2019B3TS0911G,2019,539
2019A1PS0379H,2019,519
2019B5TS0909P,2019,504
2018A8PS0076H,2018,479
2015A8PS0013P,2015,413
2024A8PS0852G,2024,844
2024B4PS0560H,2024,808
2008A1PS0946G,2008,241
2012B4TS0333H,2012,340
2005A3TS0056G,2005,141
2012A4PS0581H,2012,339
2006AATS0451G,2006,167
2022A8TS0723G,2022,671
2014B5TS0748G,2014,394
2020B4PS0713H,2020,592
2015AAPS0912P,2015,423
2012A1PS0606H,2012,336
2024A1PS0917G,2024,775
2005B5PS0168P,2005,144
2006B5PS0154H,2006,164
2008B2PS0573P,2008,249
2015B2TS0833H,2015,422
2021A4TS0600G,2021,638
2024A3TS0303H,2024,844
2023B3PS0121P,2023,742
2004A7TS0816P,2004,114
2006A3PS0339H,2006,155
2021B1TS0133P,2021,640
2021B3TS0488G,2021,603
2023A7TS0864H,2023,729
2022B2TS0457G,2022,655
2022B4TS0311H,2022,684
2006A3TS0581G,2006,163
2017A3TS0988P,2017,455
2009A3TS0475H,2009,269
2013B1PS0215G,2013,364
2006A1TS0804P,2006,170
2015B5PS0496H,2015,418
2016A8TS0041G,2016,439
2015A8PS0658H,2015,415
2020A4PS0328G,2020,574
2007B5TS0971H,2007,184
2020B2PS0397H,2020,561
2018B3TS0935H,2018,492
2006A7TS0430H,2006,162
2006A8PS0723G,2006,162
2005B2TS0961G,2005,141
2004B2PS0017P,2004,112
2019A4PS0420H,2019,505
2012AAPS0078P,2012,335
2020AATS0316G,2020,590
2010A7PS0535P,2010,298
2004B5PS0672H,2004,117
2019B1TS0790H,2019,528
2017B3PS0541P,2017,465
2016A4TS0768P,2016,449
2012A3PS0700G,2012,335
2018A7PS0288G,2018,489
2014A8TS0337G,2014,381
2016A8TS0716P,2016,439
2017A1TS0778G,2017,458
2010B2PS0986P,2010,288
2021A1PS0027P,2021,615
2022A8PS0143G,2022,674
2007B3TS0795G,2007,189
2016A4TS0296G,2016,436
2007A8TS0062H,2007,193
2015B5TS0786P,2015,403
2019A3PS0330G,2019,516
2009B5TS0776P,2009,260
2012A8TS0430H,2012,339
2019A3TS0477H,2019,515
2014B2TS0800H,2014,377
2016B1PS0973P,2016,448
2009B1PS0494H,2009,252
2011B2TS0886G,2011,307
2009B5PS0190G,2009,254
2004A3PS0801P,2004,124
2007A3PS0063P,2007,182
2009B4TS0322P,2009,272
2004A3PS0481G,2004,116
2012A7TS0857H,2012,340
2024A8TS0979P,2024,842
2011A1PS0748G,2011,303
2024B3PS0277H,2024,830
2021A3PS0374P,2021,637
2020B1TS0110H,2020,583
2007A3TS0542P,2007,195
2004A3PS0853H,2004,115
2018A3PS0150G,2018,497
2007AAPS0077H,2007,182
2022B3PS0507P,2022,698
2023B2PS0393P,2023,733
2020A8PS0540P,2020,570
2021B3PS0017G,2021,644
2021B4PS0486P,2021,605
2005B2TS0437G,2005,129
2012A3PS0218P,2012,325
2006AATS0430G,2006,168
2023B4PS0929G,2023,716
2011A7TS0092G,2011,320
2004A3TS0057H,2004,124
2014AAPS0946G,2014,397
2015A7TS0212G,2015,404
2013B2TS0038H,2013,353
2009A4PS0037P,2009,255
2017B2TS0015H,2017,468
2018AATS0966H,2018,499
2022B2TS0759P,2022,658
2011B1PS0109G,2011,307
2009A7TS0340H,2009,258
2008A4TS0501H,2008,233
2020B5PS0615P,2020,557
2024A4TS0505G,2024,805
2015B3PS0527P,2015,422
2009B2TS0033P,2009,273
2016B1TS0082G,2016,425
2019B1PS0930H,2019,526
2017A4PS0349P,2017,461
2016A7PS0421G,2016,438
2012A4TS0400P,2012,340
2015A7TS0776H,2015,409
2022B4PS0569G,2022,654
2023B5PS0003G,2023,706
2020A8PS0905G,2020,592
2013B3TS0017P,2013,360
2021B5TS0155P,2021,642
2017A3PS0187H,2017,471
2007B1PS0245P,2007,189
2020A4PS0421G,2020,589
2010A8PS0129G,2010,285
2008B3TS0227H,2008,240
2011A4PS0277P,2011,324
2010A3TS0512G,2010,294
2004B2TS0981G,2004,124
2007B1TS0692P,2007,176
2019A1TS0074H,2019,535
2012A4PS0578H,2012,327
2018B2TS0693P,2018,477
2019A8PS0450H,2019,515
2012B3TS0584H,2012,340
2020A7PS0635G,2020,578
2014A1PS0859G,2014,384
2009B2TS0744G,2009,264
2019A4PS0004G,2019,503
2007A7TS0876H,2007,195
2006B3TS0697H,2006,162
2014A3TS0406H,2014,399
2008B2TS0409H,2008,248
2024A8TS0159G,2024,803
2014B4TS0927G,2014,383
2009A7TS0844G,2009,263
2013A3TS0559G,2013,372
2011A4TS0277P,2011,319
2016A7PS0564G,2016,438
2013A1TS0623G,2013,355
2009A4PS0803P,2009,265
2006A7PS0035P,2006,159
2014B4TS0214P,2014,393
2006A4TS0668P,2006,160
2018A8TS0534P,2018,495
2015A8PS0128H,2015,405
2019A3PS0374P,2019,520
2016B3TS0224P,2016,442
2010B3PS0828H,2010,278
2022A4PS0494G,2022,693
2008AAPS0259H,2008,243
2011B3PS0259H,2011,304
2020A7PS0288G,2020,552
2005B5TS0579P,2005,145
2022A3TS0585P,2022,699
2007A7PS0866P,2007,181
2011B4PS0519P,2011,322
2008A4TS0040P,2008,242
2014B2TS0029H,2014,397
2004A8TS0003H,2004,121
2009A8TS0940H,2009,262
2004A3TS0205P,2004,102
2010A4PS0195G,2010,289
2006AATS0592H,2006,151
2023B2PS0557P,2023,710
2012A4PS0912G,2012,336
2019B2TS0274P,2019,543
2021A3PS0943P,2021,626
2024B4PS0836G,2024,830
2016B1PS0986G,2016,426
2005B5TS0711H,2005,142
2016A7TS0538G,2016,448
2013B1PS0361P,2013,368
2019B1PS0422P,2019,504
2023B5TS0888P,2023,745
2012B1TS0296P,2012,328
2010B1PS0670H,2010,298
2019AAPS0226P,2019,529
2019A8PS0089H,2019,521
2022B5TS0353H,2022,688
2017A4PS0571H,2017,453
2007B2PS0490P,2007,194
2007B3TS0433H,2007,177
2015A7PS0723G,2015,414
2014A1TS0283H,2014,383
2023A7PS0375G,2023,707
2008A1PS0941H,2008,245
2020AAPS0957P,2020,564
2023B5PS0712H,2023,715
2023B2TS0884H,2023,732
2021B3TS0198G,2021,636
2015A3PS0941P,2015,407
2023A3TS0678G,2023,704
2014A4TS0650P,2014,389
2013A3TS0730H,2013,367
2010B2PS0419P,2010,276
2023A8TS0366P,2023,708
2023A8TS0006G,2023,713
2021B3PS0202G,2021,618
2009A1PS0378G,2009,257
2016B2TS0902P,2016,425
2024B1PS0581G,2024,797
2005B1TS0875P,2005,128
2005A3TS0312H,2005,130
2023A7TS0364P,2023,748
2013A3TS0608H,2013,368
2014A4PS0830P,2014,388
2017B3PS0052H,2017,471
2021A1PS0357G,2021,604
2009A7PS0637P,2009,260
2017AATS0903P,2017,467
2010A7PS0645G,2010,288
2019B2PS0408G,2019,547
2020B3PS0207H,2020,551
2017B5PS0253G,2017,454
2008A1PS0042H,2008,243
2012B2PS0327G,2012,325
2022B4TS0469P,2022,657
2018A7TS0250H,2018,485
2024A8TS0080G,2024,810
2008AATS0076P,2008,243
2024AATS0878G,2024,845
2006B1PS0817H,2006,156
2016A7TS0591G,2016,429
2006A8TS0061H,2006,157
2014A3PS0382G,2014,383
2016A7TS0584H,2016,439
2012A7PS0335G,2012,332
2017A4PS0534H,2017,456
2005B3PS0322P,2005,138
2005B4TS0201P,2005,141
2022A7TS0416G,2022,661
2008B4TS0314P,2008,233
2004A8TS0595P,2004,113
2015B3TS0298P,2015,416
2005B5PS0022G,2005,137
2018A8TS0586P,2018,487
2017B5TS0711G,2017,460
2004A7TS0223G,2004,121
2024A4PS0336H,2024,813
2016A4PS0672H,2016,438
2014B4TS0553P,2014,392
2007A7PS0915P,2007,177
2020B1TS0060H,2020,599
2016A3TS0602H,2016,435
2022A8PS0962H,2022,690
2022B3PS0160H,2022,686
2022A4PS0682H,2022,656
2013B5PS0112H,2013,366
2021B1TS0480G,2021,617
2022B4TS0797H,2022,662
2015A1TS0402G,2015,409
2016A7TS0696P,2016,436
2007B3PS0678H,2007,187
2010B1TS0602H,2010,285
2016B1PS0612H,2016,442
2007A4PS0649H,2007,175
2016B1TS0106H,2016,447
2016AAPS0802P,2016,432
2008AAPS0495P,2008,234
2021A3TS0657P,2021,603
2023A4TS0028G,2023,710
2021B4TS0593G,2021,649
2019AATS0329P,2019,547
2009A3TS0709G,2009,254
2009A3PS0786G,2009,273
2018A1TS0478P,2018,486
2011A7TS0898P,2011,312
2016B5PS0353P,2016,437
2021A7PS0055P,2021,604
2005B3TS0524G,2005,149
2005AAPS0927P,2005,136
2006AAPS0509G,2006,173
2019A4PS0240G,2019,514
2008B2PS0689H,2008,246
2011B1PS0757H,2011,315
2019A8TS0099H,2019,542
2012B4PS0774P,2012,328
2012A4PS0883H,2012,339
2018A8TS0299G,2018,476
2013B2TS0316H,2013,354
2011A1PS0232G,2011,308
2005A1PS0586G,2005,126
2018A1TS0746H,2018,488
2011A4PS0905G,2011,318
2009B5TS0126H,2009,260
2020A3TS0692H,2020,553
2011A1PS0352G,2011,314
2019B5TS0638H,2019,528
2006A3TS0574P,2006,174
2021B1PS0199P,2021,635
2014A4TS0157G,2014,379
2013A8TS0358P,2013,350
2021A1PS0681H,2021,631
2005B5PS0292G,2005,125
2024B1TS0887G,2024,767
2024B5PS0373G,2024,814
2010AATS0252P,2010,289
2018A3PS0772H,2018,481
2020B3TS0727G,2020,590
2009A8PS0300P,2009,250
2008B2PS0410H,2008,237
2015A8PS0079P,2015,407
2024A8PS0785H,2024,826
2010B5TS0174P,2010,299
2006A7PS0149H,2006,169
2023B2PS0858H,2023,747
2019A7PS0181P,2019,524
2021AATS0119G,2021,645
2023B3PS0875G,2023,739
2017A1PS0451G,2017,463
2020B3PS0535H,2020,551
2004A1PS0519P,2004,103
2009B2TS0148G,2009,253
2004B4PS0896H,2004,101
2005A8TS0950P,2005,135
2015B4PS0971H,2015,412
2014AATS0768G,2014,387
2010B5TS0843G,2010,295
2020A8TS0829H,2020,559
2007B3PS0855G,2007,197
2006A8TS0552H,2006,159
2007B2TS0953H,2007,181
2018AAPS0042P,2018,482
2005A1PS0632H,2005,139
2011A8TS0477H,2011,314
2014B4PS0244P,2014,380
2017B5PS0060P,2017,454
2009AAPS0556G,2009,267
2020B5PS0511H,2020,573
2004B4TS0397G,2004,113
2013B4TS0925P,2013,371
2016B4PS0530H,2016,442
2005A8PS0390P,2005,137
2009B4TS0829P,2009,264
2014A4TS0286H,2014,378
2018B4TS0549G,2018,482
2017B2PS0565P,2017,464
2021B1PS0443P,2021,629
2007B1PS0578H,2007,187
2022A8TS0606H,2022,665
2013A7PS0111P,2013,369
2008B2TS0938P,2008,235
2013A1TS0546G,2013,350
2022B3TS0332G,2022,694
2012AAPS0612H,2012,347
2009A4TS0608G,2009,266
2023B3PS0543P,2023,748
2015B4TS0445G,2015,420
2019B3TS0539H,2019,528
2022A3TS0838G,2022,654
2013B1PS0947G,2013,367
2007B4TS0209G,2007,198
2009A7PS0336H,2009,262
2018AAPS0495P,2018,483
2023A8TS0731H,2023,702
2014A7PS0417G,2014,393
2010B2PS0886P,2010,298
2013A7PS0147G,2013,371
2012AAPS0788P,2012,345
2006A1PS0072G,2006,167
2007A8TS0743P,2007,198
2007B4PS0339P,2007,181
2014A3PS0505P,2014,376
2012B3TS0216G,2012,333
2023A1TS0937G,2023,732
2018A1TS0205P,2018,497
2022A8PS0743G,2022,680
2010B1TS0131P,2010,289
2019A3PS0848P,2019,529
2021A7TS0009G,2021,623
2010B3TS0801G,2010,290
2022A3TS0104P,2022,669
2023B2TS0428G,2023,714
2021A4PS0195H,2021,629
2017B1PS0668G,2017,467
2014B4PS0024G,2014,392
2014A3PS0370G,2014,376
2020AATS0233G,2020,569
2010B2TS0108G,2010,292
2005B4PS0012P,2005,140
2024A4TS0117G,2024,822
2023B2PS0120G,2023,740
2016A8PS0603G,2016,449
2018B2TS0874H,2018,492
2010A8PS0272H,2010,293
2024B3PS0380P,2024,750
2016A3PS0878H,2016,430
2023B3PS0909P,2023,734
2015B5PS0339P,2015,409
2014A7TS0371G,2014,399
2005B3TS0105G,2005,134
2019A4TS0459H,2019,538
2009B4PS0870P,2009,255
2009B5PS0051H,2009,261
2015A1PS0870H,2015,416
2018A4TS0604G,2018,487
2014A8TS0879G,2014,379
2017A8PS0716P,2017,453
2013A3TS0370P,2013,364
2017A3TS0311G,2017,458
2020B4TS0383H,2020,572
2018B5TS0109G,2018,496
2014A4PS0424P,2014,385
2019A3PS0355P,2019,520
2008A4TS0586G,2008,245
2023B1TS0442H,2023,716
2019A7TS0793G,2019,504
2014A7PS0371P,2014,375
2012A8TS0168H,2012,332
2009B2TS0204P,2009,264
2021B3TS0680H,2021,606
2008AATS0806P,2008,232
2010A7TS0169H,2010,290
2011A1PS0634G,2011,308
2006A4PS0337G,2006,164
2009AATS0868P,2009,259
2006B2TS0557G,2006,158
2015A3PS0888G,2015,422
2015B3TS0629H,2015,415
2005A8PS0010H,2005,135
2018AAPS0894H,2018,492
2006B4PS0796P,2006,155
2006B2PS0645H,2006,173
2018B1PS0424H,2018,484
2024B4PS0674H,2024,795
2010A8TS0236H,2010,285
2006A1PS0062P,2006,157
2005B1PS0765G,2005,128
2017B4PS0010G,2017,461
2021B2TS0273H,2021,634
2023B1TS0359G,2023,730
2023B3TS0696H,2023,708
2006B2TS0109H,2006,160
2020B3TS0886G,2020,559
2008A4PS0946P,2008,227
2009A7PS0899P,2009,253
2023AATS0642G,2023,700
2019B1TS0874H,2019,540
2015B2PS0320G,2015,420
2023B4TS0135G,2023,741
2017B1TS0154P,2017,461
2005A4TS0471P,2005,134
2007A7PS0114P,2007,194
2004A1TS0449G,2004,112
2015B1TS0025P,2015,402
2021A3PS0310G,2021,622
2009A1PS0162G,2009,265
2024A3PS0797H,2024,758
2015A4TS0642H,2015,403
2021B3TS0034H,2021,607
2011A4PS0522P,2011,306
2016A4PS0073H,2016,444
2004A3TS0175G,2004,113
2008B4TS0422G,2008,228
2021A8TS0458H,2021,603
2006B1PS0311H,2006,169
2006AATS0875P,2006,168
2009A7TS0540P,2009,269
2005A3PS0989H,2005,125
2016A1PS0326G,2016,429
2019AAPS0169H,2019,530
2024A7PS0471G,2024,823
2010A8TS0122H,2010,292
2018A1PS0427G,2018,492
2008AAPS0035P,2008,243
2011B1PS0669P,2011,304
2022B3TS0347G,2022,653
2017A4PS0082P,2017,474
2019A8TS0628P,2019,524
2019B4PS0098H,2019,507
2020B3PS0112H,2020,587
2012B5TS0342H,2012,341
2017B4PS0394H,2017,467
2024A4PS0822P,2024,814
2004A1PS0471P,2004,105
2013A1TS0056G,2013,364
2022B5PS0043P,2022,653
2023B4TS0217P,2023,720
2016B1PS0494H,2016,442
2019A7PS0586H,2019,536
2018A4PS0866P,2018,494
2008B3PS0749G,2008,228
2004B1TS0914G,2004,113
2015A3TS0196G,2015,422
2018B1TS0754G,2018,480
2015B4PS0395H,2015,418
2010B2PS0520G,2010,280
2009AATS0958G,2009,252
2005B3PS0220G,2005,144
2024A4TS0899G,2024,849
2010A4TS0960P,2010,279
2018A4TS0217P,2018,491
2009B3PS0800H,2009,265
2008B3PS0627G,2008,233
2004A4TS0964H,2004,111
2015B4TS0619H,2015,420
2022B5TS0042P,2022,662
2012A7TS0133P,2012,328
2012B3TS0015H,2012,326
2011B3PS0801H,2011,319
2008A3PS0511G,2008,231
2017A1TS0450P,2017,464
2022A4PS0584P,2022,669
2023A8PS0762G,2023,708
2016A4TS0241P,2016,425
2005B1PS0478H,2005,134
2012A4TS0826P,2012,339
2024B4PS0109H,2024,783
2016B2PS0568G,2016,431
2019A7PS0008H,2019,549
2021B1TS0826P,2021,640
2023B2PS0791H,2023,735
2010B4TS0860G,2010,288
2024A1PS0743H,2024,841
2022A8PS0470P,2022,666
2006B1PS0974P,2006,158
2007A8PS0685P,2007,184
2013A4PS0891G,2013,368
2008A7PS0133H,2008,230
2009B1PS0320G,2009,256
2004B2PS0592H,2004,114
2019A4TS0235G,2019,513
2012A8PS0193P,2012,338
2018A8PS0960H,2018,487
2012A1PS0717H,2012,345
2006A1TS0099G,2006,170
2005B1PS0736H,2005,126
2010AATS0805G,2010,279
2020B4PS0281H,2020,552
2022AAPS0182H,2022,651
2008A3PS0136H,2008,232
2022B1PS0242P,2022,697
2008B5PS0557H,2008,234
2018B4PS0442G,2018,476
2018B5TS0502G,2018,485
2020B3PS0914H,2020,566
2019AAPS0443H,2019,527
2008B3PS0943P,2008,236
2023A7TS0355G,2023,742
2012B5PS0219P,2012,329
2017A4PS0889H,2017,454
2009A3PS0797H,2009,268
2020A3TS0252P,2020,555
2020A1PS0329G,2020,559
2008B2PS0066P,2008,232
2015B5PS0686H,2015,412
2024AAPS0991H,2024,763
2024AAPS0227G,2024,808
2021B5TS0014G,2021,606
2004B5TS0406H,2004,108
2015A4TS0569H,2015,411
2022A7PS0880P,2022,692
2004B3TS0379P,2004,116
2014B2TS0800G,2014,377
2005A8TS0060P,2005,145
2008A3PS0710P,2008,237
2004A4PS0938G,2004,121
2014A8PS0847H,2014,395
2009B4TS0942P,2009,261
2024A3TS0126H,2024,837
2015A7TS0534G,2015,420
2007A8TS0105P,2007,179
2023B2PS0502P,2023,733
2015A8TS0901H,2015,422
2018A8TS0007P,2018,483
2023B2PS0917H,2023,731
2007A3TS0816P,2007,179
2013B3TS0813P,2013,360
2009B1PS0233P,2009,264
2019A3TS0354P,2019,545
2022A3PS0999G,2022,673
2013AAPS0691P,2013,372
2007A1PS0602G,2007,184
2019AATS0483G,2019,526
2021A7TS0418H,2021,625
2016A1PS0943H,2016,430
2005A7PS0378H,2005,131
2005B2TS0216G,2005,135
2009A1PS0350P,2009,254
2021B1PS0589H,2021,624
2015B4PS0304P,2015,403
2004A4TS0502H,2004,106
2004A8TS0751H,2004,124
2011A4TS0568H,2011,317
2017B2PS0426H,2017,461
2017B5PS0468P,2017,462
2018A1TS0887H,2018,478
2021A4TS0969P,2021,643
2011A7TS0925G,2011,321
2018A1PS0917P,2018,475
2015B5PS0389P,2015,410
2023A1TS0746H,2023,704
2016B4PS0176P,2016,445
2010B2TS0619H,2010,283
2005B1PS0312P,2005,140
2022AAPS0166H,2022,654
2010B4TS0875P,2010,275
2013A7PS0529P,2013,368
2024A7TS0306G,2024,753
2007A3TS0548G,2007,188
2006B3PS0561P,2006,155
2015A3TS0327H,2015,413
2014A7TS0436P,2014,395
2005B4TS0716H,2005,146
2004B3PS0008H,2004,111
2009A4PS0186P,2009,256
2010A8PS0895P,2010,284
2005B4PS0499H,2005,140
2013A4PS0417P,2013,363
2009B1TS0261H,2009,259
2009B5TS0318P,2009,258
2016AAPS0116H,2016,428
2007B3TS0156P,2007,199
2023A8TS0415H,2023,746
2013A4TS0049H,2013,370
2004B3PS0474P,2004,106
2022B4PS0842G,2022,660
2011B4TS0607G,2011,308
2010A3PS0354P,2010,287
2007B2TS0788P,2007,175
2023B2TS0508P,2023,738
2009B2PS0873P,2009,254
2004B4PS0296G,2004,107
2006B4PS0479P,2006,173
2010A1PS0689P,2010,297
2019A7PS0433G,2019,544
2019A8TS0562H,2019,521
2014B5TS0651H,2014,382
2004B4PS0915P,2004,100
2013A7PS0587H,2013,353
2006A1PS0101H,2006,163
2021A7TS0748P,2021,625
2019AAPS0903G,2019,535
2019A8PS0994H,2019,518
2010A8PS0280G,2010,280
2023B2TS0935H,2023,707
2008B5TS0754G,2008,228
2022B5TS0285P,2022,653
2009B1TS0850P,2009,260
2014B1PS0292G,2014,386
2010A1TS0741G,2010,276
2024B2PS0911G,2024,793
2014B3TS0209G,2014,396
2017B2PS0723H,2017,451
2005A3TS0884H,2005,147
2007A8TS0334H,2007,199
2015A1TS0958G,2015,408
2011A3TS0018H,2011,320
2019A3TS0396P,2019,539
2006B4TS0123G,2006,158
2006B2TS0416P,2006,174
2005AATS0889G,2005,141
2012B3TS0443H,2012,340
2017A4PS0684H,2017,452
2008B2TS0227H,2008,235
2020A4PS0793H,2020,560
2008B2TS0192P,2008,237
2020B1TS0874G,2020,571
2016AAPS0417P,2016,447
2018A4TS0340H,2018,495
2014A4TS0416G,2014,387
2018A7PS0250G,2018,477
2020B1TS0359P,2020,554
2012A3TS0746G,2012,341
2007B1TS0214G,2007,187
2022B4PS0169H,2022,659
2016B1TS0074G,2016,442
2017A8PS0204G,2017,468
2011A3TS0674G,2011,311
2020B3TS0985P,2020,566
2018A1TS0850P,2018,498
2022B2TS0216H,2022,666
2004A7PS0515G,2004,113
2021B3TS0431P,2021,606
2012B5PS0126H,2012,344
2022AATS0786P,2022,690
2012A7PS0600P,2012,345
2015A8PS0879P,2015,423
2011B5PS0748P,2011,320
2017A7PS0697H,2017,470
2013B5TS0438H,2013,361
2005B2PS0741P,2005,129
2023B4PS0698G,2023,702
2017AATS0145H,2017,468
2021A3PS0612P,2021,614
2004A7TS0319G,2004,117
2020A1TS0921G,2020,575
2004B2PS0414H,2004,118
2005A4PS0388G,2005,128
2020B4TS0307G,2020,585
2013A1PS0162G,2013,366
2004B2TS0893G,2004,117
2006B4PS0441P,2006,166
2011B2PS0527H,2011,323
2014A3TS0067H,2014,385
2013B4TS0022H,2013,364
2007A7TS0886G,2007,181
2005A1TS0654G,2005,144
2013B5TS0776H,2013,361
2024A7PS0459G,2024,799
2012A3TS0709H,2012,349
2011A7PS0514P,2011,321
2017A7TS0537P,2017,463
2020B3PS0076P,2020,568
2022B4TS0754G,2022,671
2019A1PS0728H,2019,546
2004B5TS0350H,2004,115
2008A8PS0020P,2008,232
2006B4PS0451P,2006,168
2018AATS0105G,2018,489
2010A7PS0573P,2010,275
2019B4TS0943H,2019,528
2005B2PS0299P,2005,144
2005A3TS0483P,2005,149
2009A4TS0181H,2009,257
2011A3PS0456H,2011,310
2011B5TS0581P,2011,306
2019A7PS0469P,2019,504
2006A1PS0939P,2006,173
2018A4TS0761G,2018,485
2020AATS0375G,2020,566
2007A4TS0473P,2007,192
2023A3PS0009G,2023,709
2016B3TS0969G,2016,446
2010B3PS0912G,2010,291
2014A4TS0168H,2014,399
2008B4TS0995P,2008,234
2005A1PS0082P,2005,148
2004B1TS0679G,2004,111
2024A4TS0258G,2024,842
2009B1TS0879H,2009,267
2014A8PS0734G,2014,389
2013A3TS0305G,2013,354
2012B1PS0837P,2012,328
2009B3TS0994G,2009,253
2018A8PS0314H,2018,487
2010A7PS0690P,2010,299
2007B4PS0516G,2007,189
2021B5PS0269P,2021,610
2021A4TS0920H,2021,619
2009A3TS0421P,2009,274
2005A3PS0535H,2005,133
2012A8PS0556G,2012,328
2006B3TS0745P,2006,155
2019B1TS0530H,2019,521
2021B5PS0666P,2021,634
2023B5PS0957P,2023,727
2020A8PS0472H,2020,566
2013B5TS0806G,2013,353
2022B4TS0592H,2022,657
2017B5TS0774P,2017,466
2020A7TS0987H,2020,574
2018B4PS0445G,2018,491
2024B3TS0909H,2024,827
2006B3PS0488P,2006,172
2004A3PS0390P,2004,105
2019A3TS0164P,2019,501
2024B1TS0685H,2024,770
2011A7PS0352P,2011,324
2007A1PS0772G,2007,194
2011B5PS0550H,2011,316
2015B4PS0820G,2015,417
2009B4TS0209H,2009,268
2007B2PS0630P,2007,188
2009A1TS0212P,2009,256
2008AAPS0109H,2008,237
2011B3TS0703G,2011,310
2017A7TS0048P,2017,474
2008B3TS0600H,2008,225
2011A7TS0039G,2011,305
2023A4PS0211G,2023,738
2014A1PS0522H,2014,389
2010B5TS0011H,2010,276
2014B1TS0888P,2014,383
2020A7TS0309H,2020,550
2018A7PS0779G,2018,478
2022B3PS0546P,2022,654
2022B4PS0227G,2022,691
2018B3TS0955G,2018,479
2008B1TS0197H,2008,227
2013B5PS0746G,2013,362
2009A7PS0780P,2009,266
2018B4TS0345H,2018,487
2019B3PS0421P,2019,501
2014A8TS0474P,2014,387
2010B2TS0858G,2010,298
2006A4TS0380G,2006,170
2017B5TS0853H,2017,469
2018AAPS0710G,2018,477
2004B4TS0089P,2004,105
2006A3PS0324H,2006,161
2012B3TS0886H,2012,333
2018AATS0737H,2018,498
2004B2TS0663H,2004,118
2011B4TS0443P,2011,303
2010B4PS0598H,2010,295
2023A1PS0728G,2023,727
2020AATS0859P,2020,560
2016A7TS0065H,2016,428
2022A8TS0785G,2022,681
2009A4PS0733P,2009,256
2024A7TS0386H,2024,765
2006B5PS0373P,2006,166
2022AATS0679P,2022,697
2019B3TS0753P,2019,539
2009A3TS0114H,2009,274
2024AAPS0173G,2024,771
2009B3TS0328G,2009,263
2007AAPS0179G,2007,182
2012B2TS0317H,2012,338
2010B1PS0417H,2010,281
2013B5PS0300G,2013,358
2004A4PS0667P,2004,119
2016A7TS0059H,2016,437
2014A1PS0704P,2014,386
2012B4PS0727H,2012,330
2015A1PS0015H,2015,423
2014A1TS0984P,2014,398
2010B1TS0542H,2010,287
2006AAPS0140P,2006,165
2011B5TS0799H,2011,318
2022A1TS0480H,2022,678
2005A7TS0294G,2005,129
2011A1TS0287G,2011,301
2017B2PS0997G,2017,462
2022A7PS0901G,2022,680
2012B3TS0914P,2012,346
2019B3PS0418H,2019,544
2018B3PS0498P,2018,499
2005A7TS0846G,2005,141
2022B1TS0636G,2022,682
2012B5TS0037H,2012,336
2012A3TS0713H,2012,343
2015B1TS0654H,2015,414
2020A8TS0928P,2020,563
2015AAPS0825P,2015,405
2008B4TS0022H,2008,239
2017B5PS0116P,2017,467
2024B3TS0458P,2024,783
2006A3PS0555P,2006,154
2006A7TS0885H,2006,156
2013A3TS0308H,2013,373
2024A7TS0733H,2024,764
2012A8PS0841H,2012,330
2014B2PS0160G,2014,386
2020B2PS0566P,2020,560
2016A3PS0803H,2016,447
2021B5PS0225G,2021,603
2017B3TS0247G,2017,460
2016A7TS0827H,2016,427
2005AAPS0279G,2005,136
2016B4PS0946G,2016,428
2010B1PS0056H,2010,290
2012A3PS0651G,2012,342
2009A1PS0230G,2009,259
2010AATS0412H,2010,296
2015B2TS0696H,2015,422
2013A3TS0609G,2013,371
2021B1PS0012H,2021,610
2019A8TS0200P,2019,520
2005B5PS0191G,2005,139
2014B4PS0525H,2014,389
2023A7PS0094P,2023,739
2013A1TS0898G,2013,363
2012A4TS0049H,2012,337
2023A7TS0988P,2023,713
2005AAPS0401P,2005,129
2020B2PS0696H,2020,556
2024B4TS0262G,2024,849
2023B4TS0784H,2023,732
2005B3PS0399H,2005,149
2015B4TS0831P,2015,408
2015A7PS0143P,2015,407
2023B5TS0826G,2023,705
2016B1PS0656G,2016,440
2021B5TS0311H,2021,604
2006B2PS0663H,2006,172
2011A3TS0724P,2011,322
2022B3PS0615P,2022,661
2020A4TS0764G,2020,559
2019B2PS0625G,2019,518
2013A4TS0549G,2013,361
2022B4PS0140H,2022,682
2021B5PS0656P,2021,617
2015A1PS0878H,2015,423
2020B2TS0089H,2020,582
2021B4TS0927H,2021,642
2011B3PS0971G,2011,304
2006B2PS0910P,2006,171
2019B4PS0976P,2019,503
2023A3PS0252G,2023,740
2014B1TS0545H,2014,387
2015B2PS0862G,2015,420
2008B2PS0057H,2008,232
2021A7PS0154G,2021,601
2009B3PS0510G,2009,273
2009A3TS0785G,2009,258
2006A4PS0141P,2006,157
2013B5PS0334H,2013,351
2007A3PS0645H,2007,191
2021A4PS0800P,2021,634
2020B4PS0291G,2020,591
2005A4PS0366H,2005,142
2011A7PS0175P,2011,312
2016B1TS0685P,2016,432
2024B2TS0917P,2024,791
2012B3PS0283G,2012,347
2020B5TS0909G,2020,591
2012A8PS0421P,2012,348
2004A1TS0522G,2004,115
2004A7PS0929G,2004,120
2007B3TS0174P,2007,199
2023B4PS0152G,2023,707
2013B4PS0659H,2013,353
2021B5TS0033H,2021,640
2013B1TS0204P,2013,359
2022B5TS0088P,2022,656
2009B2TS0449H,2009,267
2021B3TS0813G,2021,633
2018A4TS0978G,2018,494
2023B4PS0087G,2023,725
2024A7PS0194H,2024,822
2012AATS0247H,2012,326
2012A4TS0741P,2012,348
2005A3PS0354H,2005,148
2019A8PS0064G,2019,500
2013A3TS0411P,2013,365
2004A3TS0077H,2004,123
2021B5PS0058P,2021,645
2007B4TS0949H,2007,195
2018B1TS0094P,2018,497
2023AAPS0804H,2023,700
2022A3TS0953G,2022,662
2017A3PS0991H,2017,453
2009B5TS0133G,2009,273
2013B3TS0003P,2013,374
2021A3TS0591G,2021,637
2020B5PS0643G,2020,577
2020B2PS0112G,2020,591
2011B4TS0028H,2011,323
2006B3PS0562H,2006,153
2015B5TS0705G,2015,401
2010A3PS0593P,2010,283
2024B5TS0138P,2024,836
2024B5TS0861H,2024,822
2012B4PS0335P,2012,340
2012B2TS0595G,2012,341
2015A1TS0250H,2015,413
2010B1PS0473H,2010,287
2017B1TS0564P,2017,459
2012B5TS0021H,2012,338
2007B4TS0070G,2007,183
2004A1TS0986G,2004,103
2024A7PS0046H,2024,786
2021B3TS0347H,2021,620
2021B5PS0891G,2021,635
2018A3TS0655G,2018,486
2019A4PS0909G,2019,534
2010B5TS0854P,2010,297
2010B3PS0167H,2010,289
2007A7PS0169G,2007,175
2014AAPS0501H,2014,382
2016B1PS0392H,2016,430
2010A1PS0966P,2010,288
2006A4PS0240P,2006,155
2020A8PS0278H,2020,556
2017B5PS0240G,2017,454
2019AATS0141H,2019,506
2020A8TS0521G,2020,578
2007A8PS0804G,2007,175
2009B3TS0309H,2009,256
2004A8PS0402H,2004,115
2022B5PS0223G,2022,655
2013A1PS0067H,2013,368
2022B5TS0033H,2022,682
2021A4PS0513G,2021,600
2010B1PS0659H,2010,288
2009B2TS0422G,2009,261
2014B2TS0143H,2014,385
2023A3TS0331P,2023,734
2013A3PS0284H,2013,361
2017A8PS0474G,2017,467
2019AAPS0513H,2019,512
2018B4TS0229H,2018,481
2008B1PS0095P,2008,247
2004A1PS0795P,2004,116
2012A3PS0909H,2012,337
2006A4TS0541P,2006,173
2007B3PS0299H,2007,199
2023A7PS0900H,2023,701
2010AATS0798H,2010,276
2023B3PS0460H,2023,747
2023B4PS0954H,2023,740
2016A1PS0568P,2016,446
2016A1PS0525P,2016,440
2009B2TS0028G,2009,250
2024A7PS0209P,2024,791
2014A3PS0334H,2014,383
2010A7TS0241G,2010,297
2009B4TS0418P,2009,265
2010A8PS0237H,2010,285
2009B5TS0414H,2009,260
2016A3TS0358G,2016,427
2020B2TS0405G,2020,577
2023A8TS0026P,2023,738
2016A7TS0478G,2016,430
2016A4PS0774G,2016,425
2008A8PS0208G,2008,231
2016A7TS0524G,2016,441
2015B4TS0911G,2015,417
2019A4TS0758P,2019,547
2005B3PS0746G,2005,125
2004A4TS0345P,2004,121
2007B4TS0436P,2007,177
2019AAPS0162P,2019,505
2012A1TS0821P,2012,340
2013B1TS0378H,2013,356
2022A4PS0342P,2022,688
2009A4PS0070P,2009,259
2005A1TS0812H,2005,126
2012A4TS0724H,2012,348
2023B1PS0128H,2023,724
2010B3PS0431H,2010,286
2023A4PS0909G,2023,715
2007A3TS0186H,2007,193
2004A4TS0213H,2004,107
2017B4PS0611P,2017,468
2020A4PS0739H,2020,571
2005A1PS0809G,2005,148
2014A4PS0294G,2014,397
2004A1PS0338H,2004,124
2012A1TS0550G,2012,340
2024B4PS0996P,2024,825
2012B1TS0548P,2012,346
2013A3TS0732P,2013,372
2007B1TS0394P,2007,182
2020A1TS0638G,2020,566
2016B5PS0774P,2016,443
2020B2TS0401G,2020,596
2008B2TS0755H,2008,231
2004A3TS0502G,2004,124
2018AATS0945P,2018,476
2015A7TS0406H,2015,412
2010A7TS0874H,2010,292
2022A8PS0577G,2022,668
2010A7PS0395H,2010,281
2009B2TS0703H,2009,254
2010B1PS0880G,2010,287
2011B5TS0282H,2011,313
2013B4PS0104H,2013,363
2010B5PS0013H,2010,281
2015B2PS0593G,2015,414
2008B1TS0239G,2008,247
2007A8PS0660H,2007,186
2009A8PS0740H,2009,255
2018A8PS0905H,2018,489
2015A7PS0797H,2015,417
2009B1PS0663H,2009,273
2007A7PS0111P,2007,179
2006B2TS0433H,2006,173
2021A7PS0344G,2021,634
2006B2TS0688H,2006,159
2018A4TS0815P,2018,481
2020A8PS0016H,2020,593
2016B5PS0203G,2016,443
2008A4TS0819P,2008,240
2011A7TS0982H,2011,313
2006A7TS0397H,2006,158
2014B1TS0293G,2014,386
2009B5TS0192H,2009,273
2019B2TS0915H,2019,545
2007A3PS0653P,2007,184
2019AATS0192G,2019,534
2006B5PS0128H,2006,158
2004B5PS0854G,2004,118
2022B1TS0050P,2022,651
2018A1TS0515H,2018,486
2010AATS0551P,2010,286
2020A7TS0670G,2020,589
2023A8PS0021H,2023,740
2021B1PS0375G,2021,644
2008B4PS0176G,2008,247
2015A1TS0182G,2015,405
2005A3TS0542H,2005,145
2023A7PS0253H,2023,710
2010B2TS0271H,2010,294
2006A7PS0073H,2006,152
2020B4TS0870G,2020,591
2022B1TS0978P,2022,679
2010A8PS0193P,2010,295
2009B1PS0350P,2009,262
2009AAPS0183G,2009,262
2017A4PS0274H,2017,462
2015B5TS0476H,2015,421
2014B3PS0934P,2014,382
2015B4TS0658P,2015,411
2012AAPS0361P,2012,347
2012B3TS0973G,2012,327
2010B1TS0690P,2010,283
2017B3PS0315P,2017,456
2011AAPS0991H,2011,307
2019B1TS0533P,2019,520
2017B1TS0857P,2017,468
2019B2PS0937P,2019,546
2020B5TS0861P,2020,594
2020A8TS0413H,2020,575
2018B4TS0077G,2018,481
2005A1PS0852H,2005,141
2023A4TS0675H,2023,741
2023AATS0835H,2023,713
2009B4TS0095H,2009,270
2006A3TS0845H,2006,165
2016A3PS0585P,2016,432
2020B4PS0370P,2020,575
2023B3TS0110P,2023,742
2022A8TS0127H,2022,688
2021AAPS0803P,2021,642
2023A7TS0597G,2023,748
2017A7PS0611H,2017,465
2010A3TS0424H,2010,280
2020B2PS0692H,2020,597
2018AAPS0007P,2018,478
2005B1TS0756G,2005,145
2012A7PS0560H,2012,342
2023A4TS0892H,2023,739
2021A7PS0210P,2021,632
2021B2TS0919P,2021,631
2022A1TS0408P,2022,683
2007B3TS0593G,2007,195
2008B4TS0457P,2008,239
2021A4TS0711P,2021,645
2017B5PS0794G,2017,451
2019A8TS0499G,2019,525
2010A8PS0637H,2010,277
2004A8TS0667G,2004,113
2013A3PS0780H,2013,352
2020B5TS0377G,2020,555
2007B4PS0824P,2007,192
2009B5PS0048P,2009,256
2024B2PS0298H,2024,848
2023B3PS0823G,2023,746
2005A7TS0071H,2005,139
2005B1TS0845P,2005,141
2006AAPS0018G,2006,156
2006AAPS0162G,2006,164
2018A7TS0216G,2018,488
2005A7TS0063G,2005,138
2010B3TS0347G,2010,293
2023A3TS0637G,2023,712
2022A3TS0738G,2022,688
2014AATS0502P,2014,391
2018AAPS0540G,2018,480
2005A4PS0787P,2005,139
2008A4PS0393G,2008,239
2011A4PS0663H,2011,315
2020B3PS0356P,2020,593
2018B4TS0693H,2018,493
2013B4TS0193P,2013,364
2012B1PS0045H,2012,332
2010B3TS0316G,2010,297
2007A4PS0325P,2007,199
2022A1TS0611P,2022,685
2021AAPS0536G,2021,628
2010B2TS0234P,2010,284
2006B5TS0828H,2006,159
2021AAPS0669G,2021,614
2019B1TS0642G,2019,516
2021B2TS0649P,2021,621
2006A3PS0465P,2006,171
2004B3TS0646G,2004,111
2004B5PS0706H,2004,106
2019B2PS0844G,2019,540
2018B4TS0745P,2018,499
2012B5TS0973G,2012,345
2021B5PS0894P,2021,648
2022A1PS0951G,2022,698
2009B3PS0317G,2009,272
2007AATS0438P,2007,195
2019B1PS0006G,2019,508
2008B4TS0050H,2008,245
2011A7TS0323H,2011,314
2023B2TS0291P,2023,706
2019B5PS0207P,2019,517
2007B4TS0587H,2007,199
2004A4PS0207P,2004,103
2008A3PS0329H,2008,235
2023A8PS0986H,2023,705
2019B3PS0304G,2019,520
2012B4TS0043G,2012,342
2024AATS0925G,2024,822
2006B2PS0714G,2006,156
2004B2PS0722G,2004,103
2017B5PS0923P,2017,458
2007B4TS0240P,2007,179
2007A8PS0127P,2007,178
2018A3TS0822H,2018,487
2016A8PS0796P,2016,440
2024A4TS0715P,2024,829
2019A3TS0738G,2019,500
2024AAPS0062P,2024,769
2004B2PS0650G,2004,117
2010B3PS0838G,2010,278
2022A4TS0316P,2022,679
2011B2PS0707G,2011,316
2005B2TS0082P,2005,125
2005AATS0913G,2005,143
2006B2TS0122G,2006,167
2012AAPS0722P,2012,347
2017A8PS0063P,2017,465
2018B4TS0083H,2018,477
2015AATS0550H,2015,420
2008B4TS0094G,2008,232
2013B1TS0896H,2013,368
2013B1PS0201H,2013,357
2012A1TS0784G,2012,338
2019A1TS0766P,2019,530
2011A3PS0104H,2011,318
2013B3TS0359G,2013,362
2008B3TS0025G,2008,235
2023B2TS0994P,2023,719
2005B2TS0267G,2005,130
2024A3PS0294G,2024,808
2009A1PS0577P,2009,273
2007A7PS0408G,2007,186
2007AATS0376G,2007,184
2017A1PS0518G,2017,456
2007A4TS0558P,2007,189
2008B5TS0135H,2008,243
2009A4TS0229P,2009,258
2014A3TS0385G,2014,392
2022A3PS0249H,2022,670
2007B4PS0155G,2007,189
2019A4TS0206H,2019,512
2014B1TS0662P,2014,380
2009A3PS0582P,2009,254
2019A8TS0305P,2019,543
2023A4TS0848G,2023,703
2022B2TS0789H,2022,674
2013B3PS0242H,2013,374
2008B3PS0789P,2008,232
2004A7PS0290G,2004,100
2004A1TS0869H,2004,106
2004AAPS0045P,2004,109
2014B5PS0945H,2014,389
2019A4TS0260P,2019,518
2015B4PS0389P,2015,402
2010B4PS0775P,2010,298
2008AAPS0558G,2008,243
2016A3TS0362H,2016,442
2018B1TS0035G,2018,475
2019A4TS0822P,2019,530
2012A3TS0158G,2012,331
2014A7PS0762P,2014,387
2012AATS0422H,2012,344
2015B4TS0455H,2015,401
2011B2PS0762G,2011,317
2004A3TS0249H,2004,105
2006A8TS0560P,2006,150
2011B1PS0823G,2011,324
2005B5PS0702P,2005,125
2020A7TS0793H,2020,555
2018AATS0688G,2018,487
2014A1PS0450G,2014,377
2015B1TS0159P,2015,404
2021B5TS0238G,2021,603
2019B1PS0126G,2019,546
2006B2TS0015P,2006,161
2016A7PS0010G,2016,433
2022A8TS0081G,2022,657
2005A1TS0035H,2005,149
2021A1TS0791G,2021,648
2011B1TS0317G,2011,302
2021B4TS0574H,2021,610
2018B3TS0037H,2018,490
2018B3TS0812H,2018,494
2022A1PS0402H,2022,665
2007B1TS0541G,2007,180
2004AATS0166P,2004,115
2024A7PS0796H,2024,805
2006B2PS0473P,2006,153
2007A4PS0957P,2007,195
2023AATS0954H,2023,718
2004B4PS0445P,2004,122
2008A7TS0545P,2008,249
2009A4PS0208H,2009,273
2012A3TS0142G,2012,332
2019B5TS0176H,2019,542
2008AATS0818H,2008,229
2014B2TS0334H,2014,391
2020A3PS0738H,2020,575
2023B4TS0386G,2023,749
2008B5PS0358H,2008,247
2010B2PS0366P,2010,296
2004B2TS0758P,2004,112
2020A8PS0713G,2020,557
2024B4PS0119G,2024,753
2024AAPS0521P,2024,795
2008AATS0271P,2008,245
2011A8PS0165G,2011,322
2011B2PS0001G,2011,305
2009B1PS0384P,2009,266
2024A3PS0093P,2024,807
2018A3PS0899P,2018,491
2005B5PS0456G,2005,140
2010A3TS0130G,2010,285
2005B3TS0381P,2005,138
2005A3TS0389G,2005,128
2019A3TS0352G,2019,517
2020A7PS0774P,2020,556
2013B1PS0579G,2013,358
2014A3PS0424P,2014,381
2024A1TS0779H,2024,787
2010B2TS0077P,2010,279
2005B3TS0766H,2005,125
2004B3PS0182G,2004,114
2005A1TS0529G,2005,148
2014A1TS0112G,2014,380
2007B3PS0719G,2007,175
2004B5TS0216H,2004,119
2005A1TS0411P,2005,147
2023B3PS0042P,2023,745
2022B4TS0563G,2022,676
2013B3TS0100P,2013,355
2009B5PS0932G,2009,263
2009B5TS0551H,2009,261
2020A7PS0051G,2020,562
2004B5PS0026P,2004,103
2023B2TS0774G,2023,701
2014A8TS0703G,2014,390
2011AAPS0359H,2011,302
2018A3PS0154P,2018,481
2010A3TS0171G,2010,289
2012B2TS0863G,2012,340
2010A3TS0422P,2010,287
2012A7TS0561P,2012,336
2009A1TS0821P,2009,257
2018A7TS0053H,2018,485
2014B3TS0415H,2014,395
2018AAPS0043G,2018,488
2021A1TS0771H,2021,628
2023A1TS0140H,2023,719
2012A8TS0262P,2012,331
2008A3TS0352H,2008,237
2008B4PS0379H,2008,247
2021A1PS0477H,2021,605
2013A1PS0202H,2013,372
2020AATS0226G,2020,554
2022B1PS0699H,2022,688
2014B5TS0306P,2014,379
2005B1TS0736G,2005,136
2018AATS0381P,2018,495
2015A4TS0186H,2015,412
2024B1TS0640H,2024,827
2021B1PS0280H,2021,627
2018A3PS0178H,2018,477
2018B5TS0599H,2018,491
2004A8TS0075G,2004,124
2011B5TS0463G,2011,303
2013A7PS0918G,2013,361
2024AATS0879H,2024,804
2010A7PS0142P,2010,279
2022B3TS0323H,2022,668
2009B1PS0776G,2009,253
2024B3PS0979P,2024,816
2018B4TS0082P,2018,475
2024A7TS0374P,2024,767
2013A3PS0560H,2013,365
2012B1PS0652H,2012,343
2015B5PS0119P,2015,408
2012AAPS0407P,2012,330
2022A3TS0453P,2022,693
2006A8TS0766H,2006,160
2007A4PS0602H,2007,190
2012B1PS0467P,2012,331
2007A4TS0993P,2007,196
2018A8PS0129G,2018,485
2021AATS0727P,2021,644
2017B4PS0682P,2017,461
2022A3PS0476P,2022,694
2015B5PS0305H,2015,421
2014A3PS0930P,2014,392
2006A3TS0119G,2006,164
2009A8PS0885P,2009,271
2007B2PS0506P,2007,179
2022A1PS0185P,2022,669
2006B5PS0873P,2006,156
2008B4TS0982P,2008,239
2011B3PS0007P,2011,309
2010A3PS0152G,2010,292
2014AAPS0535G,2014,399
2012A1TS0020G,2012,329
2021B5TS0363H,2021,640
2016B3PS0264P,2016,435
2004A3TS0484P,2004,122
2024A4TS0560G,2024,848
2009A7TS0797H,2009,268
2009A8PS0296H,2009,274
2008B4PS0947P,2008,236
2013B4PS0712G,2013,359
2011A7PS0253H,2011,300
2012A7PS0027P,2012,326
2007A8PS0507G,2007,182
2019B1TS0919G,2019,546
2019B3TS0733P,2019,536
2004B5PS0036H,2004,102
2023B4PS0669H,2023,734
2023A1TS0202P,2023,728
2010A4PS0560P,2010,299
2021AATS0604H,2021,614
2011B3TS0595H,2011,313
2017A8PS0212G,2017,453
2007AAPS0137P,2007,198
2022B1TS0926G,2022,681
2015A8TS0152H,2015,408
2006B4PS0751P,2006,164
2014A3TS0025P,2014,376
2019B4PS0787H,2019,517
2010B1PS0981P,2010,294
2007B3PS0994P,2007,177
2014AAPS0471G,2014,382
2015B4TS0441G,2015,408
2013A4PS0171H,2013,361
2017A1TS0415G,2017,463
2018B3TS0051H,2018,486
2005B3PS0092G,2005,144
2018AAPS0745P,2018,497
2013B1TS0191P,2013,369
2006B4PS0602G,2006,171
2021A3PS0697P,2021,601
2015B2PS0796H,2015,411
2014B2PS0538H,2014,386
2023A1TS0591P,2023,743
2006AATS0196H,2006,170
2011B5PS0818G,2011,310
2022A4PS0910P,2022,653
2022B2TS0517G,2022,656
2019A8PS0736G,2019,514
2021A3PS0288P,2021,608
2016B4PS0465H,2016,442
2006A4PS0919H,2006,158
2013B3PS0582G,2013,357
2017A4TS0337P,2017,473
2018A1PS0457P,2018,475
2022A1PS0844G,2022,656
2017B5TS0432P,2017,452
2013AATS0072P,2013,357
2014AATS0451H,2014,390
2017B3TS0560G,2017,466
2021A7PS0105G,2021,646
2006A1TS0306H,2006,169
2024A3PS0482H,2024,804
2004B4PS0698H,2004,103
2020A3PS0850P,2020,556
2020B5PS0671P,2020,584
2011B5PS0326P,2011,300
2019AATS0420P,2019,529
2008B4PS0196P,2008,230
2012A7TS0724G,2012,341
2004A1TS0998G,2004,116
2024A7PS0168H,2024,754
2024AATS0215P,2024,781
2017B5TS0390P,2017,467
2013AAPS0786P,2013,367
2016AATS0463H,2016,439
2013A4TS0884P,2013,369
2012B4PS0242P,2012,333
2013AATS0427H,2013,362
2022B4TS0857H,2022,667
2015B1PS0070G,2015,409
2022AATS0565G,2022,698
2018A3TS0034G,2018,497
2006A8TS0169G,2006,171
2010AATS0819H,2010,289
2009A8PS0348H,2009,266
2009B3PS0379G,2009,267
2012A1TS0658G,2012,338
2023B2PS0015H,2023,742
2020B1TS0384P,2020,583
2017B3TS0303P,2017,465
2010B1PS0289H,2010,284
2019B2TS0889P,2019,515
2011B3TS0802P,2011,309
2005A3TS0710P,2005,137
2005A1TS0663G,2005,138
2014A3TS0492P,2014,379
2012B1TS0307H,2012,330
2016AATS0038P,2016,426
2018B1TS0763G,2018,477
2010A8PS0656P,2010,286
2021A1TS0379P,2021,641
2012B5PS0639G,2012,329
2022AAPS0229G,2022,667
2008B4PS0473H,2008,242
2019A1PS0484G,2019,545
2019A3PS0799P,2019,528
2017A8TS0805H,2017,450
2005A4PS0675P,2005,130
2024B2TS0079G,2024,825
2019A4TS0249P,2019,503
2013B4TS0297H,2013,374
2021B4TS0025H,2021,626
2010B4TS0602H,2010,294
2011B2TS0272P,2011,308
2005B5PS0463G,2005,128
2023B4PS0089H,2023,740
2008B5PS0240P,2008,229
2009A3TS0929H,2009,266
2010B4TS0706P,2010,299
2011B5TS0047H,2011,311
2009A3PS0590P,2009,260
2004A1PS0993G,2004,122
2012B4PS0881G,2012,333
2007B3TS0639P,2007,182
2006B5TS0561P,2006,166
2024B2PS0059P,2024,752
2009B2TS0212P,2009,265
2012A3TS0483G,2012,336
2006AATS0224G,2006,164
2014B5PS0451G,2014,399
2007B5TS0911H,2007,177
2016A8PS0709H,2016,437
2021AATS0578P,2021,633
2019A1TS0610G,2019,501
2006A8PS0919G,2006,173
2006AAPS0155G,2006,164
2009B4TS0130H,2009,255
2019A7TS0620P,2019,539
2014B2PS0142P,2014,398
2021A7PS0031P,2021,609
2019AAPS0344P,2019,505
2018B3TS0882G,2018,482
2007B2PS0311H,2007,194
2008A8TS0699P,2008,239
2005B4PS0086G,2005,145
2018B5PS0628G,2018,483
2010A1PS0433H,2010,292
2012B2TS0576P,2012,327
2015B1PS0429G,2015,406
2015A8PS0681H,2015,423
2011AATS0459G,2011,315
2019B5PS0089H,2019,506
2019A4PS0501G,2019,506
2019B2PS0661H,2019,523
2008B2PS0966P,2008,249
2008B2TS0831G,2008,229
2009A4PS0813H,2009,263
2020B2TS0256H,2020,572
2024B4TS0780H,2024,768
2012B3PS0348H,2012,343
2020B1TS0016P,2020,590
2014A8TS0008P,2014,391
2019B5TS0267G,2019,517
2014B1PS0854H,2014,393
2020B1TS0701G,2020,559
2007B4PS0931G,2007,176
2009A3PS0813P,2009,271
2013A3TS0396P,2013,356
2018AAPS0113P,2018,479
2022A1PS0367P,2022,657
2015A8TS0899P,2015,414
2005B5TS0092P,2005,130
2022A1PS0931G,2022,686
2008A8TS0932G,2008,237
2021B3TS0346P,2021,607
2024B3TS0293P,2024,762
2012AAPS0601P,2012,331
2014B4PS0144P,2014,378
2004A3TS0225G,2004,107
2014A7TS0714H,2014,384
2008B2TS0701P,2008,247
2022B3TS0036G,2022,679
2011B3PS0484G,2011,312
2017B2PS0703P,2017,457
2007A7PS0121H,2007,175
2011B1PS0569G,2011,310
2013B5TS0299P,2013,364
2005A3PS0603H,2005,128
2022B5PS0686G,2022,699
2011A3PS0311H,2011,307
2006AAPS0592G,2006,153
2018B2TS0935P,2018,498
2010B3PS0474P,2010,275
2018AATS0803H,2018,482
2018A8TS0406G,2018,479
2022A1PS0510G,2022,694
2021AATS0386G,2021,610
2022A7TS0069H,2022,657
2019A1TS0924G,2019,545
2015A8PS0028P,2015,411
2004B3PS0146P,2004,122
2018A8PS0184P,2018,478
2016B3TS0413G,2016,440
2017A1TS0042G,2017,469
2014AATS0334P,2014,377
2018B2TS0777H,2018,487
2010B4PS0855H,2010,296
2010A7TS0595P,2010,284
2012A3PS0079P,2012,340
2010A3PS0266G,2010,298
2008B5TS0657G,2008,236
2014B1PS0267H,2014,390
2021B5PS0684G,2021,610
2011B2TS0491P,2011,323
2014A4TS0012G,2014,381
2007A3TS0682H,2007,190
2018A4PS0366P,2018,482
2022B4TS0474G,2022,654
2010B4PS0638G,2010,275
2016A7PS0116G,2016,429
2022A8TS0206P,2022,689
2019B2PS0779G,2019,501
2020B5TS0783H,2020,560
2011B1TS0384P,2011,317
2023A3PS0036P,2023,748
2008B1PS0955G,2008,226
2020A3TS0644H,2020,577
2022A1PS0683P,2022,688
2021B5TS0824P,2021,637
2009A1TS0051G,2009,269
2020B4PS0466H,2020,586
2020A7PS0221P,2020,565
2013B3TS0157H,2013,354
2019B2TS0044G,2019,510
2021A4TS0678G,2021,639
2015AATS0789P,2015,412
2005A8PS0557P,2005,137
2014B3PS0806H,2014,389
2008A8TS0146H,2008,240
2021B4PS0661H,2021,602
2006A8PS0391H,2006,154
2010B1PS0951P,2010,286
2009AATS0387G,2009,263
2005A3PS0693H,2005,138
2012B1TS0141P,2012,339
2023B2PS0414H,2023,700
2023B5TS0689P,2023,713
2006A8TS0423P,2006,152
2018B1TS0825P,2018,483
2019B1PS0737H,2019,502
2010B3PS0751P,2010,280
2020A7PS0510H,2020,595
2016B4PS0052H,2016,443
2014A4TS0975P,2014,395
2009B3TS0599G,2009,270
2017A7PS0234H,2017,450
2012A1PS0220H,2012,348
2018B1TS0841P,2018,486
2012A3PS0665P,2012,329
2007A7PS0647P,2007,192
2009B3TS0636P,2009,272
2023A1TS0268G,2023,735
2024B2PS0851P,2024,813
2004B4PS0880P,2004,101
2004B3TS0887P,2004,122
2023A4PS0147P,2023,702
2009A8PS0798G,2009,269
2010B2TS0916G,2010,275
2005A8PS0528H,2005,133
2021A7TS0503G,2021,626
2005B2TS0010H,2005,147
2008B4TS0051G,2008,226
2014AAPS0513P,2014,389
2014B4PS0882P,2014,384
2023AATS0503H,2023,713
2018B2PS0978P,2018,488
2017B2PS0994H,2017,463
2016A1TS0312H,2016,444
2011AATS0464G,2011,316
2010A4TS0468G,2010,287
2007B2PS0760H,2007,179
2018B4TS0126G,2018,490
2015B1TS0608H,2015,422
2009A7TS0865H,2009,252
2015B1TS0564H,2015,404
2014AATS0364G,2014,387
2017B5PS0551P,2017,474
2015A7TS0914P,2015,404
2009A3TS0544P,2009,270
2016B5TS0773P,2016,425
2017B2TS0653H,2017,473
2022A8TS0871P,2022,679
2022A1PS0343P,2022,691
2021A7PS0996H,2021,617
2022B3PS0016G,2022,679
2014A1TS0447H,2014,379
2008B1TS0926P,2008,247
2015A1TS0125H,2015,415
2008A8PS0141G,2008,234
2009A7PS0772H,2009,269
2020B2TS0010P,2020,572
2017A8TS0124P,2017,467
2018A1PS0853H,2018,479
2013B5PS0070G,2013,374
2022B2PS0839P,2022,697
2005A4TS0016G,2005,146
2006B4TS0129H,2006,157
2013A7TS0564P,2013,354
2014A7PS0499G,2014,375
2007A4PS0319H,2007,184
2007B1PS0025P,2007,192
2008B1PS0725G,2008,246
2011A7TS0145P,2011,312
2014A8PS0183G,2014,389
2022B3PS0820G,2022,694
2004A4PS0565G,2004,122
2019A3PS0780G,2019,548
2022A7PS0084P,2022,685
2018B2PS0425P,2018,477
2018B4PS0300H,2018,487
2023A1PS0213P,2023,735
2022A3PS0925G,2022,666
2009A1TS0485P,2009,271
2007A1TS0257P,2007,189
2015A1PS0938H,2015,411
2006B3TS0916H,2006,155
2008A8TS0728G,2008,243
2018A7TS0575H,2018,479
2012A1TS0562P,2012,348
2020A7PS0314P,2020,577
2015B3TS0376H,2015,412
2018A3PS0265G,2018,498
2010B3PS0320G,2010,279
2023A3TS0343H,2023,712
2013B4TS0171H,2013,370
2014B1PS0569P,2014,394
2021A8PS0629G,2021,610
2007B5PS0788H,2007,179
2023A3PS0427H,2023,706
2007A3PS0178H,2007,177
2010A8PS0116P,2010,275
2007B3TS0188H,2007,195
2019A8PS0960P,2019,543
2018AAPS0133H,2018,478
2023A8PS0822G,2023,749
2009A4PS0614H,2009,270
2016B3PS0650G,2016,443
2006A7TS0973H,2006,156
2010B5TS0593G,2010,284
2020B3PS0309H,2020,585
2004A8PS0037P,2004,104
2005A7TS0350G,2005,130
2012A7TS0032P,2012,347
2006A1TS0325G,2006,171
2015A7TS0733G,2015,407
2024AATS0410P,2024,823
2011A3PS0640G,2011,305
2012B5PS0068G,2012,349
2020AATS0603P,2020,589
2020B3PS0342P,2020,569
2022B4TS0690H,2022,687
2015B2TS0683P,2015,409
2005B1PS0202G,2005,142
2013A4TS0263G,2013,363
2021A7TS0498H,2021,619
2020A8TS0522G,2020,593
2016B2TS0143P,2016,432
2005A4TS0187G,2005,138
2019B4TS0445H,2019,537
2020B4PS0237P,2020,595
2006B1PS0786G,2006,173
2009B5PS0760G,2009,254
2023A4TS0672H,2023,703
2014A7PS0779P,2014,394
2019A4TS0236P,2019,525
2015A3PS0628G,2015,414
2012A3PS0671G,2012,333
2023A4TS0815G,2023,718
2018A7PS0199P,2018,494
2007A3TS0236P,2007,193
2019A7TS0194G,2019,529
2018B2TS0804H,2018,492
2024A1PS0386P,2024,786
2017A7TS0791G,2017,454
2015B2PS0847P,2015,401
2006B3TS0466G,2006,155
2006B5PS0702H,2006,162
2016A8TS0535G,2016,436
2018B5PS0896H,2018,480
2021A7PS0659H,2021,629
2016A1TS0973H,2016,439
2020AATS0515P,2020,592
2024A3PS0538G,2024,793
2018B4PS0785G,2018,485
2024A7TS0939G,2024,811
2024A4PS0397G,2024,813
2006B1TS0898G,2006,160
2013A3PS0479G,2013,364
2022B5TS0206G,2022,676
2006B5TS0431P,2006,174
2010B1TS0348G,2010,279
2013A3PS0793G,2013,373
2024B4TS0961G,2024,779
2008B2PS0582G,2008,248
2008A3TS0684P,2008,227
2012A4TS0019H,2012,342
2004B5TS0041G,2004,109
2007B5TS0221G,2007,179
2017A1PS0765P,2017,473
2012A4PS0672G,2012,334
2009A8PS0977G,2009,271
2024A4PS0236G,2024,756
2009B2TS0828H,2009,273
2008A3PS0130H,2008,244
2015B2PS0828P,2015,413
2010A8TS0916P,2010,278
2018A7TS0427P,2018,480
2004A1TS0454P,2004,113
2020B4PS0154P,2020,594
2012A1TS0583G,2012,337
2010B4TS0861H,2010,292
2019B1PS0018G,2019,528
2007A3TS0651G,2007,198
2014A1PS0199H,2014,388
2017A1PS0827G,2017,465
2014B2PS0006G,2014,387
2008B1TS0695H,2008,237
2014A1TS0296H,2014,393
2023B4TS0793G,2023,740
2011A7PS0609P,2011,312
2013A3TS0241G,2013,369
2009A7TS0788H,2009,269
2012AATS0465P,2012,339
2008A4PS0811P,2008,240
2013B5TS0691G,2013,373
2007AATS0607H,2007,190
2007B2PS0512H,2007,175
2010B2PS0727G,2010,282
2014B3TS0261H,2014,385
2022A4PS0241H,2022,657
2010B5PS0841G,2010,296
2005A4TS0797P,2005,149
2010A8TS0660G,2010,280
2017B3PS0401H,2017,450
2015B3PS0085G,2015,404
2008A1TS0320P,2008,248
2019AAPS0229P,2019,514
2012B3TS0103P,2012,331
2011A3TS0625P,2011,316
2023A3PS0775P,2023,705
2004A7PS0624G,2004,123
2020A3PS0456G,2020,588
2023A1TS0393H,2023,700
2019AAPS0676H,2019,531
2011A7PS0647H,2011,314
2006A8PS0512G,2006,160
2022A3TS0092P,2022,655
2010B2TS0638P,2010,289
2016A4PS0399H,2016,429
2011A4PS0954H,2011,314
2012AAPS0530G,2012,348
2018B3TS0833G,2018,488
2007B3TS0863P,2007,197
2016B5PS0816P,2016,429
2012A3PS0305G,2012,347
2004A1TS0800P,2004,120
2015A7TS0278H,2015,412
2007B5PS0448H,2007,181
2016B1PS0089H,2016,437
2011B3PS0397H,2011,305
2014A8TS0642H,2014,375
2007B3TS0291G,2007,190
2015B5PS0159H,2015,410
2017B4TS0773P,2017,462
2019A3TS0961G,2019,528
2011AAPS0937G,2011,317
2018A8PS0207H,2018,482
2023A3TS0839H,2023,742
2016B2PS0436P,2016,428
2004AATS0215P,2004,112
2021B5PS0254H,2021,616
2016A4PS0976H,2016,440
2018B1TS0865G,2018,477
2004A8TS0249H,2004,120
2011B5PS0224H,2011,310
2021AAPS0333P,2021,645
2014A1PS0613H,2014,391
2009B4TS0516H,2009,274
2022A4PS0679P,2022,657
2017AATS0002G,2017,462
2007A1PS0368G,2007,194
2012B4TS0844G,2012,348
2006B5TS0696P,2006,173
2011A7PS0251P,2011,311
2006B5TS0176P,2006,167
2021A7PS0657P,2021,629
2012B1PS0075G,2012,332
2008A4TS0950H,2008,244
2021B3PS0611P,2021,649
2015B3TS0890H,2015,417
2019A4TS0109P,2019,546
2015B1PS0741G,2015,420
2019AAPS0233H,2019,510
2015A1PS0892H,2015,416
2015B3TS0960H,2015,401
2017A8PS0389P,2017,450
2006A4TS0368P,2006,152
2024AAPS0635P,2024,778
2007A1TS0132H,2007,175
2022A3PS0949H,2022,680
2012B2TS0697G,2012,340
2024A7TS0803G,2024,763
2004A7PS0692G,2004,101
2010B4PS0060H,2010,281
2016A4TS0162G,2016,436
2005A1TS0927H,2005,135
2014B5TS0865G,2014,385
2015B4TS0086P,2015,401
2012A1TS0322H,2012,341
2017AATS0482P,2017,467
2019A7PS0663P,2019,542
2005A1TS0087P,2005,142
2013B3TS0939H,2013,355
2015B3TS0001G,2015,412
2013A8TS0995G,2013,351
2024AATS0096H,2024,815
2019B3TS0490H,2019,505
2022A7PS0559G,2022,658
2021B1TS0968H,2021,649
2018A7TS0649H,2018,496
2013A7PS0341G,2013,368
2008B1PS0411P,2008,241
2005A1TS0596G,2005,144
2019B4TS0616G,2019,507
2013A7PS0698H,2013,353
2023B3TS0322H,2023,707
2024A3PS0927G,2024,801
2022B4TS0285G,2022,669
2024AAPS0726P,2024,791
2020B1PS0825G,2020,551
2010B3TS0496G,2010,280
2010A7TS0386H,2010,295
2004B5TS0721G,2004,123
2012A1TS0944P,2012,341
2011A4PS0475H,2011,316
2013B1PS0688P,2013,365
2024B1TS0212H,2024,808
2014A8PS0686G,2014,381
2016AATS0583H,2016,436
2004B4TS0520H,2004,108
2007B4TS0942G,2007,197
2024B1PS0099G,2024,790
2018A7PS0978G,2018,498
2024A4PS0511P,2024,754
2019B5TS0883P,2019,542
2023AAPS0538P,2023,722
2008B5PS0569P,2008,238
2015AAPS0412G,2015,419
2019A4TS0367P,2019,541
2004A8TS0556G,2004,108
2009B3PS0922P,2009,267
2019B3PS0724P,2019,538
2021A7PS0749H,2021,628
2015B3PS0135H,2015,406
2005B2PS0224H,2005,137
2021B3PS0862H,2021,604
2013AAPS0046G,2013,369
2013A3TS0689H,2013,367
2004B1TS0332P,2004,114
2015B2TS0226P,2015,418
2018B5TS0568H,2018,491
2009B4TS0337H,2009,267
2014B2TS0079P,2014,397
2020AAPS0154H,2020,574
2007B5TS0812H,2007,185
2015B1PS0759P,2015,403
2010B5TS0585G,2010,290
2024B2PS0302P,2024,823
2019B5PS0134P,2019,505
2012A8TS0634P,2012,333
2010B1PS0747P,2010,281
2023A8TS0101H,2023,732
2012B1TS0089H,2012,348
2007AAPS0031P,2007,178
2013A8PS0885G,2013,359
2014A1TS0481H,2014,391
2006A1PS0306H,2006,173
2016B1PS0052G,2016,438
2018B5PS0153P,2018,489
2016B4TS0699H,2016,434
2014A1TS0901P,2014,381
2015B3PS0110G,2015,404
2021B1PS0492G,2021,612
2017A4PS0398P,2017,457
2019A4PS0913P,2019,544
2024AAPS0358H,2024,823
2008A3TS0349H,2008,230
2014B4TS0944H,2014,388
2017A4PS0099P,2017,469
2004AATS0744G,2004,104
2004A1PS0637G,2004,106
2007B4PS0309P,2007,194
2010B2PS0832G,2010,284
2009B2TS0860H,2009,258
2011B1TS0428G,2011,308
2023A4PS0496H,2023,742
2022A3TS0902G,2022,678
2004B4PS0338G,2004,105
2007A7TS0364H,2007,187
2016A3PS0919G,2016,435
2019AATS0935G,2019,516
2023B5TS0309G,2023,709
2019A3PS0553G,2019,531
2014A4TS0102H,2014,392
2021B1PS0967G,2021,628
2021A4TS0960H,2021,608
2016A8PS0419H,2016,443
2016B4PS0870G,2016,442
2011A8PS0664H,2011,317
2005B3PS0101G,2005,137
2009B4TS0086H,2009,264
2009AATS0029G,2009,253
2009B1TS0194G,2009,254
2005A4TS0944H,2005,129
2022B1PS0295H,2022,668
2004A4TS0936H,2004,121
2017A7TS0026H,2017,453
2004B5TS0631H,2004,110
2008A7PS0578H,2008,248
2014AATS0628P,2014,398
2023B1PS0784G,2023,731
2005B2PS0830G,2005,129
2017AAPS0818G,2017,454
2012A4PS0918G,2012,332
2023B5PS0461G,2023,747
2016B2TS0190G,2016,426
2004A3TS0274G,2004,106
2006B2TS0403G,2006,160
2023A8PS0871P,2023,725
2019A8TS0295H,2019,512
2017A3TS0638H,2017,461
2005A7PS0660H,2005,134
2014A4PS0961P,2014,386
2014B2PS0198H,2014,384
2022B3TS0466G,2022,661
2008A1TS0592G,2008,230
2012A7TS0553G,2012,336
2019A7TS0585P,2019,530
2008B1TS0986P,2008,241
2016B2TS0744H,2016,441
2021B5PS0796P,2021,636
2017A4TS0921P,2017,465
2018B4PS0218P,2018,494
2017B3TS0688P,2017,472
2017A3PS0795P,2017,464
2009A1TS0694P,2009,271
2010A4TS0175G,2010,283
2016A8TS0760H,2016,427
2010A1PS0394H,2010,296
2023B1PS0714G,2023,735
2010B2TS0245H,2010,286
2011A7PS0784P,2011,313
2015AAPS0448P,2015,420
2010B1TS0128P,2010,292
2014AATS0644G,2014,389
2022A4TS0407G,2022,699
2020A8PS0439G,2020,556
2009A8TS0898P,2009,267
2005B2TS0721G,2005,126
2006B4TS0986P,2006,173
2009B5PS0834H,2009,253
2015A1PS0848P,2015,421
2017A4PS0916H,2017,464
2021B3TS0699G,2021,644
2020A4PS0613G,2020,550
2017A1PS0824H,2017,456
2020A1TS0539H,2020,567
2016B5PS0055P,2016,436
2006B4PS0173G,2006,153
2020A1TS0416G,2020,596
2015A3TS0808G,2015,404
2006B2PS0755H,2006,174
2020A7PS0926H,2020,593
2019A4PS0194P,2019,518
2023A8TS0481H,2023,711
2014A8TS0858H,2014,377
2023B4TS0430H,2023,735
2020A8PS0576P,2020,595
2004A4TS0515P,2004,105
2015A4TS0250H,2015,417
2012B1TS0358H,2012,338
2019B2PS0538H,2019,533
2006AAPS0410P,2006,161
2005A3TS0629G,2005,129
2004B5TS0015P,2004,113
2017B5TS0732H,2017,458
2020A4TS0436G,2020,571
2005A8PS0456P,2005,126
2015A7TS0920H,2015,401
2023A7PS0702G,2023,736
2021B1PS0256G,2021,640
2004AATS0307G,2004,108
2015B3TS0608G,2015,411
2007B4PS0907P,2007,198
2014A4TS0546P,2014,388
2011A1TS0351G,2011,322
2009A1PS0822P,2009,259
2016A1TS0577H,2016,448
2019A4TS0010G,2019,509
2011A7TS0526P,2011,308
2014A8PS0399G,2014,399
2007A8PS0704G,2007,176
2008B4TS0953H,2008,228
2021B5PS0501P,2021,647
2004B2PS0703H,2004,108
2007AATS0159P,2007,195
2007A4TS0640G,2007,190
2012B5TS0849G,2012,344
2008A1TS0185H,2008,229
2004B4TS0037G,2004,110
2020A8PS0559H,2020,576
2017B2PS0543P,2017,456
2005A3TS0695H,2005,136
2013A8TS0004H,2013,353
2018A7TS0621P,2018,475
2005B2TS0956H,2005,140
2014A1TS0308P,2014,392
2015A1PS0337G,2015,420
2010B5TS0943G,2010,281
2017B3TS0034H,2017,452
2008A7PS0300H,2008,226
2017A1TS0136P,2017,451
2014A7PS0059H,2014,384
2014B5TS0019G,2014,379
2018A4PS0008G,2018,475
2008AATS0464G,2008,243
2014B3PS0160P,2014,389
2023A3PS0748H,2023,727
2021A7TS0777H,2021,639
2013B3PS0640G,2013,359
2015B3TS0866G,2015,412
2014A8TS0654G,2014,387
2006AAPS0481G,2006,165
2006B3TS0274P,2006,151
2004A1PS0628H,2004,110
2013A4PS0773G,2013,350
2006B5PS0643H,2006,159
2018A1TS0417H,2018,479
2005B3TS0302G,2005,132
2019AATS0910P,2019,543
2021B5PS0085G,2021,645
2005A8PS0025G,2005,129
2008AAPS0977P,2008,233
2010AAPS0779G,2010,299
2023B2PS0818G,2023,722
2011B5PS0783H,2011,315
2022A7PS0633G,2022,680
2022B3TS0512P,2022,671
2022A3PS0774G,2022,669
2019A4TS0029G,2019,509
2010A4TS0916P,2010,297
2004A8PS0203P,2004,114
2007A4TS0620P,2007,199
2019B5TS0075H,2019,523
2004A3TS0886P,2004,114
2007A3PS0051P,2007,182
2007A4TS0312G,2007,195
2007A8PS0395P,2007,179
2011A4PS0114G,2011,320
2007A4TS0204G,2007,196
2012B3TS0365G,2012,334
2024AATS0104H,2024,845
2012AAPS0202G,2012,329
2011B4PS0246G,2011,300
2014A8TS0825G,2014,379
2021A1PS0606G,2021,625
2012B1PS0368G,2012,329
2010A4PS0790P,2010,283
2017B5PS0441H,2017,469
2006B5TS0890H,2006,152
2011B5TS0665H,2011,318
2022B2PS0022G,2022,669
2016B1TS0119H,2016,431
2020AATS0196H,2020,560
2009B4PS0902G,2009,266
2005A7TS0053H,2005,129
2004A8TS0650H,2004,100
2017B5TS0001G,2017,458
2023A7PS0288G,2023,700
2014A7TS0538H,2014,383
2009B3TS0798G,2009,265
2016B2TS0813G,2016,446
2021B1TS0168G,2021,639
2018B2PS0944P,2018,481
2015B1TS0046H,2015,414
2020AAPS0819P,2020,579
2013B2TS0235G,2013,373
2004A1TS0404H,2004,111
2012AATS0552P,2012,338
2009A3TS0984H,2009,257
2020B5PS0122G,2020,555
2021B3TS0326H,2021,616
2012A8PS0361H,2012,330
2011B2TS0176H,2011,311
2024A1TS0056G,2024,831
2005AATS0630G,2005,142
2016B2PS0125P,2016,431
2008A7PS0080G,2008,244
2013B1PS0321P,2013,359
2018B4TS0874H,2018,479
2017B1PS0703H,2017,469
2016A1PS0901H,2016,429
2017A3PS0094P,2017,456
2023B4PS0733G,2023,743
2018B4PS0127H,2018,498
2014B2TS0873H,2014,382
2008A3TS0682G,2008,231
2024A7TS0499P,2024,773
2007B4PS0914H,2007,175
2018A1PS0312P,2018,478
2008A3TS0396H,2008,245
2012A8PS0264P,2012,335
2019B1TS0863P,2019,502
2006B3TS0570H,2006,170
2011B2PS0270G,2011,311
2018B5TS0498G,2018,480
2006B3TS0748P,2006,157
2009A4TS0207H,2009,263
2005A7TS0936H,2005,142
2013A4PS0676H,2013,374
2024B4TS0269H,2024,768
2009AATS0445H,2009,253
2014B4TS0225P,2014,377
2010B3TS0946P,2010,285
2013B5PS0279H,2013,360
2005A7TS0449H,2005,141
2022B4TS0019G,2022,664
2005A7PS0187P,2005,125
2006A7TS0547H,2006,174
2009B1PS0207P,2009,262
2006B1TS0288P,2006,154
2021B4TS0944H,2021,614
2013A7TS0977G,2013,356
2012B1PS0697H,2012,340
2004B5TS0459P,2004,115
2014A1PS0218H,2014,389
2011B4PS0959H,2011,323
2006A4TS0008H,2006,174
2019AATS0295P,2019,512
2007A7PS0251H,2007,175
2006B1TS0605G,2006,158
2007B3TS0581G,2007,175
2011A7TS0773H,2011,321
2020B3TS0740H,2020,568
2023B1TS0871G,2023,734
2005A7TS0575G,2005,127
2018B5TS0462G,2018,481
2011A4PS0786H,2011,306
2006AATS0903H,2006,162
2015B1TS0537P,2015,404
2012A1TS0602G,2012,343
2021B3PS0453G,2021,640
2012A4TS0950P,2012,334
2008A1PS0871P,2008,243
2019AATS0144G,2019,528
2007B1TS0670G,2007,182
2012B2PS0127H,2012,330
2005A1PS0830G,2005,148
2019A1TS0982H,2019,545
2007A1PS0012P,2007,180
2005B1TS0901P,2005,144
2013B1TS0155P,2013,366
2010A3PS0443P,2010,289
2004B3TS0501H,2004,117
2011B1PS0914H,2011,300
2015A3TS0561P,2015,411
2019B5TS0557P,2019,502
2010A4TS0412H,2010,284
2012A4TS0637G,2012,344
2013A7TS0251H,2013,352
2020B2TS0697P,2020,566
2021A3PS0960H,2021,621
2004B5PS0714P,2004,100
2016A7TS0966H,2016,427
2017A3PS0524P,2017,455
2020A3PS0205H,2020,594
2022A7TS0710H,2022,696
2013B5PS0300P,2013,358
2023A8PS0221G,2023,724
2010B2PS0340P,2010,288
2006B1TS0170H,2006,162
2018B3PS0972H,2018,493
2024A8PS0937H,2024,769
2018B1TS0520P,2018,499
2017A1PS0199G,2017,455
2012A3TS0048G,2012,327
2008B2TS0280P,2008,233
2006B2TS0364P,2006,157
2024B3TS0568H,2024,793
2012B3TS0500G,2012,348
2024B3PS0274G,2024,756
2019B4PS0726P,2019,546
2018A7TS0076H,2018,498
2007B5PS0830G,2007,183
2011AATS0370G,2011,321
2015A4TS0275G,2015,414
2015A4PS0994P,2015,409
2010A1TS0738P,2010,291
2020A7PS0858G,2020,561
2009A3PS0632G,2009,263
2009B3PS0670P,2009,261
2022B1TS0364H,2022,676
2020A8PS0667G,2020,555
2012B2PS0037H,2012,334
2009A7PS0264P,2009,253
2007A7PS0875P,2007,179
2007A3PS0799P,2007,193
2019B3PS0474P,2019,539
2013A3PS0600P,2013,357
2020A7TS0935P,2020,593
2017A1PS0172H,2017,469
2023A8PS0103G,2023,710
2018A7PS0693P,2018,487
2010B1PS0772G,2010,299
2009A7PS0188P,2009,271
2010B5TS0692G,2010,290
2018B3PS0323G,2018,479
2017B4PS0681P,2017,471
2018B1PS0443P,2018,484
2023B2TS0991H,2023,743
2009AATS0519H,2009,269
2023B2PS0581H,2023,712
2021A7PS0002H,2021,619
2012A3PS0997P,2012,347
2012A7PS0639H,2012,345
2006B5PS0276G,2006,151
2009A1PS0506P,2009,258
2018B1TS0030H,2018,490
2020AAPS0997P,2020,555
2020A8PS0838P,2020,579
2022B4PS0392G,2022,699
2016B1TS0284G,2016,439
2013B1TS0499P,2013,365
2005A8TS0573G,2005,128
2013A8TS0849G,2013,362
2024AAPS0168G,2024,846
2009B4PS0596H,2009,265
2010B5PS0048H,2010,290
2007B4PS0080P,2007,184
2011B2PS0153G,2011,318
2019A4TS0786H,2019,522
2023A1PS0503H,2023,734
2013B4TS0213P,2013,353
2005A8TS0543H,2005,126
2007B4PS0984H,2007,186
2011B2TS0379G,2011,301
2017A1PS0736G,2017,452
2023A4PS0338H,2023,726
2015B3TS0941P,2015,415
2023B2PS0647G,2023,732
2021B5PS0478H,2021,645
2015B2PS0416P,2015,414
2009A7TS0434H,2009,261
2019A3TS0795P,2019,517
2004B2TS0342P,2004,108
2006B3PS0055H,2006,150
2013B4TS0719H,2013,363
2022A3PS0749G,2022,650
2019A8TS0741G,2019,534
2015B1TS0950H,2015,400
2022B3TS0292H,2022,695
2015B3TS0907H,2015,422
2009A1TS0340H,2009,264
2021B2PS0632G,2021,633
2004A8PS0249H,2004,101
2013A1PS0092P,2013,351
2020B1TS0066G,2020,585
2019B5TS0402H,2019,525
2017B1PS0406H,2017,450
2021A1PS0390G,2021,634
2015A1PS0808G,2015,411
2020A4TS0344H,2020,550
2004A7TS0890H,2004,110
2005A4PS0784H,2005,143
2007A8TS0435P,2007,180
2020B2PS0737G,2020,558
2004A8PS0677P,2004,107
2006A3PS0220G,2006,164
2013A1PS0420H,2013,350
2013B5PS0302G,2013,373
2018B1PS0426G,2018,484
2016A1PS0505P,2016,435
2009A8PS0394H,2009,264
2009A8TS0199G,2009,255
2016B1TS0656P,2016,436
2015B3TS0414G,2015,411
2018B2TS0980G,2018,488
2011A8TS0370G,2011,301
2011AAPS0884G,2011,308
2023A7TS0121P,2023,729
2010B3PS0140G,2010,292
2022A7PS0737G,2022,690
2008AAPS0589P,2008,235
2013A8PS0117G,2013,364
2024A3PS0609H,2024,761
2014B4TS0508P,2014,390
2019B2TS0143P,2019,521
2015B3PS0518G,2015,417
2014B5PS0883P,2014,389
2009B5PS0265P,2009,258
2006B5TS0780P,2006,160
2014B5TS0466G,2014,388
2010A8TS0082P,2010,296
2020A8PS0978G,2020,582
2022B2PS0755P,2022,659
2024A1TS0994G,2024,829
2010B5PS0683H,2010,288
2012AAPS0173G,2012,329
2020A1PS0810P,2020,588
2011A8PS0538H,2011,316
2008A3PS0534G,2008,232
2017A1TS0180G,2017,456
2012A8TS0773P,2012,327
2008A1TS0862G,2008,247
2015A8TS0407H,2015,412
2020B3TS0839P,2020,557
2018B5TS0111P,2018,489
2017A7PS0498G,2017,457
2019B1PS0308H,2019,504
2006B2PS0020H,2006,168
2022B4PS0302H,2022,668
2005B2PS0800P,2005,145
2012B3PS0412G,2012,327
2015B5PS0274P,2015,416
2021B4TS0947P,2021,638
2018A1TS0116P,2018,483
2023B4PS0176P,2023,705
2007AATS0921P,2007,193
2004A1PS0288H,2004,116
2021B3TS0197H,2021,624
2008A1PS0810H,2008,244
2004A1TS0120G,2004,101
2015A8TS0325H,2015,417
2017A3PS0607P,2017,470
2010B2PS0996H,2010,298
2017B1PS0370P,2017,471
2022B1TS0484H,2022,654
2010B3TS0588G,2010,288
2016A4TS0031G,2016,428
2008B2PS0706P,2008,245
2023AATS0150H,2023,734
2019A3TS0039P,2019,507
2017B5PS0714G,2017,459
2019A3TS0522G,2019,524
2024B3TS0652H,2024,784
2018A3PS0652G,2018,495
2022B5PS0529H,2022,671
2015A1TS0735G,2015,406
2009A7TS0493G,2009,253
2010B4PS0859G,2010,291
2023B4TS0545G,2023,730
2019AATS0364P,2019,546
2023A7PS0340H,2023,739
2009A1TS0135G,2009,272
2013B5TS0927G,2013,370
2022B4PS0275P,2022,696
2021AAPS0526G,2021,627
2015B4PS0716H,2015,421
2012A4TS0500G,2012,349
2013A1TS0495H,2013,364
2004B5TS0802G,2004,106
2017B2TS0897G,2017,469
2013B2PS0299G,2013,352
2024B5TS0130P,2024,813
2016B4PS0360H,2016,445
2007A8PS0437G,2007,183
2017A8PS0783G,2017,471
2004B3TS0734H,2004,119
2024B1TS0039H,2024,792
2005A3TS0931P,2005,125
2010A4PS0505G,2010,278
2010A1PS0238H,2010,276
2022AAPS0782P,2022,669
2009A4TS0129G,2009,250
2010B3PS0691H,2010,289
2021B2PS0952P,2021,619
2020A8PS0682G,2020,566
2017B3PS0612G,2017,454
2019A8PS0018P,2019,549
2023A4PS0265G,2023,738
2011B5TS0154P,2011,320
2006B1TS0702P,2006,153
2007B5PS0097H,2007,183
2017AAPS0564G,2017,451
2021A7PS0444H,2021,600
2021B5TS0206P,2021,642
2020A7PS0584P,2020,579
2016B5PS0684H,2016,441
2021B1PS0593H,2021,620
2005B2TS0131H,2005,137
2023B4PS0434G,2023,740
2006B5PS0943G,2006,158
2014B2PS0855H,2014,377
2018A8TS0898G,2018,489
2012B4PS0780H,2012,338
2014A3PS0774H,2014,396
2024A7TS0796G,2024,794
2007A1PS0108G,2007,179
2023A4TS0435P,2023,723
2020A7PS0272P,2020,564
2007A1PS0961G,2007,191
2011B5TS0390P,2011,321
2017A8TS0528H,2017,458
2006A3TS0922H,2006,168
2014B1PS0563P,2014,379
2011B2TS0876P,2011,314
2014A7PS0013G,2014,380
2020B5PS0247P,2020,581
2008A4TS0471G,2008,237
2024B1PS0406G,2024,824
2021A1TS0972P,2021,627
2015B4TS0743G,2015,411
2019B1PS0381G,2019,502
2019AATS0460P,2019,536
2005B4TS0957P,2005,147
2014A4TS0950G,2014,387
2006A1PS0583P,2006,159
2015B2PS0789G,2015,414
2007A1PS0133P,2007,183
2017B5PS0192G,2017,466
2022B2PS0558G,2022,670
2008A4TS0052H,2008,226
2020B3PS0230G,2020,554
2014A8PS0913G,2014,393
2012A4TS0107H,2012,348
2007B5TS0661P,2007,191
2007B4TS0951G,2007,183
2009A3TS0936P,2009,261
2009A8PS0145G,2009,259
2022B1TS0945P,2022,674
2005B5TS0116P,2005,144
2010A3PS0125P,2010,284
2007B4TS0974H,2007,196
2006A8PS0563H,2006,159
2018B3TS0111G,2018,482
2018A4TS0999H,2018,496
2018B3PS0429G,2018,483
2008B5TS0092P,2008,240
2008A8PS0204H,2008,228
2006A3TS0856P,2006,164
2010AATS0497G,2010,276
2017B4TS0705G,2017,464
2013AATS0495P,2013,360
2005A7PS0943G,2005,140
2004AATS0593G,2004,106
2017AAPS0437P,2017,467
2014A3TS0627H,2014,390
2017AATS0571G,2017,464
2023B2TS0282P,2023,719
2007A7TS0159G,2007,176
2015B1TS0337P,2015,415
2018A4TS0757G,2018,480
2016B4TS0417H,2016,429
2022A8TS0895P,2022,657
2015B5PS0697H,2015,411
2007A4TS0191H,2007,182
2023A8PS0461P,2023,740
2018AAPS0195P,2018,499
2012A7TS0969H,2012,346
2004AAPS0450P,2004,108
2013B4PS0547G,2013,358
2009B4PS0005H,2009,264
2015A7PS0794H,2015,413
2013AATS0182G,2013,360
2021B1PS0298H,2021,630
2006B4PS0528H,2006,163
2015B2PS0698P,2015,403
2023B1TS0598H,2023,720
2013A7TS0403G,2013,360
2008A7TS0284H,2008,225
2022AAPS0806G,2022,696
2012B2TS0867H,2012,349
2022B1TS0267H,2022,683
2014A8PS0707H,2014,382
2018B4PS0290G,2018,485
2013A8TS0618H,2013,369
2019A3PS0346G,2019,547
2010A3PS0333P,2010,294
2011A1PS0115H,2011,317
2018A4PS0118P,2018,488
2022A4TS0348G,2022,664
2015A7PS0324G,2015,404
2007B1TS0414G,2007,181
2022A3TS0409P,2022,688
2020B4PS0632P,2020,593
2024B3TS0475G,2024,800
2005B5TS0962G,2005,136
2024B2TS0531P,2024,849
2013A1PS0357G,2013,350
2015B5PS0173H,2015,401
2020AAPS0453P,2020,599
2019A3TS0156P,2019,507
2023AAPS0660H,2023,702
2004B5TS0993H,2004,117
2008A3TS0246P,2008,243
2021A8TS0033P,2021,605
2017A4TS0655P,2017,463
2014A4TS0637P,2014,389
2007B4TS0367H,2007,198
2017A7PS0536H,2017,455
2020A7PS0356P,2020,568
2014B4TS0623G,2014,385
2012A4PS0820G,2012,341
2006A1PS0514G,2006,173
2011B5TS0199P,2011,301
2004B5TS0534P,2004,114
2007A8PS0541H,2007,189
2010B5PS0739G,2010,289
2008A7TS0212H,2008,230
2008B1TS0353G,2008,245
2010B5PS0535P,2010,287
2018B5PS0172P,2018,487
2013B3PS0467G,2013,373
2014B4TS0550H,2014,382
2009A8PS0508P,2009,272
2015A8TS0485P,2015,421
2008B2PS0167P,2008,232
2017B3TS0649P,2017,463
2023B5PS0188G,2023,737
2009A4TS0462H,2009,253
2010B4TS0084P,2010,279
2021B3PS0138P,2021,631
2023A3TS0646H,2023,730
2013A3PS0886H,2013,368
2012A8TS0380G,2012,342
2006A1PS0231P,2006,158
2006B5TS0497G,2006,153
2010B3PS0210G,2010,280
2007A7PS0027P,2007,195
2018A8PS0199P,2018,485
2016A1TS0824H,2016,427
2006A1TS0278P,2006,165
2013B2TS0158G,2013,359
2020B1TS0582P,2020,564
2018B2TS0145P,2018,494
2019A8PS0991G,2019,525
2014B1PS0062G,2014,378
2021B3PS0874H,2021,634
2011A7TS0359P,2011,313
2020A1PS0017G,2020,565
2013B3PS0814G,2013,367
2005AATS0576G,2005,130
2021AATS0552H,2021,649
2022A3PS0153P,2022,682
2011B5TS0087G,2011,302
2012A8TS0160P,2012,327
2010A1TS0822H,2010,284
2006A8TS0030G,2006,170
2024AAPS0052P,2024,841
2015A7PS0433P,2015,419
2008A4TS0455P,2008,242
2008B1TS0805G,2008,244
2005A8PS0377H,2005,125
2009A8PS0774G,2009,259
2021B4TS0892P,2021,635
2023A4TS0117P,2023,727
2015A1TS0152H,2015,411
2017B4TS0044G,2017,463
2021A4PS0579P,2021,615
2011B3PS0834P,2011,317
2020A3TS0372G,2020,570
2017A1PS0556H,2017,452
2018B3PS0294P,2018,494
2018B4PS0020P,2018,490
2011A8TS0845G,2011,316
2004A7PS0334P,2004,118
2017A3TS0332P,2017,471
2006B1TS0839P,2006,170
2022A8PS0888H,2022,669
2017A7PS0383G,2017,468
2007A4PS0811P,2007,186
2015B1PS0855H,2015,408
2005A8PS0833P,2005,132
2012B4PS0191H,2012,326
2021AATS0854G,2021,631
2022A8TS0283G,2022,661
2010AATS0011H,2010,276
2006B4PS0648G,2006,164
2008B3TS0967H,2008,249
2006B4PS0717P,2006,166
2005A7PS0581H,2005,142
2006A7TS0647H,2006,162
2020B5TS0642P,2020,570
2009A7TS0042H,2009,254
2019B5PS0584P,2019,528
2014B5PS0837P,2014,388
2008A1PS0918H,2008,241
2005B2PS0198G,2005,143
2019A4TS0299G,2019,509
2021A8TS0973H,2021,629
2017A3TS0688H,2017,465
2019A8TS0166P,2019,517
2016B3PS0513P,2016,447
2022B5TS0612H,2022,650
2010B2TS0109H,2010,294
2020AATS0085H,2020,585
2004B2PS0783G,2004,111
2023AATS0991H,2023,743
2005B3PS0314H,2005,129
2014A1TS0161H,2014,394
2023B4PS0951P,2023,716
2009A4PS0042P,2009,258
2018A3PS0215P,2018,488
2022A4TS0723G,2022,660
2010A7TS0043G,2010,279
2018A1PS0299G,2018,496
2018A3TS0719P,2018,478
2019A3TS0232G,2019,506
2004B2PS0127P,2004,103
2019A4TS0330H,2019,503
2004B5PS0089H,2004,112
2012B1PS0249H,2012,339
2014B4PS0595P,2014,377
2015B5PS0310P,2015,403
2012B4PS0744P,2012,334
2019AAPS0578P,2019,522
2014A1PS0822P,2014,396
2016B1TS0103H,2016,442
2021B4TS0714G,2021,612
2018A8TS0601P,2018,487
2020A4TS0297H,2020,585
2016AAPS0890H,2016,448
2022A8TS0911G,2022,694
2009B2PS0247H,2009,250
2013B5TS0170P,2013,358
2014A4PS0221P,2014,392
2011B4TS0034H,2011,314
2007AATS0004G,2007,180
2020A7PS0696P,2020,575
2004AATS0252G,2004,117
2011B1TS0001P,2011,320
2022A4TS0604P,2022,676
2024B3PS0104H,2024,778
2019AATS0273H,2019,527
2021A8TS0322H,2021,610
2022A3TS0826H,2022,671
2008A8PS0315P,2008,243
2006A3TS0313H,2006,174
2016A3PS0771H,2016,425
2019AAPS0509P,2019,536
2008B4TS0158G,2008,241
2004A4TS0856P,2004,114
2007A7TS0624H,2007,191
2019B4PS0437G,2019,547
2020AATS0518H,2020,551
2016A8PS0723H,2016,440
2024A4PS0593G,2024,750
2013B2PS0956H,2013,367
2005AAPS0858H,2005,134
2010B3TS0897H,2010,278
2021AATS0290P,2021,632
2019A4TS0716P,2019,521
2005B3PS0540P,2005,148
2011A7TS0078H,2011,316
2008A3TS0263P,2008,235
2012A7PS0428G,2012,333
2019A8TS0244P,2019,526
2024A8PS0555G,2024,758
2015A7TS0828P,2015,404
2019B5PS0757G,2019,523
2006A7PS0678P,2006,150
2022A4PS0509H,2022,696
2015B5PS0158P,2015,419
2017B3TS0417P,2017,454
2019A7PS0512P,2019,509
2012B5PS0436P,2012,336
2012A8TS0612P,2012,332
2015B3PS0347G,2015,405
2018AAPS0531G,2018,493
2016A4PS0313G,2016,440
2013B1PS0702G,2013,353
2023A3TS0832P,2023,700
2013A3TS0670H,2013,354
2023B2TS0050P,2023,733
2010A8TS0901H,2010,292
2016B5TS0879H,2016,440
2020AATS0239H,2020,559
2021B2TS0865H,2021,615
2019A8PS0460P,2019,527
2013A8PS0099G,2013,359
2021B5PS0865P,2021,626
2019AAPS0052H,2019,513
2021B3TS0399G,2021,646
2018B2TS0531P,2018,478
2017B3TS0491H,2017,459
2022B1PS0346H,2022,686
2016A4PS0841H,2016,435
2013AAPS0321G,2013,354
2023B1TS0574H,2023,743
2019A4TS0624H,2019,514
2012A4TS0880P,2012,327
2012B1TS0014H,2012,343
2024B1PS0943P,2024,808
2017A1PS0222H,2017,467
2007A8PS0568G,2007,186
2023B1TS0437H,2023,705
2006AAPS0094H,2006,170
2021B2TS0244H,2021,614
2017B4PS0043P,2017,453
2009A4PS0807H,2009,262
2023A3PS0991H,2023,740
2018B4PS0733H,2018,480
2016AATS0591G,2016,445
2008A3TS0519G,2008,249
2021B4TS0669H,2021,643
2009A1TS0393H,2009,271
2022B3TS0423P,2022,677
2021A1PS0327P,2021,640
2020A7PS0832H,2020,580
2024A4PS0883G,2024,822
2014B1TS0650H,2014,378
2024B3TS0411H,2024,832
2012B5TS0553G,2012,343
2011A1TS0263P,2011,312
2024B5TS0698P,2024,760
2019B4TS0430P,2019,500
2021B5PS0134H,2021,600
2012B4PS0801P,2012,338
2022A8TS0715G,2022,695
2007A8TS0478P,2007,187
2023A8TS0818H,2023,738
2024A8TS0953G,2024,771
2014A3TS0336G,2014,396
2009B1PS0490H,2009,250
2010A3PS0835P,2010,287
2021A1TS0027H,2021,604
2017A8TS0351H,2017,457
2018A1TS0016P,2018,479
2004B3PS0833H,2004,104
2021B3TS0384H,2021,609
2012AAPS0057H,2012,345
2009A4TS0749G,2009,254
2018B3TS0329G,2018,481
2014B5PS0720H,2014,376
2023A7TS0066G,2023,731
2006B3TS0011H,2006,159
2009AAPS0638P,2009,272
2009B2PS0583P,2009,253
2004B2PS0342G,2004,102
2015A7PS0512P,2015,421
2004B5TS0315P,2004,121
2022B2PS0797P,2022,652
2009A3PS0949G,2009,268
2017A7PS0999H,2017,474
2018B2TS0076G,2018,479
2015A3PS0932P,2015,415
2023A4TS0346G,2023,748
2021A3PS0999P,2021,613
2015A7TS0565P,2015,408
2013A1TS0120H,2013,361
2022A3PS0079G,2022,691
2011AATS0320G,2011,305
2015A4TS0739H,2015,424
2020A3PS0102H,2020,594
2007A3TS0566P,2007,186
2009B4PS0513H,2009,259
2005A7TS0859P,2005,146
2021A4TS0663P,2021,635
2014B3TS0248P,2014,380
2020B2PS0979H,2020,571
2009A8TS0667P,2009,250
2005B2TS0226G,2005,141
2006A4PS0898P,2006,156
2011A8TS0410P,2011,305
2013B2PS0232P,2013,367
2020B3TS0247P,2020,553
2020A1TS0617H,2020,592
2024B3TS0951H,2024,760
2019A4TS0821H,2019,500
2014B4PS0454G,2014,398
2020A1PS0904H,2020,569
2020B4TS0361P,2020,580
2013B2PS0932H,2013,358
2021A3PS0993G,2021,613
2018A1PS0219H,2018,498
2021A4PS0221G,2021,647
2011B5TS0759P,2011,313
2017B2PS0089H,2017,472
2014A3PS0041H,2014,382
2014A7PS0982G,2014,393
2016A7PS0314P,2016,433
2005A1TS0345H,2005,135
2004A1TS0854P,2004,124
2004AATS0091G,2004,110
2024A4PS0395H,2024,793
2019A8TS0466P,2019,549
2008A7PS0901P,2008,245
2024A7TS0216P,2024,832
2024B2TS0125H,2024,826
2004B3PS0932P,2004,109
2013A1TS0532H,2013,363
2021B4PS0148G,2021,620
2009AAPS0920G,2009,270
2006A3TS0588G,2006,166
2009A8TS0773H,2009,271
2011A3TS0928H,2011,321
2016A7TS0884P,2016,440
2009B5TS0761P,2009,257
2009B1PS0887H,2009,258
2005B5TS0433G,2005,147
2013A4PS0545P,2013,365
2023AAPS0376H,2023,723
2007A4TS0608H,2007,199
2024B3PS0389G,2024,788
2024A7TS0912G,2024,821
2012B1PS0897G,2012,330
2020A7TS0278H,2020,572
2004A7TS0887P,2004,117
2019B1PS0979G,2019,533
2006A8PS0628H,2006,157
2008B4PS0866P,2008,228
2017AAPS0521G,2017,463
2017B3TS0348H,2017,469
2012A1TS0535H,2012,345
2012A7PS0134G,2012,334
2006B2TS0972P,2006,150
2011AATS0144H,2011,304
2008B3PS0799P,2008,229
2017A3PS0660G,2017,457
2006B5TS0940P,2006,170
2019B3PS0668G,2019,545
2010B3PS0095P,2010,281
2018AATS0576G,2018,475
2004B1PS0574G,2004,119
2016A4PS0910P,2016,449
2010B1PS0732P,2010,278
2020A8PS0453G,2020,555
2008A4TS0179G,2008,228
2024B2TS0725H,2024,796
2016A4TS0860G,2016,439
2020B2TS0145H,2020,560
2020A1PS0665H,2020,587
2012A8PS0531H,2012,331
2020A1TS0055P,2020,565
2017B2PS0086H,2017,473
2018A7PS0496P,2018,476
2024A7PS0346H,2024,786
2023B3PS0654H,2023,743
2005B5TS0781G,2005,139
2016B1PS0383P,2016,430
2022AAPS0040P,2022,651
2006A3PS0431G,2006,172
2022B3PS0207P,2022,673
2017B1TS0236P,2017,458
2021A1TS0825H,2021,636
2008B2TS0878G,2008,243
2012B3PS0930G,2012,328
2022B1PS0297H,2022,656
2009A1TS0246H,2009,260
2004B4TS0609H,2004,109
2016B5PS0873G,2016,437
2024B3TS0040H,2024,826
2014B5PS0450P,2014,375
2012AATS0511P,2012,332
2013AATS0889G,2013,368
2024A3TS0065P,2024,804
2022AAPS0978G,2022,672
2015A7PS0847H,2015,414
2010A7PS0863G,2010,278
2007B2TS0417H,2007,179
2023A8TS0886P,2023,706
2011A8PS0095H,2011,308
2021A4TS0004H,2021,620
2005A3TS0346H,2005,136
2007A1PS0624H,2007,181
2009A4TS0770H,2009,264
2022B1TS0138G,2022,698
2017A4PS0934H,2017,474
2010A4TS0193P,2010,278
2013AAPS0615G,2013,355
2021A8TS0384H,2021,628
2004A3TS0184H,2004,118
2005B1TS0058H,2005,127
2004A8TS0004P,2004,119
2004AAPS0749P,2004,100
2019B2PS0344P,2019,506
2024AATS0822G,2024,839
2007B2PS0214G,2007,179
2013B1TS0189G,2013,358
2023A8TS0935P,2023,743
2014A7PS0458G,2014,381
2017B4PS0081G,2017,467
2024B5TS0605G,2024,820
2016A4PS0112H,2016,433
2006B4PS0115H,2006,169
2022AATS0886H,2022,669
2019AATS0280P,2019,533
2011B3PS0857H,2011,315
2012A7TS0061P,2012,329
2023A8TS0169P,2023,724
2019B3TS0383H,2019,521
2010B4TS0677H,2010,276
2013A7PS0074G,2013,357
2013B5TS0641P,2013,369
2015A1TS0028G,2015,418
2007AATS0334P,2007,175
2014B2PS0669H,2014,392
2005A8TS0900G,2005,126
2024B2TS0020P,2024,826
2018B1TS0541H,2018,497
2004A4TS0316G,2004,109
2005B2TS0763G,2005,149
2007B2PS0335H,2007,179
2017B3TS0224H,2017,464
2015B2PS0555P,2015,415
2005A3TS0999G,2005,126
2006B3PS0645H,2006,154
2018A4PS0145G,2018,478
2016B2TS0209G,2016,447
2013A1TS0111G,2013,363
2012B5PS0662H,2012,343
2016B1TS0543P,2016,433
2004B4PS0479G,2004,114
2011A3TS0476G,2011,305
2008B5TS0391H,2008,237
2006A4TS0807P,2006,162
2019B1TS0433G,2019,512
2005A3PS0664H,2005,143
2012A8TS0731P,2012,337
2008A7PS0827G,2008,229
2021A8PS0724H,2021,609
2008A8PS0776H,2008,241
2023B3PS0305H,2023,734
2020A1TS0290P,2020,557
2015B3TS0292H,2015,418
2004B1PS0672P,2004,121
2009A4TS0605P,2009,251
2014A8TS0450P,2014,375
2011A3TS0265G,2011,303
2004A3PS0440P,2004,114
2020B1PS0479H,2020,595
2022B5TS0384H,2022,680
2021B2PS0361H,2021,614
2024A7PS0054H,2024,751
2022B1TS0924P,2022,665
2024B3TS0288P,2024,818
2012B3PS0906G,2012,330
2004A8PS0618H,2004,114
2007B4TS0264P,2007,180
2015A8TS0013P,2015,407
2022B5TS0969G,2022,686
2015A3PS0831G,2015,406
2022B1PS0666G,2022,665
2015B3TS0203H,2015,401
2023B2PS0548G,2023,743
2012A7TS0370P,2012,330
2023A3PS0122P,2023,724
2010B1TS0940P,2010,281
2010B5PS0460H,2010,297
2019A4PS0670G,2019,523
2022B5TS0846H,2022,654
2022B5PS0323P,2022,663
2013A4TS0479G,2013,373
2023A8PS0677P,2023,735
2010AAPS0006P,2010,284
2013A4TS0964H,2013,369
2014A7PS0756H,2014,398
2009A4TS0309G,2009,253
2009B3TS0395G,2009,257
2005B4TS0286G,2005,140
2004B2PS0338H,2004,107
2012B1PS0239P,2012,327
2019A8PS0636H,2019,521
2024A3PS0161P,2024,843
2024AAPS0920H,2024,793
2009A4TS0953P,2009,270
2007A7TS0235P,2007,192
2009B2PS0094H,2009,250
2023B1TS0499P,2023,711
2014B3PS0402P,2014,397
2011B5TS0201H,2011,306
2020B4PS0882G,2020,565
2010B5TS0643P,2010,276
2004B2PS0848P,2004,116
2021A7PS0649G,2021,612
2021B4TS0257P,2021,617
2014B4TS0323P,2014,389
2020B4TS0455H,2020,587
2005B1PS0076H,2005,147
2017B3TS0977G,2017,454
2022B3PS0013H,2022,672
2024A8TS0789P,2024,777
2015AATS0041P,2015,407
2012B4TS0120P,2012,330
2017A7PS0791H,2017,455
2020A1TS0645P,2020,557
2019B1PS0948H,2019,528
2007B1TS0469P,2007,176
2004A4PS0021G,2004,109
2012A1TS0582H,2012,337
2008A3PS0081H,2008,249
2007B1PS0027G,2007,182
2017B5TS0169G,2017,463
2009B5PS0241P,2009,264
2005A7PS0143G,2005,145
2020AAPS0434P,2020,550
2008AATS0691G,2008,248
2012AAPS0975H,2012,343
2013AATS0711P,2013,366
2017A8TS0694P,2017,468
2020A4PS0922G,2020,591
2015A8PS0604G,2015,410
2018B5TS0310G,2018,492
2008A7TS0368P,2008,238
2018A8PS0924P,2018,492
2018A8PS0365P,2018,496
2019B2TS0662H,2019,547
2011A4PS0671P,2011,320
2017B2PS0041P,2017,462
2007AATS0340G,2007,186
2023A3PS0646G,2023,700
2015B2PS0872G,2015,413
2008A8TS0358P,2008,247
2004B5PS0769P,2004,121
2019B5TS0953P,2019,515
2006A4PS0477P,2006,151
2018A3PS0676G,2018,499
2008B3PS0138G,2008,240
2004AATS0592P,2004,120
2022B4TS0993H,2022,654
2015A4PS0169P,2015,422
2022B4PS0080P,2022,689
2008A8PS0374P,2008,243
2022A1TS0947P,2022,670
2016B4TS0283P,2016,427
2006A4PS0288P,2006,154
2008B2TS0343H,2008,246
2006B2TS0718G,2006,174
2009B2TS0513H,2009,269
2006B1TS0873G,2006,158
2007B1PS0351H,2007,194
2016B4PS0395H,2016,430
2022A1PS0665H,2022,664
2006A3PS0741P,2006,153
2013A3PS0711H,2013,373
2009A4PS0559G,2009,272
2018A1TS0103H,2018,492
2018B1PS0993G,2018,478
2007A4PS0087G,2007,189
2019A8PS0996P,2019,518
2018B2PS0837P,2018,492
2012A3PS0510P,2012,329
2012A3TS0780P,2012,336
2021B5TS0587H,2021,646
2007B1TS0722H,2007,181
2010B3PS0460P,2010,276
2022A3PS0358P,2022,684
2008A3PS0279G,2008,231
2020A8TS0016G,2020,582
2004B5TS0261H,2004,109
2024A1TS0524P,2024,799
2021A4PS0263G,2021,604
2016B1PS0104H,2016,441
2004B3PS0053H,2004,107
2022A1TS0613P,2022,668
2013A4TS0246H,2013,360
2010A1PS0600H,2010,289
2019A1PS0078P,2019,533
2007A3PS0031P,2007,189
2022A4PS0434G,2022,691
2016B3PS0936H,2016,427
2012A3TS0799G,2012,345
2011B3TS0992P,2011,303
2022B2PS0874P,2022,672
2006AATS0897G,2006,158
2009A1PS0076H,2009,265
2016B4TS0546P,2016,446
2015A8PS0828G,2015,422
2016B1PS0102G,2016,448
2014A4PS0121H,2014,399
2014AATS0511H,2014,378
2016AATS0166P,2016,434
2021A8TS0472G,2021,633
2014A4TS0287P,2014,387
2019A4TS0893H,2019,524
2021B5TS0453H,2021,630
2004B5PS0542P,2004,121
2016B5TS0488P,2016,426
2018A1TS0883P,2018,486
2011B2PS0526P,2011,304
2004B1PS0004G,2004,115
2016B1PS0445G,2016,442
2016A3TS0368G,2016,427
2009B1PS0619G,2009,263
2011AAPS0583H,2011,313
2021B1TS0509H,2021,603
2024B2PS0646G,2024,796
2013A1TS0402G,2013,356
2022A7TS0483H,2022,691
2005A8TS0526P,2005,142
2011B2TS0298P,2011,313
2006B1PS0431P,2006,161
2021B4PS0569P,2021,633
2021A7PS0470H,2021,649
2017A8PS0630P,2017,456
2012B4PS0267H,2012,326
2006A7TS0882H,2006,166
2019AATS0895G,2019,536
2021B5TS0417P,2021,604
2011AATS0940G,2011,315
2015A3PS0200P,2015,423
2010A8TS0861P,2010,293
2019A3TS0048P,2019,524
2020B3TS0736G,2020,568
2004A1TS0641G,2004,119
2014A4PS0185P,2014,397
2020B1PS0277H,2020,567
2011B5PS0289H,2011,322
2019AATS0972G,2019,543
2024A3TS0465G,2024,831
2017A7TS0617G,2017,457
2021B1PS0296G,2021,614
2020A8TS0741P,2020,553
2019A7PS0806P,2019,544
2021AATS0917P,2021,601
2019A3TS0826G,2019,530
2023B1PS0535H,2023,749
2017B3PS0446G,2017,466
2011B3PS0425G,2011,308
2013AAPS0860G,2013,364
2020B4TS0573P,2020,554
2004B3TS0881P,2004,103
2006B5PS0724P,2006,153
2019AAPS0509G,2019,516
2012B2TS0487H,2012,326
2014B4TS0319P,2014,394
2007B5PS0016H,2007,196
2005A4PS0118G,2005,146
2024B3TS0015P,2024,813
2008B3TS0997G,2008,231
2011A7TS0268P,2011,316
2014B3PS0265H,2014,398
2018A1TS0070H,2018,494
2009B3PS0865P,2009,255
2011B3PS0500H,2011,318
2006B1PS0130G,2006,157
2011B1PS0141G,2011,317
2008B1PS0599H,2008,236
2005B3TS0730H,2005,139
2010B2PS0043G,2010,294
2007B1PS0421G,2007,197
2018B5TS0822H,2018,479
2024B3TS0546H,2024,787
2011A3TS0973H,2011,310
2017B3PS0964G,2017,455
2023A8TS0390G,2023,711
2015AATS0200H,2015,406
2016A1TS0746P,2016,429
2012B2PS0906G,2012,345
2012A8TS0808P,2012,344
2020B4PS0451P,2020,576
2007A7TS0109G,2007,193
2012A1TS0714G,2012,335
2004A1PS0528G,2004,105
2007A3TS0542P,2007,186
2024B3PS0374P,2024,842
2016B2PS0992P,2016,434
2009A1TS0984H,2009,268
2009A4TS0815H,2009,274
2015B2TS0186P,2015,420
2020A8PS0855P,2020,554
2012B3TS0521G,2012,335
2012AAPS0547P,2012,328
2013B2PS0167P,2013,355
2018B4PS0779G,2018,498
2008A7TS0709G,2008,232
2004A8PS0359P,2004,103
2009B4PS0712P,2009,255
2005B4TS0747G,2005,139
2011A7PS0596G,2011,323
2011B2PS0412H,2011,309
2022B3TS0191G,2022,657
2005B1PS0051P,2005,136
2015A7TS0332H,2015,409
2022B1TS0872P,2022,672
2007A7PS0503G,2007,194
2017A3TS0794P,2017,456
2020B3PS0124P,2020,562
2012A7TS0890P,2012,344
2019B3PS0139P,2019,546
2010AATS0857P,2010,275
2021B3PS0856H,2021,611
2007A4TS0812P,2007,176
2015B2PS0077G,2015,415
2021B4TS0665H,2021,615
2011B4TS0788P,2011,304
2013B5PS0919P,2013,374
2022A7PS0283G,2022,694
2013B2TS0209P,2013,362
2006B4TS0703P,2006,169
2024B1TS0339H,2024,841
2004A8PS0684H,2004,103
2019A8PS0698P,2019,545
2021A4PS0315H,2021,621
2015B3TS0525G,2015,408
2018B5PS0251P,2018,485
2023B1TS0832P,2023,734
2013B2TS0542P,2013,360
2016B5TS0438P,2016,425
2022AATS0628G,2022,658
2010B4TS0099P,2010,296
2006B4TS0164P,2006,165
2013A7PS0305P,2013,371
2006A7PS0818G,2006,163
2018A7TS0199G,2018,495
2007A4PS0468H,2007,197
2012B3PS0456H,2012,329
2014AAPS0895G,2014,399
2022B1PS0184H,2022,653
2007A8TS0062H,2007,180
2011B1PS0346P,2011,319
2009AATS0900P,2009,270
2019B2PS0204G,2019,545
2014A1TS0401P,2014,375
2021AAPS0463P,2021,603
2024A7PS0341G,2024,828
2007B2TS0986H,2007,190
2013B4PS0722G,2013,365
2006B2PS0871H,2006,152
2010B2PS0599P,2010,286
2014A3PS0806P,2014,381
2008A7PS0396P,2008,228
2008A1TS0008H,2008,244
2017AATS0083P,2017,452
2023A3PS0046G,2023,728
2008A7TS0610P,2008,227
2017B4TS0734G,2017,473
2013AATS0877H,2013,362
2009A7TS0606G,2009,269
2011B4TS0764P,2011,302
2006B2PS0722G,2006,169
2011B5TS0291H,2011,322
2015B3PS0009P,2015,403
2005B1TS0158H,2005,140
2015A1PS0670P,2015,420
2019A1PS0858H,2019,507
2012B3PS0559G,2012,340
2007AATS0803H,2007,177
2009AAPS0571G,2009,265
2009A7PS0323H,2009,257
2013A3TS0793G,2013,350
2018AAPS0027P,2018,486
2010A1TS0643G,2010,277
2020B4TS0870H,2020,554
2021A4PS0294G,2021,637
2022A8PS0203P,2022,685
2019B5TS0706G,2019,508
2011B5TS0118G,2011,324
2010A7TS0201P,2010,297
2012A7TS0960P,2012,333
2004A4TS0548H,2004,106
2013B3TS0715H,2013,365
2011A4PS0603G,2011,304
2006AAPS0060G,2006,152
2011A8TS0801G,2011,322
2006AATS0219G,2006,173
2020AAPS0049P,2020,560
2009B3PS0107H,2009,273
2018A7TS0287P,2018,484
2010A7TS0968G,2010,295
2013B3PS0673P,2013,361
2024A3PS0548G,2024,839
2009A3PS0963H,2009,263
2007A4PS0935P,2007,186
2008AAPS0035P,2008,244
2009B3PS0959G,2009,264
2006A3TS0197P,2006,164
2023B3PS0052P,2023,732
2017A1TS0756H,2017,472
2019B2TS0813P,2019,509
2009B5PS0755H,2009,269
2010B4TS0507H,2010,297
2005B5PS0156P,2005,139
2005B4PS0724G,2005,147
2019B1TS0863P,2019,523
2024B1TS0221G,2024,849
2012B4TS0455G,2012,343
2024A4PS0052H,2024,775
2005A3PS0193H,2005,143
2004A4PS0312H,2004,117
2007B4TS0388H,2007,189
2006A3TS0914P,2006,157
2004B5PS0833H,2004,112
2023B4PS0733G,2023,741
2010B2TS0874P,2010,286
2019B2TS0698H,2019,515
2009A8TS0260P,2009,250
2011B1TS0225H,2011,314
2024AATS0949G,2024,843
2012A8TS0649H,2012,346
2008A1PS0601G,2008,235
2006A7TS0524H,2006,157
2006B3PS0240P,2006,172
2005A7PS0355H,2005,129
2010B1TS0720P,2010,282
2010B2PS0539H,2010,290
2023AATS0391G,2023,733
2024B3PS0859H,2024,790
2020AAPS0329H,2020,591
2010B5TS0592P,2010,275
2014A8TS0537P,2014,378
2015B3TS0237G,2015,421
2006A8TS0718H,2006,162
2005A4PS0522P,2005,142
2016AAPS0274H,2016,445
2004B4TS0547G,2004,119
2022A1PS0127G,2022,699
2023A1PS0668P,2023,726
2021A3PS0745G,2021,640
2014B4PS0572H,2014,391
2021A1PS0957H,2021,603
2023A4PS0224G,2023,722
2016B5PS0070P,2016,438
2021A7TS0609G,2021,605
2015B4PS0940G,2015,414
2024B1TS0981P,2024,763
2011B5TS0368P,2011,322
2010A3PS0870P,2010,278
2023A7PS0397P,2023,745
2008A3PS0492P,2008,233
2015B3PS0120P,2015,401
2015A1TS0590G,2015,417
2015B1PS0715P,2015,418
2017A7TS0303G,2017,460
2010B1PS0748H,2010,291
2004B5PS0460P,2004,102
2023B1PS0079H,2023,740
2007B4PS0944H,2007,194
2005B4TS0953G,2005,141
2018A1TS0308H,2018,481
2016B2TS0265P,2016,432
2017A3TS0395P,2017,462
2020B5TS0491H,2020,553
2009A3TS0786P,2009,261
2019B3TS0909G,2019,523
2011B3TS0318G,2011,305
2013B5PS0499P,2013,350
2004A3TS0376P,2004,121
2012AAPS0323P,2012,341
2021B4PS0463P,2021,602
2009A7TS0958P,2009,267
2004B3TS0178H,2004,101
2009B2PS0147P,2009,263
2010A8PS0046P,2010,278
2008B3PS0085H,2008,249
2019B3PS0608H,2019,529
2015B3PS0296G,2015,402
2016A1PS0538H,2016,437
2015A7TS0052P,2015,411
2005A3TS0901H,2005,125
2006A8TS0265H,2006,152
2004B2PS0619H,2004,114
2011A4TS0221H,2011,323
2006A7TS0466G,2006,170
2024AATS0170H,2024,758
2019B3PS0620G,2019,530
2014B5TS0035H,2014,383
2016B4TS0345P,2016,425
2012B3PS0968G,2012,338
2018AATS0218H,2018,493
2009A4PS0138G,2009,263
2007A1PS0986P,2007,180
2014B5PS0868P,2014,393
2024A3PS0589H,2024,821
2010B2PS0778P,2010,281
2013A7PS0326G,2013,359
2012A3PS0993G,2012,344
2007B4TS0237H,2007,180
2024A4PS0411H,2024,795
2016A1TS0535H,2016,429
2006A7PS0855P,2006,150
2020A1PS0439G,2020,554
2017A1TS0943H,2017,467
2014AAPS0313G,2014,390
2005AAPS0612H,2005,137
2015A7PS0808P,2015,415
2019B2TS0473G,2019,534
2014A7PS0128H,2014,395
2012A1PS0541P,2012,329
2005B4PS0471G,2005,141
2011B1TS0838P,2011,319
2017B4TS0275G,2017,474
2009A1TS0275H,2009,271
2013A7TS0221G,2013,365
2013AATS0644H,2013,367
2020A7TS0958P,2020,580
2006B2PS0169P,2006,163
2008A3TS0872P,2008,228
2021B3PS0212P,2021,608
2017AATS0187P,2017,472
2017B1PS0613P,2017,463
2013A3PS0607H,2013,356
2017B1PS0497H,2017,453
2020A8PS0341P,2020,571
2021B3PS0084G,2021,622
2014A3PS0192G,2014,398
2007B3PS0318P,2007,176
2022B2PS0451H,2022,684
2005A1PS0137H,2005,135
2004A1TS0975H,2004,118
2015B4PS0263H,2015,414
2008A8PS0754P,2008,233
2017B2PS0096P,2017,455
2009A7TS0003P,2009,273
2005A8PS0765H,2005,136
2018A3PS0974G,2018,488
2005B3TS0669G,2005,134
2005A8PS0789G,2005,136
2007B4PS0914H,2007,198
2008B1TS0840H,2008,229
2023B1TS0725G,2023,739
2022A8TS0914P,2022,688
2013B3TS0468G,2013,363
2021A1TS0594H,2021,638
2014A4PS0511P,2014,398
2009AAPS0884H,2009,273
2024B5TS0270H,2024,788
2007AAPS0817G,2007,190
2023AATS0739G,2023,748
2019B2TS0492P,2019,538
2018B5TS0265H,2018,480
2015B3PS0412P,2015,412
2012B3PS0680P,2012,339
2017B3TS0784G,2017,464
2021A4PS0887G,2021,641
2011A8PS0963G,2011,319
2024A1TS0279G,2024,829
2004A3PS0065P,2004,103
2007B2PS0796G,2007,196
2005A8PS0104H,2005,135
2006A4PS0197G,2006,166
2017B5PS0102P,2017,468
2021A4TS0014P,2021,637
2005B1TS0373G,2005,137
2009A7TS0814G,2009,270
2024A1TS0062H,2024,802
2010B5TS0583P,2010,291
2007A7PS0788P,2007,178
2014A7PS0790H,2014,384
2007A7TS0865G,2007,191
2014B4PS0768P,2014,387
2007A3PS0958H,2007,193
2009A8PS0031G,2009,251
2017B3PS0193P,2017,461
2015B5TS0107P,2015,408
2005A1PS0787P,2005,147
2009B4TS0021P,2009,268
2016B2TS0533H,2016,432
2007A7PS0749H,2007,175
2024A8TS0977P,2024,791
2004B2TS0486P,2004,122
2010B2PS0311G,2010,276
2015A1TS0215G,2015,409
2007AATS0217H,2007,188
2023A1TS0762H,2023,727
2014A1PS0646G,2014,390
2012A4PS0343P,2012,336
2012B1TS0251P,2012,331
2013B1TS0662P,2013,353
2015AAPS0005H,2015,406
2004B4PS0826G,2004,105
2016A7TS0844H,2016,429
2012A4TS0572G,2012,327
2019A3TS0422P,2019,540
2016B1PS0774P,2016,428
2024B3PS0333P,2024,776
2017B1PS0225G,2017,452
2023B2PS0265H,2023,743
2024B2TS0967H,2024,803
2016A3PS0133P,2016,437
2020A8PS0103P,2020,574
2004B2TS0041H,2004,106
2022B4PS0075G,2022,671
2014A7TS0908P,2014,377
2007A1PS0777H,2007,191
2016A7PS0459P,2016,441
2013B5TS0657P,2013,371
2011A4TS0100H,2011,323
2009AATS0564G,2009,271
2014B4TS0539G,2014,395
2012B1TS0823G,2012,347
2011B1PS0362G,2011,304
2022A7PS0442G,2022,699
2024A3PS0681P,2024,835
2020A3PS0718G,2020,588
2012B1TS0210G,2012,345
2013B1PS0662P,2013,351
2005B5TS0833G,2005,127
2012B3TS0396H,2012,327
2010B3TS0229H,2010,296
2017B4PS0189G,2017,452
2018A3PS0129P,2018,490
2020B1TS0419G,2020,577
2017B3TS0217H,2017,471
2021AAPS0958P,2021,620
2010B3TS0249G,2010,285
2020A1PS0684G,2020,552
2018A3TS0384H,2018,486
2005B4TS0705P,2005,143
2021A4PS0676H,2021,641
2005AAPS0907P,2005,139
2021B5TS0059P,2021,644
2004B3PS0809G,2004,109
2009A1PS0840P,2009,262
2021A1TS0032H,2021,643
2007B1TS0289G,2007,199
2018B4PS0489P,2018,499
2021AAPS0373G,2021,635
2006B5TS0056H,2006,163
2008B1PS0579G,2008,230
2017B4TS0219H,2017,454
2009A1PS0372P,2009,251
2022A8TS0360H,2022,679
2020B5TS0395G,2020,585
2011B2TS0699P,2011,302
2014B4TS0829H,2014,389
2006AAPS0503H,2006,168
2006A8PS0093P,2006,156
2011A1PS0270H,2011,303
2023B2PS0407P,2023,745
2011A3TS0083P,2011,312
2024B3PS0044G,2024,839
2004B5PS0569P,2004,107
2020B4PS0090H,2020,572
2006A8TS0839P,2006,169
2015AAPS0984H,2015,422
2009AATS0947H,2009,266
2021B2TS0456H,2021,623
2023B2TS0076P,2023,715
2014B5TS0041G,2014,386
2006AATS0832G,2006,163
2024B3TS0577P,2024,811
2009A7TS0846H,2009,255
2023A3TS0842H,2023,739
2018B2TS0219P,2018,486
2016A8PS0236H,2016,425
2014AATS0278H,2014,381
2023B5TS0081P,2023,700
2014AAPS0428G,2014,398
2018B4PS0624P,2018,475
2015B5TS0300G,2015,401
2015B2TS0476P,2015,404
2018AATS0941P,2018,493
2006A8TS0275P,2006,152
2005B2TS0921G,2005,131
2012B1PS0970P,2012,328
2020B3TS0969H,2020,584
2014A8TS0107P,2014,383
2018B1TS0977G,2018,498
2008B4PS0334H,2008,235
2018A7TS0602H,2018,477
2018B5TS0934P,2018,489
2011B1TS0976H,2011,321
2011B5PS0516G,2011,315
2004A7TS0583P,2004,120
2014A1PS0626G,2014,379
2019B1TS0071G,2019,500
2004A3TS0371P,2004,117
2008B3PS0311H,2008,238
2012B5PS0464P,2012,325
2006B2TS0506P,2006,153
2012B2PS0984H,2012,328
2004B1PS0109H,2004,118
2007A3PS0551H,2007,182
2017AATS0123G,2017,462
2016A8TS0197H,2016,432
2020B1TS0625H,2020,562
2022A8PS0480G,2022,688
2014A1TS0932G,2014,380
2007B3PS0355H,2007,175
2008B4TS0669G,2008,235
2015AATS0449G,2015,412
2012B4PS0612H,2012,347
2017A7TS0759H,2017,453
2023B1PS0047P,2023,748
2013A4PS0502H,2013,365
2021AAPS0236P,2021,604
2008B4TS0091G,2008,235
2024A4TS0193H,2024,768
2017A7TS0935G,2017,454
2019A1TS0380H,2019,527
2012B5PS0096G,2012,341
2015B5PS0961P,2015,412
2008A7PS0725P,2008,226
2018B3TS0069P,2018,482
2021B2TS0783P,2021,637
2012A4TS0807G,2012,331
2017A1PS0924H,2017,459
2017A1PS0981H,2017,454
2021B3PS0582H,2021,619
2012A8TS0911H,2012,329
2010A4TS0733P,2010,288
2017B5PS0766G,2017,465
2019B5PS0981P,2019,519
2019AATS0276H,2019,534
2016B2PS0879P,2016,425
2009B1PS0568G,2009,262
2009B4TS0225G,2009,270
2008B5TS0473G,2008,246
2012A7TS0188P,2012,336
2009A1TS0034G,2009,272
2006A7TS0884H,2006,160
2006B3TS0533H,2006,160
2017A3PS0436P,2017,471
2004A1PS0759P,2004,110
2012A7TS0641H,2012,336
2013B2TS0363P,2013,351
2016B4TS0401H,2016,440
2006B5PS0205H,2006,169
2023B2PS0137H,2023,712
2008B5TS0129H,2008,232
2008B3TS0904P,2008,230
2021A7PS0826G,2021,619
2022B5PS0069G,2022,696
2020A4TS0939P,2020,567
2013A4PS0354P,2013,363
2019B3PS0774P,2019,528
2013B2PS0698H,2013,352
2006A7PS0803P,2006,163
2021B4PS0580P,2021,612
2020A7TS0050H,2020,588
2007A4PS0043P,2007,191
2019B3TS0117G,2019,522
2011AATS0312H,2011,310
2019B5TS0917G,2019,501
2010A4PS0846H,2010,298
2009B4TS0761G,2009,271
2006A4PS0341P,2006,166
2022B2TS0109H,2022,689
2023A4PS0538H,2023,707
2017B1TS0389P,2017,472
2006A7TS0703H,2006,158
2015A3TS0859P,2015,404
2015B1PS0574G,2015,409
2016A7TS0160P,2016,443
2024A3PS0199G,2024,828
2007A4PS0054P,2007,199
2012B1TS0532G,2012,338
2014B3PS0399P,2014,386
2009B5PS0658H,2009,272
2023A1PS0656P,2023,705
2005B4TS0362G,2005,137
2015B2TS0956P,2015,417
2021A4TS0714P,2021,616
2020AAPS0304G,2020,594
2011B4PS0399P,2011,324
2004B5PS0335P,2004,118
2022AAPS0337G,2022,670
2022B3PS0126H,2022,653
2016A8PS0190H,2016,439
2018A4TS0813H,2018,489
2019B5PS0678G,2019,521
2024B1TS0831P,2024,794
2012B4PS0762P,2012,341
2006A7PS0147G,2006,156
2011B2TS0766P,2011,302
2021AAPS0164G,2021,600
2004B4PS0837P,2004,101
2019B3PS0710G,2019,545
2018B3TS0451P,2018,491
2007A3PS0207G,2007,187
2006A7TS0180H,2006,158
2020A4PS0471G,2020,582
2019B3TS0086P,2019,535
2012AAPS0367G,2012,348
2007B3PS0666P,2007,184
2010A8PS0856G,2010,295
2011AAPS0899H,2011,310
2023B4TS0392P,2023,712
2019B1PS0685G,2019,529
2004B2TS0500P,2004,102
2012B3TS0685H,2012,334
2005B3PS0067G,2005,143
2007A4TS0283H,2007,195
2005AAPS0001P,2005,147
2018B5PS0148G,2018,484
2006AAPS0998G,2006,156
2011A7PS0799H,2011,317
2004A4TS0992P,2004,116
2021A4TS0495H,2021,609
2011A3TS0337G,2011,324
2009AAPS0943G,2009,266
2018B2PS0547H,2018,480
2024A1PS0470H,2024,848
2021AAPS0534H,2021,617
2019A3TS0170P,2019,544
2021B2TS0921P,2021,617
2022B3PS0292G,2022,657
2004A4PS0149H,2004,118
2017AATS0580H,2017,468
2014B2PS0713P,2014,389
2015AATS0828P,2015,401
2015B5TS0021G,2015,424
2021AATS0867G,2021,619
2022B3TS0045H,2022,698
2018A1TS0727G,2018,494
2018B3PS0076P,2018,484
2014A1PS0417H,2014,377
2020B4PS0788G,2020,550
2020A7TS0613G,2020,571
2016B1TS0136H,2016,443
2013B1TS0755G,2013,350
2015B4PS0607G,2015,415
2006B5TS0833H,2006,165
2017B5TS0729H,2017,464
2006B4PS0921G,2006,162
2023A8PS0048P,2023,741
2013B5TS0422P,2013,365
2009B3TS0450P,2009,251
2006A4TS0636H,2006,157
2009B4PS0846P,2009,260
2012AAPS0193G,2012,325
2013A8TS0559G,2013,368
2018A4PS0918H,2018,488
2014B1TS0586P,2014,393
2011AAPS0177G,2011,303
2023A4PS0204P,2023,723
2004A8TS0474G,2004,110
2005B4TS0534H,2005,144
2004B5PS0361G,2004,106
2011AATS0141H,2011,304
2017AAPS0467H,2017,473
2014A3PS0963G,2014,376
2006B1PS0465P,2006,156
2015A3TS0439G,2015,411
2024B3PS0666G,2024,779
2017B3PS0660P,2017,455
2012A7TS0496H,2012,340
2023AATS0381P,2023,714
2013A3PS0182P,2013,367
2004A8PS0327G,2004,121
2020B4TS0159H,2020,574
2017B4TS0114P,2017,457
2004B4PS0277H,2004,118
2015A4PS0102H,2015,419
2007B4PS0507H,2007,187
2017A4PS0780G,2017,474
2023B2PS0170G,2023,702
2009A8TS0506P,2009,258
2017A8PS0721H,2017,456
2015A1TS0151P,2015,423
2012A8TS0447H,2012,329
2019B3TS0236P,2019,525
2020A7TS0018H,2020,563
2024AAPS0762P,2024,807
2023A4PS0153G,2023,746
2019B3TS0586P,2019,545
2013B5PS0229G,2013,357
2009A8PS0297P,2009,265
2013B2TS0904P,2013,362
2024A3TS0820G,2024,783
2020B3TS0120G,2020,588
2022B2PS0195H,2022,695
2012B4PS0892H,2012,341
2017A7PS0734H,2017,456
2014AAPS0776H,2014,377
2009A8PS0531G,2009,259
2021A4TS0231P,2021,607
2014B4TS0296P,2014,382
2005A3PS0505P,2005,133
2024B2TS0001H,2024,812
2007A8TS0810G,2007,177
2016AATS0338H,2016,440
2024A4PS0744H,2024,787
2013B2PS0533G,2013,369
2024A1PS0946G,2024,815
2016B2TS0439P,2016,446
2021B3TS0682P,2021,624
2008A3TS0648G,2008,244
2022B2TS0183H,2022,691
2004A8TS0286H,2004,117
2021B5TS0299G,2021,631
2015B1TS0991P,2015,412
2006B1TS0617G,2006,160
2004B4PS0907P,2004,118
2022B3TS0859P,2022,685
2017A3TS0303H,2017,464
2013B2TS0280P,2013,359
2021B3TS0275G,2021,608
2012B1TS0783P,2012,346
2019A3PS0150G,2019,532
2014A7PS0514P,2014,389
2007A3TS0270G,2007,180
2021B5TS0464P,2021,604
2020A3TS0442P,2020,580
2019A7PS0902H,2019,532
2016A8PS0942P,2016,430
2005A1PS0871H,2005,136
2012B2TS0416P,2012,333
2013B5PS0733P,2013,371
2022A1TS0480H,2022,677
2017A7TS0515G,2017,463
2005B2PS0850G,2005,130
2008B3PS0291H,2008,248
2007A1TS0062G,2007,185
2018A8TS0928P,2018,488
2009A8TS0113P,2009,264
2015B4TS0102P,2015,412
2015B3PS0275P,2015,400
2013B2PS0427G,2013,352
2005B2PS0651P,2005,132
2020B2TS0899G,2020,597
2023AAPS0400G,2023,704
2004B1TS0572G,2004,107
2004B4PS0731G,2004,100
2016B1TS0746P,2016,446
2007A3TS0618P,2007,192
2021A1PS0434G,2021,632
2015B5PS0551P,2015,420
2022B4PS0928P,2022,684
2014A3TS0052P,2014,397
2007AAPS0249H,2007,176
2017A7PS0706P,2017,455
2006B4PS0294P,2006,172
2016A1TS0591G,2016,433
2023B5TS0727H,2023,738
2014A4PS0559P,2014,387
2016A1PS0306P,2016,426
2017B4PS0907P,2017,450
2006B1TS0482H,2006,156
2013B5TS0150H,2013,360
2012B5PS0689P,2012,327
2019A7TS0204H,2019,535
2009B5TS0726P,2009,272
2006A1TS0928H,2006,160
2015A7TS0582H,2015,413
2006AAPS0427G,2006,158
2024B3PS0855H,2024,779
2011B5PS0271P,2011,306
2016B3PS0279H,2016,436
2004B2TS0099P,2004,117
2004A4TS0705G,2004,118
2013B4TS0156H,2013,350
2010A3PS0129P,2010,286
2004A4PS0684G,2004,115
2021B4PS0194P,2021,612
2018A1PS0693P,2018,493
2018B1TS0325H,2018,484
2020B4PS0449G,2020,560
2017A1PS0959P,2017,450
2021B5TS0896H,2021,624
2013B5TS0364H,2013,363
2011B4PS0589G,2011,301
2014A1TS0240P,2014,384
2022AATS0676H,2022,656
2005B3PS0941P,2005,143
2014A3TS0467P,2014,399
2014AAPS0314G,2014,388
2019B4PS0215G,2019,502
2008B5TS0756G,2008,240
2005AAPS0072H,2005,146
2006B5PS0795G,2006,169
2020B1TS0323P,2020,585
2023A4TS0051G,2023,717
2005B4PS0210P,2005,146
2022A4PS0025P,2022,695
2010B1TS0191P,2010,296
2004A1TS0262H,2004,105
2018A7PS0498G,2018,475
2008A3PS0342H,2008,246
2014B2PS0415H,2014,388
2021B2TS0858P,2021,618
2011B4PS0360G,2011,316
2005B2PS0616G,2005,143
2007A3TS0023G,2007,199
2017A8PS0503G,2017,451
2011A7PS0274P,2011,304
2008A8PS0459G,2008,225
2009AATS0266H,2009,253
2015B5TS0252P,2015,409
2015B3PS0247P,2015,406
2018B5PS0238G,2018,486
2022A3PS0192P,2022,656
2010A3TS0606G,2010,295
2011B5PS0990G,2011,320
2014B1TS0378P,2014,389
2024AAPS0289P,2024,787
2011A8TS0007P,2011,318
2011A1TS0561P,2011,300
2004B4PS0543H,2004,108
2006A8PS0945P,2006,151
2010A1PS0717H,2010,287
2007A3TS0754P,2007,192
2019A7PS0941P,2019,524
2007A4TS0501G,2007,184
2006B1TS0719G,2006,153
2016A1TS0743P,2016,447
2023A4PS0376P,2023,708
2019A4PS0435P,2019,522
2010B2PS0328H,2010,291
2006B2PS0351H,2006,164
2021A8TS0269P,2021,634
2013A7PS0415H,2013,372
2012B2PS0301H,2012,349
2016B2TS0664P,2016,443
2012A7TS0350G,2012,328
2006B3TS0796H,2006,171
2021B4PS0003G,2021,613
2015A1PS0889P,2015,407
2004B1PS0377G,2004,106
2010A4TS0880G,2010,275
2005A4PS0640H,2005,134
2007A4TS0511G,2007,192
2016A3PS0893H,2016,428
2022A3PS0508H,2022,659
2012B5TS0353P,2012,334
2010B5TS0673G,2010,283
2007B2TS0538P,2007,183
2007AAPS0586P,2007,193
2023B1TS0507H,2023,700
2014B5TS0554G,2014,380
2012B3PS0288P,2012,329
2009AAPS0039G,2009,263
2019A3TS0254P,2019,528
2013A3PS0726H,2013,365
2023B3PS0982H,2023,709
2011AAPS0823G,2011,302
2021A3TS0506H,2021,645
2019B3TS0560H,2019,504
2019AAPS0875H,2019,532
2009AAPS0614G,2009,262
2008A3PS0748P,2008,235
2020B2TS0672P,2020,573
2010A4PS0948G,2010,288
2018B3PS0325H,2018,499
2015A1PS0546G,2015,420
2005A7TS0056G,2005,136
2021A8TS0988H,2021,633
2024AAPS0117G,2024,847
2022B2PS0913H,2022,654
2006B3PS0715P,2006,174
2007B2PS0640H,2007,190
2019A7PS0637P,2019,511
2021B1PS0772H,2021,614
2014B4PS0264H,2014,390
2012A3PS0897G,2012,338
2007A1TS0856G,2007,198
2013A8TS0379H,2013,358
2012B2TS0245H,2012,331
2022B2TS0640P,2022,689
2006A3TS0168P,2006,160
2023B2PS0201H,2023,706
2005A1TS0022H,2005,129
2019A3PS0652H,2019,510
2012A4PS0413G,2012,327
2004A7TS0560H,2004,100
2010A1PS0673P,2010,293
2020A8PS0404G,2020,593
2011A8TS0166P,2011,313
2007B1TS0654P,2007,193
2008A4TS0963H,2008,237
2022A7TS0896P,2022,684
2018B4TS0845G,2018,498
2008B5TS0388H,2008,237
2022B2TS0641H,2022,660
2014B2TS0802G,2014,387
2008B2TS0825H,2008,245
2019AATS0218P,2019,507
2011A1TS0494G,2011,313
2022A1PS0752P,2022,697
2021B2PS0506H,2021,620
2009A3PS0623H,2009,255
2022A7PS0872H,2022,679
2022B2TS0852P,2022,664
2016A3PS0314H,2016,432
2017A8PS0183H,2017,452
2011A3TS0936P,2011,305
2007A8PS0958G,2007,175
2021B1PS0786G,2021,639
2020B5PS0771G,2020,551
2018B2PS0387P,2018,499
2006B2PS0333P,2006,157
2004A4TS0640H,2004,124
2006B3TS0942G,2006,163
2020A8PS0158P,2020,595
2013A4TS0339P,2013,364
2010A4TS0492P,2010,283
2010A7PS0198H,2010,289
2005A7TS0364G,2005,140
2013B4PS0229P,2013,365
2016B1PS0177H,2016,444
2014B5TS0637H,2014,391
2014A7TS0802H,2014,384
2019B5TS0139G,2019,546
2016A1TS0006H,2016,435
2021B4PS0250P,2021,632
2024A8PS0091G,2024,795
2006A3TS0156G,2006,157
2018B2PS0700G,2018,492
2016B2TS0897H,2016,433
2020B1PS0138P,2020,557
2021AAPS0510H,2021,600
2018A3TS0906H,2018,479
2008B3PS0713P,2008,249
2004B2PS0707H,2004,121
2019B3PS0467G,2019,530
2024A3TS0523P,2024,759
2017A1TS0493H,2017,460
2022A4PS0249G,2022,680
2006B1TS0734H,2006,164
2008B1TS0550H,2008,232
2007B1PS0735G,2007,193
2015AATS0013P,2015,418
2020B5TS0794G,2020,591
2006B3TS0496P,2006,153
2020B3TS0652G,2020,585
2016B2TS0532P,2016,427
2006B2TS0197G,2006,166
2015AATS0375G,2015,412
2013B1PS0488G,2013,350
2017A4TS0654P,2017,458
2013A7TS0099P,2013,351
2006A4PS0562H,2006,158
2022B5TS0402G,2022,658
2012A7PS0954G,2012,341
2016A4TS0465H,2016,427
2020A3TS0766H,2020,575
2015B3PS0433G,2015,400
2012B4TS0665H,2012,333
2008B5TS0487G,2008,244
2022AATS0400G,2022,662
2021B1PS0610G,2021,616
2020B2TS0820H,2020,554
2011A8PS0307P,2011,304
2011A4TS0181G,2011,310
2004AATS0067H,2004,108
2020B3TS0671P,2020,581
2008A1TS0484H,2008,246
2022A7TS0190G,2022,660
2010A7TS0901H,2010,286
2005B3TS0523G,2005,142
2021AAPS0664H,2021,614
2016B3TS0416G,2016,427
2019A1PS0392G,2019,517
2006B5TS0587G,2006,164
2007B5PS0531P,2007,177
2023B3TS0553P,2023,706
2004A4PS0391G,2004,119
2023AAPS0657P,2023,708
2022A7TS0995G,2022,660
2011A4PS0147H,2011,314
2017AATS0287G,2017,454
2009A3TS0676P,2009,254
2005B3PS0232G,2005,149
2016B2TS0558H,2016,448
2004A8PS0604G,2004,104
2010B4TS0044H,2010,292
2022B2PS0980H,2022,667
2019AAPS0606G,2019,514
2022A4TS0651H,2022,652
2023B5TS0861G,2023,713
2024A3TS0504H,2024,769
2019B5PS0955P,2019,523
2018A1PS0661P,2018,475
2024A3TS0334H,2024,760
2008B2TS0883P,2008,231
2017A8PS0965H,2017,465
2018A7PS0670P,2018,498
2018B5PS0074H,2018,478
2022B4PS0509P,2022,657
2008A7PS0677H,2008,238
2016A1TS0575P,2016,435
2022B1PS0256H,2022,660
2022A8PS0051P,2022,663
2023A7PS0114H,2023,701
2008B1TS0740P,2008,246
2024A4PS0848H,2024,823
2018AAPS0777H,2018,486
2022A8TS0432P,2022,686
2019A4TS0039G,2019,505
2008A1TS0616P,2008,248
2008A7PS0692G,2008,248
2019B2PS0884G,2019,539
2006A1TS0407G,2006,170
2019B4PS0847H,2019,507
2004A3PS0945P,2004,109
2020A7TS0501G,2020,571
2018A1TS0570P,2018,492
2010B1PS0601H,2010,282
2012AATS0276P,2012,340
2006B3PS0398G,2006,165
2015B4TS0753P,2015,402
2009B5TS0748G,2009,266
2018B5PS0259P,2018,477
2008B2PS0390H,2008,231
2008B1TS0996G,2008,237
2013B2PS0749H,2013,365
2021B3PS0788H,2021,644
2017B5PS0829G,2017,458
2024A4PS0982P,2024,754
2009AAPS0087G,2009,258
2014B2PS0585P,2014,390
2021B5TS0421H,2021,632
2022B3PS0050H,2022,660
2008A1PS0744H,2008,228
2015A8PS0860H,2015,409
2007B3PS0995G,2007,199
2005B2PS0611G,2005,140
2011A1PS0128P,2011,316
2010B1TS0138G,2010,296
2019B1TS0838P,2019,544
2014B4TS0816H,2014,376
2004A7TS0911G,2004,123
2004A8TS0643H,2004,111
2016A8TS0134P,2016,431
2011B4PS0955G,2011,304
2009A3PS0309G,2009,263
2007B3PS0739H,2007,199
2004A8PS0020P,2004,108
2016A7TS0938H,2016,428
2022B3TS0824P,2022,699
2004A8TS0943H,2004,115
2010B1TS0457G,2010,296
2004B3TS0527G,2004,122
2008A3TS0566H,2008,247
2010A4TS0234P,2010,298
2005B3TS0065H,2005,137
2024B2PS0165P,2024,827
2009B4PS0293G,2009,253
2012B2TS0867P,2012,338
2022A7TS0465G,2022,650
2011B1PS0762G,2011,320
2016AAPS0347H,2016,435
2015AAPS0991H,2015,401
2008A1PS0211P,2008,246
2004A3TS0996P,2004,108
2009AATS0497H,2009,260
2013A7TS0842G,2013,374
2004B4PS0508H,2004,100
2004A4TS0754P,2004,120
2016B2PS0944G,2016,425
2004B3PS0981H,2004,121
2014B5PS0603P,2014,388
2009B4PS0807G,2009,268
2010AAPS0066P,2010,284
2008A4PS0433G,2008,228
2007B5TS0628H,2007,196
2004A4TS0601P,2004,111
2020B3PS0840H,2020,580
2010B5TS0688G,2010,286
2009A4TS0038G,2009,266
2007B2TS0059P,2007,188
2016AATS0421H,2016,446
2014B5TS0821P,2014,391
2014B5PS0097P,2014,376
2006A8TS0813H,2006,154
2020A7TS0608H,2020,554
2009B5PS0140P,2009,269
2024A3TS0247H,2024,800
2011B5TS0552P,2011,300
2012A1PS0948P,2012,342
2012A8TS0380P,2012,336
2019A7PS0977P,2019,531
2011A1PS0717G,2011,313
2022A1TS0113H,2022,668
2007A4PS0331P,2007,197
2010A8PS0356G,2010,276
2016A4TS0494P,2016,438
2015B3TS0308P,2015,413
2006A1PS0731G,2006,158
2012A4PS0322G,2012,339
2024A3TS0636H,2024,776
2021A3PS0015H,2021,601
2008B4PS0252P,2008,231
2020A3PS0684H,2020,584
2013B3PS0475P,2013,356
2021B3PS0095P,2021,637
2012A3TS0524G,2012,343
2021B4PS0736P,2021,603
2015B5TS0938H,2015,413
2022A3TS0705G,2022,697
2013B3TS0963G,2013,360
2024A7PS0810H,2024,759
2024B1PS0512H,2024,830
2019A3TS0523P,2019,525
2013B3PS0947G,2013,362
2011B4PS0832P,2011,314
2005AAPS0712P,2005,149
2023B5TS0101P,2023,717
2014B5PS0877G,2014,390
2010B4TS0992P,2010,292
2021B1TS0189H,2021,601
2005B3PS0178P,2005,128
2023B1PS0519H,2023,727
2012B3TS0046G,2012,338
2015A7TS0743P,2015,420
2022B1TS0303H,2022,696
2011B3TS0358H,2011,322
2024AAPS0592P,2024,813
2007B4TS0112P,2007,182
2016AATS0220G,2016,435
2015A3TS0521H,2015,406
2024B4PS0245H,2024,837
2016A3PS0277H,2016,440
2005A1PS0287G,2005,133
2015AAPS0257P,2015,401
2006B5TS0639P,2006,160
2011A8TS0465H,2011,313
2019B2TS0355H,2019,516
2022A8TS0929P,2022,681
2006A8TS0212P,2006,160
2023AAPS0729G,2023,713
2019AATS0253G,2019,501
2017A4TS0199P,2017,467
2023A7TS0213P,2023,732
2019A4TS0907H,2019,532
2005A4PS0974H,2005,143
2010B5TS0205H,2010,290
2009AATS0937P,2009,273
2007B4TS0697G,2007,191
2023B3PS0643H,2023,700
2011B2TS0055H,2011,310
2019A7TS0616G,2019,540
2017B2TS0983G,2017,464
2010B5PS0678P,2010,299
2018A8PS0649P,2018,498
2023A1PS0111G,2023,739
2009AAPS0318P,2009,268
2019B3TS0939H,2019,500
2010A3TS0192P,2010,287
2024B5PS0060G,2024,783
2020B5TS0993P,2020,559
2009B3PS0880G,2009,272
2014B3PS0236H,2014,386
2008A4PS0945H,2008,232
2023B4PS0454G,2023,727
2006A7PS0098P,2006,168
2010B2TS0791H,2010,283
2017A1TS0356P,2017,470
2022B4TS0721H,2022,670
2009B1TS0298P,2009,255
2019B3TS0456H,2019,516
2012B2PS0358P,2012,332
2004B3PS0860G,2004,111
2010A7TS0388P,2010,286
2022A3PS0604H,2022,692
2022A3PS0931H,2022,692
2024A3PS0848P,2024,816
2008A3PS0797P,2008,226
2015A3PS0005G,2015,421
2018B4PS0366G,2018,491
2018A1PS0856P,2018,487
2018A7TS0963P,2018,475
2007A3TS0228G,2007,179
2019A3PS0542G,2019,524
2007B4PS0811P,2007,176
2013A1TS0947G,2013,365
2019A8TS0669H,2019,534
2014A3PS0230P,2014,378
2017A8PS0146G,2017,466
2015B4PS0869P,2015,419
2014B1TS0145H,2014,389
2004B2PS0085G,2004,118
2015B1TS0969P,2015,405
2020A3PS0827P,2020,570
2009A1PS0479H,2009,265
2020A7PS0675H,2020,565
2012AAPS0821P,2012,346
2012A1TS0779G,2012,336
2024A3PS0625P,2024,799
2017A4TS0641G,2017,451
2006A4PS0413H,2006,171
2015A8PS0352G,2015,424
2009A4TS0346G,2009,266
2019A3PS0034P,2019,514
2016B1PS0986G,2016,430
2021A1PS0424G,2021,646
2013B2PS0891P,2013,373
2004B3PS0311H,2004,113
2019B4PS0291P,2019,507
2009B1TS0051G,2009,258
2023B5TS0953G,2023,717
2012B5PS0590P,2012,344
2020A8PS0819P,2020,579
2016AATS0924G,2016,434
2018A8TS0142G,2018,493
2009A3TS0778G,2009,252
2009A1PS0061P,2009,268
2007A3TS0916P,2007,187
2019B5PS0134P,2019,523
2005A7TS0827P,2005,127
2022A8PS0401G,2022,671
2019A3TS0956G,2019,510
2004A4PS0372P,2004,123
2015A4PS0314P,2015,408
2021A4TS0767P,2021,643
2024B2PS0084G,2024,823
2018AAPS0954P,2018,491
2020A8PS0460P,2020,576
2015A4PS0706P,2015,415
2022B4PS0096P,2022,654
2006A8PS0770H,2006,160
2011A8TS0233H,2011,308
2009A1PS0328G,2009,271
2013B1TS0646P,2013,373
2008A8PS0832H,2008,249
2006A4PS0838P,2006,155
2006B1PS0367P,2006,170
2005A4PS0552H,2005,128
2013A8TS0825H,2013,357
2021B5PS0986H,2021,601
2022B4TS0814P,2022,681
2008B5PS0016H,2008,241
2018A1TS0787G,2018,479
2022AAPS0363P,2022,699
2018B2PS0307H,2018,483
2014B4TS0841P,2014,395
2010A4TS0810G,2010,277
2014A1PS0357H,2014,377
2016A3PS0408P,2016,442
2005B1TS0357P,2005,129
2020B2TS0888G,2020,564
2024B5PS0138H,2024,804
2018A1TS0400G,2018,484
2024AAPS0371G,2024,770
2021B1PS0825H,2021,625
2007A8PS0746P,2007,194
2019A3TS0280H,2019,511
2022A1TS0042P,2022,660
2007B2TS0677G,2007,184
2020A4TS0826H,2020,598
2021B5TS0197P,2021,645
2005B2PS0123H,2005,130
2015B5PS0131P,2015,403
2016A8PS0709H,2016,440
2024B1PS0112H,2024,841
2012A3TS0481G,2012,339
2016B2TS0625P,2016,436
2014AATS0409P,2014,387
2004AAPS0226H,2004,109
2015B5PS0288G,2015,417
2006A4TS0153P,2006,169
2007B1PS0013G,2007,189
2020A4PS0677H,2020,557
2015A7TS0920P,2015,412
2007A7PS0484G,2007,199
2006A7PS0159G,2006,168
2014A4TS0776G,2014,382
2008B5PS0921P,2008,247
2006A7PS0756P,2006,162
2009A3PS0214P,2009,262
2023B2TS0086H,2023,746
2017B4TS0796G,2017,468
2022AAPS0910P,2022,666
2010B5TS0243P,2010,290
2006A3TS0125G,2006,167
2016A4PS0465H,2016,441
2016A8PS0216G,2016,441
2020A8PS0617P,2020,555
2019B4PS0492P,2019,511
2023B5PS0777P,2023,703
2019B1PS0240P,2019,515
2005A1TS0525P,2005,136
2017A8PS0252H,2017,450
2023B4TS0569G,2023,711
2017A3PS0457G,2017,467
2008A4TS0773G,2008,247
2020B4PS0198G,2020,594
2008B4PS0462P,2008,225
2017A3TS0184G,2017,453
2015A3PS0011H,2015,409
2012A1PS0277P,2012,337
2008B1TS0910G,2008,231
2014A1TS0279P,2014,388
2023A3TS0772G,2023,722
2008A1TS0645G,2008,236
2005A3TS0105H,2005,142
2014B3TS0063P,2014,382
2014B4TS0488H,2014,399
2007A7TS0382G,2007,196
2021A4TS0585P,2021,619
2017A8PS0690H,2017,462
2018B3TS0790H,2018,492
2019B1TS0089P,2019,515
2006A4PS0519P,2006,154
2015B1TS0796G,2015,400
2022B5TS0359P,2022,683
2024A7PS0588H,2024,787
2004B4TS0531P,2004,108
2015A3TS0092P,2015,401
2019B1PS0274G,2019,545
2020A8PS0722P,2020,573
2022B5PS0336G,2022,686
2011B4TS0180G,2011,311
2007B3TS0003H,2007,194
2010B2TS0070P,2010,296
2016AATS0933H,2016,432
2015B5PS0430H,2015,410
2012A3TS0136P,2012,325
2014B5PS0636G,2014,375
2007AAPS0845P,2007,198
2024B2TS0926P,2024,778
2005A4PS0574P,2005,137
2004B4PS0397P,2004,106
2024AATS0217G,2024,772
2016B2TS0349P,2016,429
2015B1PS0829P,2015,420
2024B2TS0516G,2024,787
2009AAPS0051H,2009,264
2017A8TS0951H,2017,469
2014A8TS0625P,2014,399
2024A8PS0776G,2024,817
2015B1TS0062H,2015,422
2021AAPS0590G,2021,600
2008AATS0035P,2008,228
2007B3TS0296P,2007,184
2011A1PS0887P,2011,310
2010B2PS0593G,2010,289
2020B4TS0588P,2020,586
2014A4PS0941P,2014,390
2009B2PS0525G,2009,256
2017AAPS0801H,2017,474
2012A1TS0621G,2012,348
2006B1TS0018P,2006,151
2010B2PS0493G,2010,287
2013A4TS0219P,2013,362
2011A3PS0125H,2011,322
2018A7PS0323G,2018,489
2011B5PS0669H,2011,314
2022AAPS0776P,2022,650
2018A4PS0391P,2018,499
2018AATS0617H,2018,489
2006B5PS0106G,2006,154
2012A8TS0338P,2012,325
2012A7TS0704G,2012,330
2012A7TS0427P,2012,339
2009A1PS0970P,2009,257
2014A1TS0362P,2014,382
2019A7TS0120P,2019,541
2013A8TS0917G,2013,357
2005B1PS0829G,2005,130
2024A1TS0255H,2024,767
2023A3TS0203H,2023,743
2009B5PS0784H,2009,272
2013B3PS0675G,2013,372
2010B1TS0226H,2010,293
2019AATS0596G,2019,507
2024A4TS0542G,2024,842
2018A7PS0062H,2018,486
2016B4TS0319G,2016,436
2008B4TS0365G,2008,241
2009B2TS0130P,2009,250
2018AAPS0226P,2018,496
2020A4PS0010G,2020,564
2005B3PS0440H,2005,128
2017AAPS0797P,2017,467
2017A7TS0906H,2017,468
2023A1PS0344G,2023,745
2006A7TS0340H,2006,172
2023B4TS0683P,2023,742
2018B4PS0342P,2018,486
2017B5PS0196G,2017,460
2007B4TS0776P,2007,182
2006AAPS0554G,2006,156
2016A8PS0099H,2016,443
2022AATS0063H,2022,661
2005AAPS0555G,2005,140
2005B1TS0980P,2005,136
2024A4TS0615G,2024,772
2004B2TS0818G,2004,123
2013A8PS0954G,2013,355
2023B4PS0550H,2023,710
2012B1PS0980H,2012,328
2018AATS0808H,2018,489
2004AAPS0970H,2004,103
2021A1TS0209P,2021,642
2014A4PS0883H,2014,395
2018A7PS0831G,2018,483
2017A4PS0113H,2017,468
2005B3TS0307G,2005,126
2022B5PS0477P,2022,697
2006B1PS0329P,2006,166
2022A8PS0333G,2022,683
2023AAPS0998H,2023,732
2019B2PS0833P,2019,514
2022B3PS0503P,2022,691
2016A3TS0260G,2016,446
2019A3TS0810H,2019,535
2010A7PS0284G,2010,292
2023B4PS0640G,2023,741
2006B4PS0716H,2006,151
2024B2TS0213G,2024,838
2016A4TS0669P,2016,434
2012AAPS0191H,2012,349
2004B5TS0735P,2004,108
2011A3PS0883G,2011,316
2010A8PS0972P,2010,283
2022B4PS0976H,2022,666
2024B3TS0589P,2024,762
2024A1PS0392P,2024,758
2022B2PS0478H,2022,665
2006A8PS0959G,2006,153
2022AAPS0619H,2022,652
2019A1PS0423H,2019,545
2024A7PS0390H,2024,799
2022B1PS0883H,2022,656
2017A3PS0921P,2017,456
2012B2TS0348G,2012,340
2018B1TS0313P,2018,494
2022B4TS0192H,2022,677
2017B1PS0244P,2017,462
2005A1TS0629H,2005,129
2013B4PS0408H,2013,365
2022B3TS0430G,2022,657
2024A8TS0661H,2024,813
2008A7TS0504G,2008,230
2009A7TS0570G,2009,259
2008A8TS0863P,2008,228
2008A7PS0812P,2008,243
2017B2TS0100H,2017,451
2012A1PS0980P,2012,346
2024A1TS0782H,2024,839
2012AATS0658G,2012,343
2023A4PS0576H,2023,748
2010A8TS0959P,2010,281
2006B4PS0997P,2006,168
2007B4TS0676H,2007,196
2024A1TS0897G,2024,777
2018B3TS0296G,2018,490
2009A3TS0187H,2009,259
2018B1TS0578G,2018,484
2021B3TS0681P,2021,629
2021A1TS0608G,2021,621
2024B3TS0442G,2024,753
2004B1TS0255H,2004,103
2006B2TS0377P,2006,171
2004A7TS0170H,2004,114
2017A3PS0243H,2017,461
2012B4TS0488P,2012,340
2012B4PS0235G,2012,349
2014B1PS0605P,2014,393
2021B2PS0164G,2021,646
2022B1PS0395P,2022,691
2005A7PS0671H,2005,135
2005B4TS0726G,2005,148
2019B3TS0524P,2019,521
2022B5PS0338G,2022,650
2020A4PS0423P,2020,556
2014A4TS0841P,2014,376
2018A8PS0273G,2018,486
2018B2TS0337G,2018,494
2014B1PS0076P,2014,383
2009B4TS0595H,2009,267
2019A8PS0306H,2019,520
2023B3TS0952H,2023,723
2013A7PS0588P,2013,366
2008A3PS0714P,2008,227
2018A8TS0260G,2018,486
2008AAPS0693H,2008,229
2004AAPS0392H,2004,117
2004B2PS0094H,2004,100
2011AATS0358H,2011,310
2024B1PS0205P,2024,793
2024A3PS0199G,2024,788
2017B5TS0694H,2017,454
2005A8TS0140H,2005,137
2008B2PS0457H,2008,235
2006B2PS0606H,2006,153
2015B2PS0541H,2015,422
2012A7TS0127H,2012,334
2011B5PS0699H,2011,306
2017A8PS0722G,2017,452
2022B5PS0613G,2022,672
2013A8TS0783H,2013,373
2014B1TS0038P,2014,378
2006B4PS0072P,2006,172
2011A7TS0340P,2011,301
2022A8PS0003P,2022,687
2022B2TS0633P,2022,653
2009A4PS0682H,2009,272
2009A8PS0395P,2009,266
2006B4PS0749G,2006,150
2010A3PS0035G,2010,286
2016A1TS0481G,2016,434
2016A1TS0541P,2016,434
2023AAPS0527G,2023,721
2006A3TS0766G,2006,154
2010A7PS0863P,2010,291
2017B3PS0348H,2017,454
2011AATS0704P,2011,322
2015B1PS0601P,2015,412
2008B5TS0905G,2008,226
2006A7PS0167G,2006,174
2007A1PS0546G,2007,194
2012AAPS0225H,2012,347
2022B1TS0455P,2022,653
2021A3PS0912G,2021,611
2018B1PS0230H,2018,493
2023B4TS0435P,2023,711
2011B4PS0453G,2011,303
2017A3PS0991H,2017,450
2021A3PS0179P,2021,603
2008A7PS0908G,2008,235
2018B1TS0035G,2018,479
2020A3TS0122P,2020,584
2004B5PS0765G,2004,104
2019B2PS0585H,2019,522
2004B5TS0754P,2004,100
2014A8TS0795P,2014,388
2005A1TS0118P,2005,143
2004B4TS0986G,2004,119
2007B3TS0913G,2007,193
2007A1TS0919G,2007,199
2024A4TS0796G,2024,796
2024A7PS0655P,2024,796
2004B4TS0910P,2004,109
2006A7TS0672H,2006,169
2017B3PS0511G,2017,457
2013A7PS0965P,2013,372
2010A3TS0770G,2010,278
2018A1TS0227H,2018,476
2012B4TS0075H,2012,329
2007AATS0385H,2007,195
2020A4TS0956G,2020,550
2018B5TS0815G,2018,494
2013B3TS0160G,2013,352
2013A8PS0215P,2013,361
2004B1PS0333P,2004,124
2008A4TS0397P,2008,237
2011B5PS0303G,2011,323
2008B1TS0454H,2008,249
2017A1PS0813G,2017,452
2008AAPS0596P,2008,231
2022B4TS0973G,2022,660
2018A7TS0544G,2018,496
2024A1PS0255G,2024,819
2021B4PS0009G,2021,618
2022AAPS0048G,2022,668
2022AATS0557G,2022,697
2014B1TS0323H,2014,377
2015B5PS0154G,2015,409
2007B2PS0368P,2007,194
2010A1TS0854P,2010,278
2006A8PS0255G,2006,155
2023B3PS0646G,2023,741
2019A3PS0107P,2019,505
2015B4PS0388H,2015,419
2009A8TS0610P,2009,257
2022A3PS0292G,2022,697
2019A8PS0304G,2019,520
2015B3PS0153H,2015,416
2016A1TS0955H,2016,449
2023A8TS0831G,2023,714
2014A8TS0798G,2014,394
2013AATS0351H,2013,363
2004B5PS0002P,2004,114
2006A7TS0717P,2006,158
2024AATS0882P,2024,806
2020B5PS0431G,2020,552
2006B2TS0635H,2006,167
2014A8TS0967H,2014,375
2023A3PS0012P,2023,705
2004B5TS0873G,2004,121
2015A4TS0213G,2015,402
2020B4TS0737G,2020,579
2022A8TS0838H,2022,679
2015A7PS0119P,2015,401
2022AATS0283H,2022,689
2007A7TS0283H,2007,199
2007AAPS0157G,2007,199
2005B2TS0741H,2005,129
2004B4TS0422G,2004,122
2013AAPS0718G,2013,361
2022B3TS0869G,2022,667
2011AATS0056H,2011,306
2017A1PS0869P,2017,461
2009B3PS0350P,2009,251
2009A7PS0618H,2009,266
2015A4TS0016G,2015,404
2012A7TS0872H,2012,328
2011B4TS0873G,2011,308
2021A1TS0454P,2021,608
2022A4TS0797H,2022,659
2013A3TS0860P,2013,368
2017AAPS0348P,2017,460
2013A1TS0389G,2013,373
2016B4TS0451H,2016,449
2017B5PS0084H,2017,474
2012B2PS0963H,2012,336
2019AATS0791H,2019,506
2024A1PS0713P,2024,831
2007A4TS0016P,2007,198
2006AAPS0880G,2006,174
2006B2TS0466P,2006,163
2005A8TS0308P,2005,148
2021A1PS0765H,2021,602
2017B2PS0862H,2017,470
2023B4PS0074G,2023,735
2013A3PS0542G,2013,366
2016A4TS0670P,2016,435
2008A3TS0527G,2008,237
2009A8TS0450H,2009,266
2009B5TS0504P,2009,269
2015A3TS0418H,2015,420
2015B4TS0223H,2015,418
2022B4PS0750G,2022,654
2024A1PS0343P,2024,761
2024B3PS0747P,2024,844
2012AATS0107H,2012,325
2022A3TS0624P,2022,671
2021A1PS0951G,2021,605
2017A8PS0969G,2017,474
2020B5TS0971G,2020,572
2004B2TS0254G,2004,117
2024A8TS0863H,2024,796
2007B5PS0402G,2007,196
2024B5PS0684H,2024,774
2008A7PS0934G,2008,246
2011A1PS0162P,2011,300
2014A1PS0661P,2014,375
2019B5PS0628P,2019,533
2022B4TS0717P,2022,658
2005B1PS0772H,2005,135
2017B4TS0652H,2017,455
2019A3PS0681G,2019,509
2021B5TS0034H,2021,640
2005A3PS0785H,2005,139
2011B5PS0260G,2011,321
2017A7TS0052P,2017,472
2010B3TS0337P,2010,294
2009A7PS0724H,2009,254
2018A8TS0391P,2018,480
2022A7TS0775G,2022,685
2012B2TS0788H,2012,343
2012A3PS0680H,2012,325
2011B5PS0634P,2011,317
2011A4TS0965H,2011,316
2005A3PS0794G,2005,146
2009B4TS0998P,2009,252
2009A3PS0104G,2009,260
2020A1TS0174H,2020,552
2024A4TS0298P,2024,838
2021A8PS0810G,2021,621
2008A3PS0695P,2008,234
2008AAPS0354H,2008,248
2019B4TS0822H,2019,507
2014B2PS0096H,2014,389
2016A8TS0614H,2016,443
2016AAPS0213G,2016,439
2024B4TS0927P,2024,756
2004A1TS0205P,2004,101
2013A7PS0975P,2013,360
2007A3TS0398H,2007,182
2015B2TS0363G,2015,424
2022B4PS0791H,2022,678
2018B2TS0486H,2018,480
2022A4PS0674G,2022,697
2015A4TS0703H,2015,400
2007A7PS0912G,2007,184
2007A4PS0676P,2007,194
2011A1PS0926P,2011,323
2021A1PS0452H,2021,648
2007A8TS0014P,2007,181
2011A1TS0828H,2011,315
2005A7TS0673H,2005,142
2012A3PS0029H,2012,338
2004B5PS0009H,2004,100
2011A3TS0282H,2011,315
2013B2TS0716G,2013,367
2014B1PS0274G,2014,383
2004A1TS0870G,2004,117
2022A4PS0021H,2022,684
2021B1TS0555H,2021,625
2008A1TS0490G,2008,244
2024AAPS0877G,2024,760
2019B2TS0580H,2019,520
2023A1PS0631G,2023,745
2012A3PS0499H,2012,349
2008AATS0058P,2008,227
2004A1PS0484H,2004,120
2012B1PS0661H,2012,327
2020AAPS0071P,2020,578
2008A4TS0306P,2008,230
2021B1TS0134G,2021,604
2019A1TS0700G,2019,506
2014B1TS0226P,2014,394
2005A3PS0739G,2005,148
2009B2TS0030P,2009,273
2024B5TS0525H,2024,795
2019B5PS0358P,2019,518
2012B1TS0907P,2012,338
2021A3PS0023P,2021,602
2004B2PS0499G,2004,122
2024B4PS0647G,2024,820
2015B4TS0362G,2015,404
2015A4PS0827H,2015,409
2011A7TS0521G,2011,309
2005B3PS0451H,2005,144
2019A7PS0294G,2019,531
2012A3PS0008H,2012,332
2008B1TS0007G,2008,233
2020A3PS0878H,2020,580
2023B4TS0941H,2023,707
2017B1TS0845H,2017,459
2024A4PS0631H,2024,788
2010AAPS0691H,2010,275
2012A8PS0274P,2012,349
2006A1TS0005H,2006,158
2024B3PS0665P,2024,821
2022A8TS0926H,2022,654
2022A3TS0855G,2022,676
2014A8PS0442G,2014,375
2017A4TS0392P,2017,456
2018AATS0076P,2018,496
2021B2TS0477H,2021,601
2013AATS0377H,2013,352
2007B3PS0895G,2007,183
2019B3TS0716G,2019,531
2014A8TS0099P,2014,378
2020B1TS0877P,2020,597
2008A7TS0543G,2008,229
2022A7TS0545G,2022,676
2007A8TS0761G,2007,178
2008A7TS0539G,2008,243
2022A8PS0929H,2022,651
2019A7PS0510G,2019,503
2013B3PS0357G,2013,362
2016B1PS0404H,2016,442
2013AATS0987G,2013,361
2020B2PS0523G,2020,584
2016A4TS0882G,2016,427
2020B1TS0262H,2020,576
2010A7PS0880G,2010,293
2019B4TS0392G,2019,540
2014A7PS0522P,2014,383
2017B1TS0275G,2017,463
2014B4TS0447P,2014,392
2012A1PS0829H,2012,341
2021B1TS0395G,2021,627
2022B1PS0280P,2022,663
2004A4TS0203H,2004,120
2016B3PS0293G,2016,435
2024A4TS0453G,2024,774
2020A1TS0625P,2020,598
2006B2PS0314G,2006,168
2022AATS0340P,2022,691
2022B1PS0494H,2022,684
2009B1PS0851H,2009,260
2016B4PS0565P,2016,447
2020A4PS0799P,2020,551
2021B1TS0897P,2021,619
2004A8PS0671H,2004,104
2004A7PS0721H,2004,104
2015AATS0464H,2015,424
2015B1TS0963G,2015,416
2017B2TS0379P,2017,453
2016A8TS0839H,2016,448
2011A7TS0918H,2011,324
2013B2PS0668H,2013,364
2007B4PS0235P,2007,182
2011B1TS0278H,2011,308
2021B3PS0586G,2021,618
2016B3PS0949P,2016,444
2014A4TS0534P,2014,396
2008B4TS0903H,2008,239
2020A8PS0492G,2020,577
2021A3PS0252G,2021,611
2005A7TS0743H,2005,126
2015B4PS0593G,2015,424
2020B2TS0232G,2020,560
2022A8TS0232G,2022,679
2009A1PS0605G,2009,262
2010B3TS0158G,2010,292
2022B1TS0848G,2022,666
2024B2PS0833G,2024,769
2007A1TS0253P,2007,180
2016A7TS0734P,2016,447
2004B2TS0750P,2004,117
2008A8PS0617G,2008,237
2007A7TS0162H,2007,184
2004B5PS0548P,2004,100
2024A8TS0113P,2024,815
2022B5PS0717H,2022,682
2008B5TS0900G,2008,231
2016A3TS0612G,2016,449
2019A8TS0018P,2019,536
2013B3TS0538H,2013,350
2012AATS0843H,2012,338
2024A7PS0446H,2024,809
2014A7PS0026P,2014,389
2007B5TS0486H,2007,177
2023B1TS0051G,2023,728
2013AAPS0887G,2013,369
2009B1TS0806H,2009,272
2019A1PS0091H,2019,513
2006B1TS0596G,2006,159
2016B4TS0476P,2016,442
2008B1TS0863G,2008,232
2017A3PS0421H,2017,459
2014B3PS0360H,2014,393
2018AAPS0235P,2018,478
2019B3PS0423H,2019,542
2024A4PS0809H,2024,798
2014A1TS0439H,2014,395
2012B3TS0651H,2012,333
2015A7TS0866G,2015,419
2021B5PS0880G,2021,615
2012A7TS0978H,2012,337
2009AAPS0547P,2009,257
2011A1TS0485P,2011,308
2019A4TS0751P,2019,543
2005A8PS0017P,2005,143
2017A7TS0537G,2017,451
2022A4TS0608P,2022,666
2007B1TS0449H,2007,188
2007B1TS0576P,2007,189
2011B4TS0212P,2011,320
2023B3PS0803P,2023,733
2006B4PS0203H,2006,163
2005A3PS0188G,2005,141
2020A4TS0188P,2020,577
2023AAPS0316G,2023,717
2017A3TS0717G,2017,471
2012AATS0157P,2012,329
2015B1PS0605P,2015,409
2023A7TS0259P,2023,741
2019AAPS0212P,2019,518
2007B4PS0862H,2007,186
2016B4PS0436G,2016,439
2022B5TS0694P,2022,692
2023B4PS0691P,2023,746
2014A1PS0297P,2014,385
2006B1PS0408P,2006,152
2021A4PS0368H,2021,609
2004B1TS0789P,2004,111
2008B1TS0041G,2008,229
2019A3TS0295G,2019,508
2004B2PS0445P,2004,117
2005B4TS0540P,2005,133
2004B3TS0173P,2004,117
2010AATS0804H,2010,283
2023A3PS0968P,2023,728
2008A3TS0926G,2008,239
2010B4TS0903P,2010,285
2006B5TS0646P,2006,165
2015A8TS0389G,2015,402
2011B3TS0291H,2011,323
2023B3PS0599P,2023,741
2021B2PS0680H,2021,642
2016B4PS0603G,2016,445
2004B1TS0967P,2004,110
2013A3TS0294P,2013,364
2015B4TS0451G,2015,412
2024A8PS0153H,2024,833
2006B4PS0830P,2006,157
2020A8PS0955P,2020,563
2006AATS0268H,2006,163
2011B4PS0888H,2011,302
2024AAPS0558G,2024,769
2023B4TS0664G,2023,700
2012A3PS0341P,2012,341
2015A8TS0218H,2015,401
2010A4TS0850P,2010,287
2007A1TS0311P,2007,181
2020A3PS0486P,2020,596
2012AATS0707H,2012,342
2015A7PS0065G,2015,414
2023AAPS0248H,2023,739
2012B5PS0102P,2012,327
2019B3TS0588H,2019,512
2015A1TS0573P,2015,406
2013A1TS0119P,2013,352
2006A4PS0623H,2006,163
2014A4PS0833G,2014,387
2006A1TS0699H,2006,160
2004B1TS0172G,2004,107
2004B4TS0761P,2004,118
2005B2PS0195G,2005,134
2013B4PS0513G,2013,367
2014B2TS0277G,2014,398
2013A8TS0533G,2013,361
2019A7TS0370H,2019,537
2007A3TS0142P,2007,197
2009B5PS0319H,2009,251
2012B4PS0294H,2012,325
2023A8PS0303H,2023,748
2008AATS0895P,2008,226
2023A8TS0467P,2023,726
2012A7PS0330H,2012,340
2023A7PS0745G,2023,744
2009A4PS0002H,2009,264
2011B1PS0298G,2011,324
2023A1PS0102P,2023,721
2020B1TS0646H,2020,570
2015A4PS0538G,2015,411
2005B2TS0267G,2005,140
2018A3PS0904P,2018,497
2006A8TS0563G,2006,166
2013A3PS0206P,2013,367
2004A1TS0746G,2004,106
2024B3PS0056P,2024,763
2024AAPS0757P,2024,834
2022B4TS0404H,2022,681
2008B4PS0420H,2008,236
2015AAPS0601G,2015,416
2011A4TS0281P,2011,315
2014A3PS0945P,2014,393
2010B3TS0711G,2010,297
2005A3PS0951P,2005,139
2004AATS0239G,2004,107
2018A3TS0456H,2018,475
2007A4PS0160H,2007,187
2018AAPS0060P,2018,480
2005B3PS0561H,2005,126
2017B4PS0807H,2017,466
2004B2PS0092H,2004,104
2022A7PS0636H,2022,664
2023B4PS0860P,2023,741
2015B4TS0179G,2015,403
2009A7PS0285P,2009,273
2013A1TS0056H,2013,359
2011A1PS0634P,2011,301
2011A7TS0360G,2011,300
2006A8PS0299P,2006,159
2021B3PS0390H,2021,627
2006B4TS0721H,2006,166
2006A1TS0563G,2006,167
2006A3TS0654H,2006,158
2018A8TS0324H,2018,487
2020B4TS0774P,2020,563
2005A7PS0337P,2005,143
2011B3TS0713P,2011,306
2012B5PS0710P,2012,349
2019B1PS0801G,2019,525
2023B4TS0034G,2023,717
2021A3PS0353H,2021,642
2023B1PS0161H,2023,740
2013B4PS0043H,2013,374
2011B2TS0115G,2011,324
2016A4TS0474P,2016,433
2020A1TS0222H,2020,597
2019A7TS0443H,2019,515
2020B5TS0286P,2020,566
2024A3TS0247P,2024,789
2006A1TS0380H,2006,163
2018A8PS0848H,2018,497
2008A4TS0822G,2008,233
2019B3TS0626G,2019,531
2011B3PS0827P,2011,301
2012B1TS0516H,2012,338
2017A4PS0589G,2017,451
2020AAPS0659G,2020,592
2013B5PS0521G,2013,374
2004B1TS0381P,2004,109
2022A3PS0996H,2022,665
2005A8PS0802G,2005,127
2019B2TS0553G,2019,539
2024A7TS0483H,2024,800
2010A7PS0905P,2010,286
2021A8TS0267H,2021,644
2014B2PS0104H,2014,390
2021A8PS0858H,2021,613
2016B4PS0738G,2016,435
2012A1PS0056G,2012,344
2007A1PS0659G,2007,190
2023B2PS0473P,2023,740
2016B4PS0327H,2016,428
2014A7PS0274P,2014,389
2018A8TS0683P,2018,492
2013B2PS0617P,2013,367
2004A3PS0731H,2004,119
2011B3TS0831P,2011,307
2018B1TS0830P,2018,477
2005AATS0368G,2005,136
2014B2PS0284P,2014,385
2004A8TS0100H,2004,123
2019B1TS0582P,2019,506
2023A7TS0326P,2023,734
2017AAPS0575H,2017,473
2018A4TS0933G,2018,478
2013A8PS0685G,2013,354
2015B2PS0054P,2015,417
2006B4TS0273P,2006,152
2023A1PS0738H,2023,740
2011A3TS0217P,2011,310
2018A1TS0325H,2018,497
2022B5PS0256P,2022,678
2009B5PS0349H,2009,252
2012A3TS0334P,2012,348
2021B4TS0259P,2021,629
2007B2TS0194H,2007,192
2020A8PS0130G,2020,574
2009A3PS0149H,2009,266
2004A4TS0653P,2004,123
2012B5TS0722P,2012,337
2017A3TS0094G,2017,466
2019A3PS0233P,2019,546
2018B2PS0546P,2018,481
2005B3PS0604P,2005,143
2022A1PS0409P,2022,690
2013B3TS0135P,2013,364
2011A3TS0072P,2011,307
2017B5TS0092G,2017,465
2004B2TS0417H,2004,106
2005A4TS0577P,2005,133
2010A3TS0328H,2010,299
2022A3PS0878G,2022,666
2012A3TS0490G,2012,334
2017A3PS0039H,2017,465
2019A3PS0185P,2019,540
2016B1TS0554G,2016,440
2009AATS0972H,2009,269
2017A4PS0372H,2017,469
2018B3TS0891G,2018,477
2014A3PS0497P,2014,391
2023A7PS0963P,2023,739
2014B1PS0924H,2014,386
2014A1PS0715G,2014,383
2005A7PS0509P,2005,140
2023A3TS0714H,2023,724
2014B3PS0317G,2014,379
2012A7TS0873P,2012,327
2019A8TS0426P,2019,544
2009B4PS0049H,2009,269
2021B3PS0664P,2021,601
2017B2PS0872P,2017,462
2016A3TS0080P,2016,439
2004A4TS0759G,2004,116
2013B5PS0998H,2013,352
2023B3PS0742P,2023,731
2017A1TS0250H,2017,472
2019A3PS0106G,2019,544
2022A7PS0761H,2022,693
2009A7TS0720G,2009,252
2022A4TS0015H,2022,675
2022A7PS0765P,2022,680
2013B2TS0277G,2013,362
2018A4TS0186P,2018,493
2016A3TS0966P,2016,433
2013A4TS0514G,2013,366
2006A4TS0158G,2006,162
2024B3PS0671G,2024,775
2018B1PS0821H,2018,476
2023B3PS0734H,2023,730
2010A7PS0840P,2010,289
2010B4TS0017H,2010,283
2017B2PS0371P,2017,467
2016AATS0713G,2016,431
2015B4PS0316H,2015,404
2005A1PS0662H,2005,129
2007B5TS0434P,2007,190
2021A8TS0679G,2021,622
2009A8PS0679G,2009,271
2024B2PS0607P,2024,817
2022A7TS0848G,2022,674
2005B4PS0100G,2005,130
2018AAPS0039P,2018,492
2005AATS0591H,2005,125
2024B5TS0112G,2024,779
2023A8PS0030P,2023,745
2008AAPS0021G,2008,242
2007B4TS0281H,2007,190
2020B4PS0585P,2020,565
2006A1PS0185G,2006,152
2008A4TS0876P,2008,247
2005A1PS0489P,2005,143
2011A7PS0163G,2011,318
2007A8PS0271H,2007,186
2021A8PS0044G,2021,610
2021A4TS0603G,2021,610
2012B5TS0477G,2012,342
2011A8PS0672G,2011,321
2007B1TS0955P,2007,197
2018A7TS0734P,2018,481
2018A1TS0171G,2018,486
2013AATS0921G,2013,371
2012A8TS0429G,2012,326
2006B2PS0098H,2006,165
2010AATS0599H,2010,294
2008B5PS0105H,2008,248
2006B5PS0397H,2006,174
2004B5PS0792P,2004,106
2022A1TS0489P,2022,678
2004A7PS0307G,2004,123
2013AATS0200P,2013,359
2008A4PS0589G,2008,248
2022A3PS0842P,2022,682
2015A3PS0340P,2015,417
2023A1PS0282G,2023,713
2020A4TS0239G,2020,578
2010AATS0358G,2010,281
2024B2PS0821P,2024,806
2005A4PS0923G,2005,126
2021A1TS0649H,2021,632
2007B4PS0031P,2007,178
2004A7TS0784H,2004,103
2018AATS0546H,2018,477
2011B2TS0152H,2011,311
2017A4PS0044H,2017,470
2022B2PS0429G,2022,683
2022B4TS0327P,2022,670
2008B1PS0112G,2008,227
2023B5PS0848H,2023,707
2009B4PS0394H,2009,254
2019B5PS0088P,2019,544
2007B5PS0421P,2007,198
2012A1TS0293G,2012,331
2010B5PS0184G,2010,295
2023B3TS0182P,2023,707
2013A4PS0128P,2013,374
2012A4PS0369P,2012,345
2019B5TS0984P,2019,545
2012A8PS0388P,2012,327
2015A7PS0918H,2015,417
2015B1TS0203H,2015,409
2010AATS0015G,2010,276
2011B5PS0010G,2011,318
2014B4PS0723G,2014,384
2018A8PS0794H,2018,492
2007A8PS0418G,2007,188
2022B2TS0065G,2022,694
2013A8TS0647H,2013,364
2014AAPS0191P,2014,385
2005A4TS0135H,2005,144
2020B2TS0023G,2020,596
2021A3TS0876G,2021,648
2023B4PS0987H,2023,742
2011B5PS0280G,2011,300
2006B4TS0791H,2006,174
2020AATS0448H,2020,588
2021B5TS0612H,2021,619
2018A3PS0919P,2018,494
2009B1TS0075G,2009,257
2008A4PS0519H,2008,242
2017A1TS0467H,2017,451
2009A8PS0273P,2009,261
2016AATS0733G,2016,448
2008A3TS0676H,2008,238
2022AAPS0496P,2022,651
2010B2TS0049G,2010,284
2006B5PS0572G,2006,159
2023AATS0542H,2023,731
2014B5TS0906H,2014,381
2019A3PS0263H,2019,515
2006A8PS0038P,2006,163
2007A8TS0280H,2007,182
2016AAPS0362G,2016,445
2022B1PS0669H,2022,698
2019B4PS0882H,2019,540
2013B5PS0091P,2013,362
2015AATS0701G,2015,416
2012B5PS0004G,2012,347
2021A7PS0005P,2021,603
2007AAPS0606H,2007,185
2016B5PS0699P,2016,425
2021A4PS0385G,2021,601
2021A4TS0518P,2021,618
2020A1TS0456H,2020,562
2018A3TS0718G,2018,499
2021A4TS0399G,2021,608
2015A3TS0305P,2015,410
2018AAPS0008G,2018,492
2008A4TS0585H,2008,234
2004A4PS0999P,2004,104
2020A4PS0051P,2020,577
2024B1PS0704P,2024,763
2011B3PS0831P,2011,317
2024B4PS0747G,2024,780
2016B2PS0034G,2016,442
2009A8PS0582G,2009,268
2008A1TS0617H,2008,231
2006B2PS0469G,2006,168
2008A8PS0662H,2008,247
2017B2TS0860P,2017,453
2016B4PS0119G,2016,432
2015A4PS0181P,2015,420
2010B4TS0070P,2010,289
2013AAPS0066P,2013,372
2014A3PS0145H,2014,387
2005A8PS0971G,2005,127
2013AATS0704P,2013,363
2021A3PS0460G,2021,624
2010A7TS0331H,2010,295
2010B2TS0278H,2010,294
2018AATS0138P,2018,485
2007B3TS0661G,2007,199
2006B5TS0284H,2006,172
2018B5PS0118G,2018,492
2004B2PS0781H,2004,107
2011A1TS0182H,2011,310
2009B3PS0505H,2009,267
2014B2TS0308H,2014,379
2008A4PS0207H,2008,232
2008A7PS0869H,2008,241
2007A8TS0164P,2007,181
2013B5PS0868H,2013,360
2012B3PS0837P,2012,338
2023B5TS0701G,2023,740
2023A8TS0307H,2023,739
2013AATS0587H,2013,358
2018A3TS0850G,2018,497
2014B5TS0880G,2014,386
2020B5TS0872P,2020,565
2015B2TS0910P,2015,420
2023B1TS0139G,2023,731
2004A8TS0367H,2004,113
2022A4TS0430P,2022,679
2015B1PS0237P,2015,420
2016A1PS0060G,2016,428
2006A4PS0213G,2006,167
2008B4PS0469G,2008,232
2016A1PS0827G,2016,436
2006B1PS0482G,2006,160
2004A3PS0378G,2004,114
2013A7TS0381H,2013,367
2006A8PS0041P,2006,169
2014AAPS0923H,2014,388
2018A8PS0201P,2018,486
2010A7TS0664H,2010,277
2021A3TS0769H,2021,632
2018B2TS0825P,2018,485
2015A7PS0356P,2015,404
2006B5PS0405G,2006,170
2005B1TS0409P,2005,134
2019B2PS0896G,2019,529
2019B3TS0322P,2019,502
2019A7TS0358P,2019,511
2023B4TS0346P,2023,709
2015B5TS0154G,2015,400
2016B2PS0098G,2016,427
2022A1TS0254H,2022,672
2009B3PS0319H,2009,271
2005A7PS0611P,2005,131
2014AATS0493H,2014,377
2011B2PS0612G,2011,319
2019A1TS0711G,2019,505
2015B3PS0196H,2015,402
2024A4TS0627H,2024,780
2014B2TS0986G,2014,388
2016A7PS0308H,2016,442
2008AAPS0034P,2008,243
2010A4TS0648G,2010,284
2024A1PS0402H,2024,760
2024A1PS0305H,2024,806
2016A4PS0657G,2016,446
2006A4TS0563P,2006,157
2006A8TS0077G,2006,163
2012AATS0085P,2012,329
2020B4PS0002P,2020,596
2016B5PS0847H,2016,436
2012A4TS0791P,2012,337
2020A8TS0507H,2020,564
2022A8PS0876P,2022,680
2023B2TS0183G,2023,701
2010B3TS0382P,2010,282
2018A7TS0459G,2018,490
2012B5TS0959G,2012,325
2018B1PS0538G,2018,498
2007A3TS0138P,2007,189
2020A8PS0674P,2020,587
2015B1PS0455H,2015,416
2006A4TS0114P,2006,162
2013B5TS0376P,2013,360
2018B5TS0566P,2018,496
2024AATS0661H,2024,776
2020B1TS0478P,2020,575
2017B2PS0480H,2017,470
2014B1TS0356P,2014,389
2013AAPS0255H,2013,353
2021A3PS0013H,2021,623
2019B3PS0774G,2019,522
2015B4TS0004P,2015,407
2017B2PS0350G,2017,451
2013B4TS0529P,2013,371
2007AAPS0071H,2007,180
2015A1TS0027H,2015,407
2006B5TS0552P,2006,169
2015A3TS0550G,2015,409
2010B4PS0776G,2010,288
2018A3PS0147G,2018,476
2024B3TS0478H,2024,840
2007B3PS0826H,2007,184
2011A8TS0970G,2011,317
2012A3TS0748H,2012,347
2018A1PS0843P,2018,484
2018B3PS0008H,2018,499
2012A8TS0374P,2012,347
2021B5PS0492H,2021,608
2006A4TS0739P,2006,163
2016B4PS0822G,2016,436
2015B5PS0320P,2015,405
2020B2TS0755P,2020,563
2024A8TS0938P,2024,824
2006B3TS0283P,2006,153
2011B1PS0291P,2011,316
2018AATS0310P,2018,486
2015B5TS0952H,2015,416
2013B3TS0831G,2013,373
2006B5PS0855P,2006,159
2005A3PS0528P,2005,139
2014B4TS0567G,2014,384
2024B2TS0935H,2024,805
2014AAPS0979P,2014,396
2016B1PS0069H,2016,445
2014AAPS0142P,2014,378
2010AAPS0194H,2010,287
2024A3TS0670H,2024,816
2011B3PS0944G,2011,301
2004B2PS0683P,2004,103
2007B4PS0241H,2007,188
2009B5PS0685G,2009,265
2005A1PS0866P,2005,129
2012B1PS0959G,2012,335
2009A3PS0076H,2009,272
2007AAPS0627P,2007,197
2004A1PS0804P,2004,106
2009A7TS0046P,2009,251
2018B4PS0122H,2018,480
2004A7TS0983G,2004,110
2006A7PS0219G,2006,164
2021B4TS0088G,2021,610
2011B4TS0130P,2011,307
2011B3PS0728P,2011,311
2007B2TS0952G,2007,196
2010B2TS0452P,2010,279
2008A8PS0812P,2008,238
2011A3PS0125H,2011,315
2018A4PS0260H,2018,488
2019B3PS0396G,2019,529
2015B1PS0291H,2015,418
2011B1TS0173G,2011,318
2018A7PS0374H,2018,489
2004B5TS0527P,2004,100
2009A8TS0655P,2009,257
2021B4TS0264P,2021,609
2017A1PS0309G,2017,453
2016B5PS0195P,2016,441
2008A1PS0817G,2008,229
2021B3TS0059H,2021,621
2008B5PS0044H,2008,239
2021B3PS0364P,2021,630
2018B5TS0396P,2018,487
2022A8PS0180G,2022,668
2018B3TS0154P,2018,478
2023A1PS0152H,2023,749
2009B5PS0739H,2009,259
2015A7PS0175H,2015,419
2013B5PS0993P,2013,358
2018B5TS0527G,2018,493
2020B3TS0997P,2020,595
2015B5PS0108G,2015,408
2015A8PS0824P,2015,410
2005B4TS0530P,2005,134
2016B3TS0177G,2016,444
2015B1TS0945H,2015,424
2009A8TS0770P,2009,268
2018B2PS0905P,2018,479
2005A4TS0545P,2005,132
2016B2PS0833H,2016,435
2022AATS0374G,2022,677
2013B1TS0707H,2013,350
2014B2TS0169G,2014,395
2023B1TS0520G,2023,712
2008A8TS0876G,2008,241
2023B2TS0399H,2023,725
2005AAPS0670P,2005,129
2013B2PS0214H,2013,372
2015A1PS0703G,2015,418
2013B4TS0702P,2013,364
2017A1TS0519H,2017,457
2020A7TS0920H,2020,561
2022A7TS0398H,2022,675
2010A7TS0268G,2010,296
2007A4PS0749H,2007,188
2013B5TS0405P,2013,357
2008B3PS0861G,2008,240
2011A4TS0867H,2011,314
2021A1PS0153H,2021,601
2008B5PS0625H,2008,246
2022B4TS0169P,2022,683
2015AATS0062H,2015,420
2010A8PS0812P,2010,298
2004B1TS0507H,2004,100
2022B2PS0930H,2022,659
2024B2PS0142H,2024,781
2015B3PS0217G,2015,408
2023B3PS0166G,2023,708
2019A7PS0215H,2019,519
2012A7PS0184P,2012,344
2023A3TS0913P,2023,747
2018B1TS0641G,2018,484
2023B5TS0813H,2023,700
2016A4TS0442G,2016,435
2019B1TS0121G,2019,528
2016B5TS0642G,2016,447
2020B2TS0088P,2020,568
2011B2PS0915G,2011,317
2023A7PS0644H,2023,717
2020A7PS0095G,2020,570
2021B1TS0643G,2021,642
2008B5TS0834G,2008,243
2021B1TS0009G,2021,618
2018B2PS0085H,2018,489
2009AATS0156G,2009,254
2015A1TS0063H,2015,409
2012B5TS0807H,2012,331
2024A7PS0558P,2024,761
2009AAPS0590G,2009,260
2020A7PS0059P,2020,593
2008B2PS0336P,2008,230
2004B4TS0863H,2004,124
2004B5PS0072P,2004,110
2012A1TS0347H,2012,340
2024B5TS0250H,2024,811
2013B1TS0561P,2013,363
2012A8TS0955P,2012,329
2013B1TS0556G,2013,372
2015A7TS0307P,2015,411
2017B4PS0664G,2017,469
2020A1TS0910H,2020,557
2007A3TS0589H,2007,187
2018A7TS0027G,2018,489
2011A8PS0487P,2011,310
2018A4PS0186P,2018,479
2014A1PS0320H,2014,382
2014A4TS0135G,2014,376
2016B1TS0695P,2016,427
2019AATS0088G,2019,530
2012B1PS0874P,2012,343
2019A8PS0808G,2019,511
2013B5PS0290P,2013,371
2005A7PS0143P,2005,130
2018AATS0212G,2018,475
2005AAPS0422P,2005,134
2006B5PS0964H,2006,150
2013B1PS0189G,2013,358
2021A1PS0536P,2021,634
2010A4TS0369G,2010,295
2019AATS0803P,2019,517
2017B3PS0646P,2017,465
2017A7PS0699G,2017,470
2019B5TS0822P,2019,512
2009B1PS0132G,2009,251
2013A3TS0735G,2013,374
2004A4PS0291G,2004,113
2014B2PS0893G,2014,397
2015A4PS0989H,2015,405
2006A1TS0233H,2006,154
2006A3PS0872P,2006,155
2005B1PS0672G,2005,145
2011A4PS0681P,2011,300
2005A3TS0746H,2005,140
2017B4TS0563G,2017,464
2011A1PS0187G,2011,315
2004B2PS0213P,2004,121
2007A7TS0905H,2007,187
2023AAPS0781P,2023,732
2022B2TS0023H,2022,681
2009B3TS0535G,2009,254
2023AAPS0914H,2023,739
2020B2PS0300G,2020,571
2011B3PS0191P,2011,310
2019A4TS0903H,2019,528
2005A1PS0827H,2005,145
2008A4PS0626P,2008,230
2005B2PS0245P,2005,148
2019A7PS0157P,2019,516
2014A3TS0172G,2014,384
2005A3PS0511G,2005,137
2010A4PS0209P,2010,278
2019A7PS0836G,2019,540
2006A1PS0123P,2006,156
2006B3PS0509H,2006,171
2009A3PS0746G,2009,271
2004B5TS0746G,2004,124
2020B3TS0566H,2020,595
2006B3TS0888G,2006,162
2010A7PS0591H,2010,287
2018A7PS0451G,2018,499
2017B1PS0652H,2017,460
2019A4TS0944P,2019,517
2017A1PS0947G,2017,474
2011AATS0143H,2011,312
2010B1PS0831H,2010,279
2023B2PS0441G,2023,726
2009A3TS0289G,2009,261
2011A8PS0415P,2011,324
2020B3PS0593H,2020,585
2018AAPS0192P,2018,488
2017B5PS0534P,2017,473
2021A3TS0347G,2021,637
2010A3TS0549G,2010,280
2019A1TS0887H,2019,522
2008B5TS0987G,2008,246
2018A3TS0199P,2018,494
2024B3PS0141G,2024,770
2015A3TS0206G,2015,409
2016A3PS0992P,2016,427
2008B2TS0605P,2008,231
2012A7TS0138H,2012,325
2017A4TS0128H,2017,459
2006A4PS0432P,2006,172
2012A1PS0483H,2012,335
2008B1TS0576G,2008,245
2021AATS0987P,2021,611
2012A1TS0921H,2012,346
2022B5PS0135P,2022,677
2011B3PS0019H,2011,300
2008A3TS0262P,2008,240
2023A1PS0853H,2023,716
2024A3TS0863G,2024,802
2021AAPS0341P,2021,617
2017B4PS0543H,2017,459
2016B2PS0978P,2016,440
2016B1TS0695P,2016,426
2009AAPS0734P,2009,266
2012A3TS0459H,2012,339
2014AAPS0181H,2014,381
2013B5PS0201P,2013,363
2023A1TS0156G,2023,716
2018B4TS0835P,2018,492
2012A1PS0594P,2012,327
2007B4TS0335H,2007,183
2004A8TS0690P,2004,114
2008AATS0755P,2008,232
2020A8TS0676H,2020,565
2011A4TS0919H,2011,318
2021B1TS0302P,2021,629
2004A4TS0448H,2004,109
2023A4TS0727G,2023,724
2018A3TS0477H,2018,493
2013A3TS0401H,2013,364
2021A3PS0727P,2021,604
2023A1PS0439G,2023,729
2018A1PS0175G,2018,475
2020B4TS0831G,2020,561
2022B4PS0856G,2022,696
2009B5TS0959P,2009,251
2005B4PS0843P,2005,135
2019A1TS0397P,2019,542
2016B5TS0817G,2016,443
2011AATS0776H,2011,302
2013A8PS0405G,2013,351
2006A8TS0180H,2006,155
2024B2TS0541H,2024,806
2013A4PS0496G,2013,351
2009B4PS0999P,2009,251
2023A4PS0724G,2023,728
2013B3TS0509H,2013,354
2018A3PS0625P,2018,481
2004B2PS0779G,2004,105
2007B5TS0462P,2007,190
2024B1PS0521P,2024,809
2021B4TS0667H,2021,632
2010AAPS0356P,2010,299
2024B3TS0864P,2024,771
2017B5TS0890P,2017,468
2007A1TS0939P,2007,198
2010B2PS0728P,2010,280
2017AAPS0984G,2017,458
2013A8PS0100H,2013,353
2023B4PS0019H,2023,724
2010B5TS0483G,2010,290
2018B5PS0238H,2018,475
2020A3PS0322P,2020,563
2006AAPS0726G,2006,159
2019B1PS0360G,2019,522
2007A3PS0498H,2007,193
2016AAPS0099H,2016,442
2004AATS0068G,2004,112
2020A7TS0851H,2020,552
2009B3PS0222G,2009,263
2016B3TS0692P,2016,443
2023B4PS0877H,2023,729
2007B4PS0834H,2007,194
2021B2TS0047H,2021,632
2011A7TS0055P,2011,313
2017AATS0921G,2017,474
2005B1PS0912P,2005,134
2004A3TS0854H,2004,117
2008B5TS0860P,2008,227
2018AAPS0098G,2018,496
2015A3TS0040G,2015,400
2016B5TS0714P,2016,442
2019A1TS0898P,2019,519
2011AAPS0280G,2011,302
2024B1TS0203P,2024,837
2020A3TS0669H,2020,574
2019A4TS0150H,2019,512
2018B3TS0502G,2018,486
2008A1TS0091G,2008,229
2004A1TS0400P,2004,118
2007A7TS0445H,2007,198
2012B5TS0870P,2012,325
2008B1PS0164G,2008,240
2019A3TS0247P,2019,532
2024B2TS0447G,2024,757
2023B4PS0280G,2023,724
2018A1PS0131P,2018,486
2011B1PS0931G,2011,310
2020A1PS0241G,2020,565
2012A8TS0417G,2012,331
2007A8PS0735G,2007,182
2017B2PS0500P,2017,461
2023B3PS0912G,2023,747
2012B2PS0741P,2012,339
2017A3PS0090G,2017,467
2013A3PS0614H,2013,358
2007A4PS0623H,2007,188
2021A8PS0602G,2021,638
2012A3PS0218H,2012,346
2020B4TS0917P,2020,587
2013A7TS0477H,2013,374
2012B2TS0747H,2012,346
2015B4PS0454P,2015,418
2009A1PS0115H,2009,266
2018A7TS0460H,2018,496
2007B4PS0853P,2007,185
2022B3PS0921G,2022,682
2018B2PS0852G,2018,482
2011A4PS0892P,2011,324
2018A4TS0054P,2018,484
2018B4PS0026H,2018,479
2010B1TS0097P,2010,277
2016B1TS0498H,2016,427
2012AAPS0708P,2012,327
2012A4TS0798P,2012,349
2023B1PS0904P,2023,736
2015A3TS0350H,2015,421
2014A1TS0221P,2014,390
2005A1TS0232P,2005,142
2008B1TS0598G,2008,241
2015B3PS0392G,2015,400
2020B4TS0253H,2020,577
2007B5TS0701H,2007,179
2010A7PS0930H,2010,296
2020A8TS0304G,2020,596
2004B2TS0850G,2004,115
2013A4PS0010P,2013,358
2019B4TS0156G,2019,535
2019B2TS0944H,2019,542
2021B3PS0898G,2021,604
2007A3PS0505G,2007,190
2017B3PS0966G,2017,468
2011A7TS0306P,2011,304
2018A4TS0918P,2018,499
2014B3PS0647P,2014,375
2013A3TS0674H,2013,366
2022B1TS0581G,2022,676
2015B3TS0629P,2015,401
2016A1TS0693G,2016,444
2008B1PS0835P,2008,249
2010AATS0829H,2010,288
2005B2PS0086H,2005,130
2008B1PS0240G,2008,234
2008AATS0356P,2008,237
2018A1PS0286H,2018,476
2023B4TS0150G,2023,705
2014A3TS0535H,2014,393
2017A3TS0769G,2017,473
2007AATS0561G,2007,199
2010A3PS0921H,2010,280
2005A1PS0656G,2005,131
2014A3PS0901G,2014,387
2018B5PS0405G,2018,494
2018B4PS0700P,2018,488
2012B3PS0157P,2012,325
2005A4TS0147G,2005,130
2016A4TS0468H,2016,425
2010A4TS0356G,2010,287
2023A1PS0370P,2023,704
2007A4TS0655P,2007,192
2005B4PS0466P,2005,144
2021AAPS0295G,2021,632
2005A1PS0609G,2005,149
2020B3PS0276P,2020,589
2012B2TS0625H,2012,338
2024A4PS0945G,2024,848
2023A1PS0591P,2023,702
2015B2TS0888G,2015,403
2012B3TS0240P,2012,325
2016A3PS0626H,2016,437
2006A4PS0277P,2006,166
2010A8TS0391H,2010,278
2017B1TS0338P,2017,453
2016A8PS0814P,2016,431
2020B5TS0472G,2020,590
2010A4TS0277G,2010,295
2010A7PS0888H,2010,295
2018AAPS0840P,2018,491
2022A7PS0024H,2022,688
2019B4TS0163H,2019,535
2006B5TS0801G,2006,167
2004AATS0932P,2004,112
2011A8TS0369G,2011,303
2004B2TS0837P,2004,117
2015B3TS0910G,2015,417
2021A4TS0562G,2021,628
2012B2PS0617G,2012,345
2005A1PS0828P,2005,144
2020A4TS0568H,2020,597
2020A1TS0350P,2020,563
2013B3PS0328H,2013,350
2021B2TS0894G,2021,615
2010A1PS0547P,2010,284
2009A4PS0764G,2009,250
2017A7TS0369P,2017,472
2022A4PS0420H,2022,668
2006AATS0017G,2006,163
2014B5PS0559P,2014,379
2020A7PS0731G,2020,563
2019B2PS0099G,2019,513
2018AATS0494H,2018,480
2004B3TS0883G,2004,122
2022A3PS0761P,2022,692
2016A7TS0438G,2016,438
2022B4PS0779P,2022,694
2016A3PS0299P,2016,436
2022AAPS0627H,2022,668
2019A8PS0734G,2019,510
2020A1PS0035P,2020,562
2014B5TS0533G,2014,390
2008B1TS0541G,2008,245
2009A1TS0686G,2009,265
2023B4TS0116P,2023,703
2022A8TS0376G,2022,681
2022A1TS0501P,2022,693
2018A8PS0508P,2018,499
2014A3TS0166H,2014,387
2020B4PS0843P,2020,556
2017B4PS0278H,2017,450
2011A7TS0347H,2011,320
2020AATS0456P,2020,558
2013B3PS0949G,2013,359
2015AATS0302G,2015,416
2024B5TS0251H,2024,823
2010A7TS0342H,2010,276
2022A8PS0572H,2022,676
2018A3TS0347H,2018,475
2017B4TS0797P,2017,451
2013B5TS0151P,2013,356
2012B4PS0801P,2012,329
2004B4TS0620G,2004,113
2020B2PS0735P,2020,589
2018B2PS0046H,2018,476
2006A7TS0695P,2006,168
2013B2TS0134G,2013,371
2004A8TS0291H,2004,122
2011B5TS0507P,2011,312
2024B5PS0084G,2024,843
2015A1PS0246P,2015,402
2012B4TS0741P,2012,349
2007B4PS0669G,2007,187
2010A1TS0612G,2010,299
2015A4TS0188G,2015,420
2024A8TS0179P,2024,807
2016A4PS0343G,2016,446
2013A4PS0184G,2013,369
2005A7TS0917H,2005,133
2008B4TS0237H,2008,244
2021A1PS0967P,2021,626
2012B3TS0143H,2012,335
2016B4TS0608G,2016,436
2017A3PS0007P,2017,452
2024A4PS0275H,2024,828
2016B1PS0092H,2016,444
2016A4TS0287P,2016,442
2007B3PS0940G,2007,183
2007B2TS0113G,2007,184
2016B5PS0671P,2016,432
2013A1TS0432H,2013,372
2013B5TS0026P,2013,362
2015A3PS0045H,2015,417
2015B3TS0151G,2015,404
2008AATS0200G,2008,248
2009B3TS0272P,2009,254
2024A3TS0561P,2024,838
2009A1TS0978G,2009,273
2017A1PS0473H,2017,453
2024A1PS0454G,2024,769
2011A1TS0898G,2011,314
2013A4PS0312P,2013,355
2009A8PS0669H,2009,257
2024B5PS0563G,2024,809
2019A3TS0148H,2019,529
2012B3TS0766G,2012,325
2018B1PS0610G,2018,490
2006B1TS0088G,2006,152
2024B5TS0437P,2024,792
2013A7TS0469P,2013,359
2020A7PS0250H,2020,550
2019A7TS0498P,2019,541
2006B2PS0657H,2006,171
2012B5TS0021P,2012,345
2021A1PS0829P,2021,604
2021B3TS0284P,2021,649
2024A7PS0647G,2024,808
2022B4TS0501P,2022,682
2024B5PS0141P,2024,803
2023AAPS0972P,2023,729
2020AAPS0239P,2020,574
2014A4PS0938G,2014,395
2006B2PS0996H,2006,154
2007B1TS0023P,2007,182
2008A3PS0566H,2008,246
2008A4TS0317H,2008,232
2011B5TS0403H,2011,313
2012B3PS0468H,2012,326
2020B3TS0142G,2020,583
2016B1PS0387H,2016,447
2024B5PS0237H,2024,783
2017A1TS0862H,2017,469
2010B1PS0519P,2010,281
2018A8PS0378H,2018,478
2010B3PS0759P,2010,284
2014AAPS0802P,2014,375
2009A7TS0959P,2009,258
2008B4PS0356G,2008,238
2007B3PS0879H,2007,179
2010B1TS0853P,2010,294
2014B5PS0874H,2014,390
2010B1TS0349P,2010,284
2014A7PS0062H,2014,378
2023B3TS0028P,2023,715
2021AAPS0436P,2021,642
2019B1TS0954P,2019,521
2018A7TS0759H,2018,491
2011B5TS0782H,2011,318
2011A3TS0091H,2011,301
2006A8PS0766G,2006,168
2006A7TS0060P,2006,155
2013B4PS0392P,2013,367
2024A1PS0686P,2024,770
2024A4PS0824H,2024,781
2022B2PS0499G,2022,669
2014AATS0527G,2014,378
2006A7PS0843P,2006,167
2005A7TS0762H,2005,136
2014A8PS0753P,2014,394
2017A4PS0731G,2017,464
2023A4TS0301P,2023,730
2008A7PS0392P,2008,244
2023A1PS0295H,2023,734
2019B2TS0842G,2019,510
2018B2TS0722P,2018,476
2024B2TS0031G,2024,750
2008B3PS0657P,2008,239
2009A7TS0201P,2009,273
2014B5TS0044H,2014,380
2019A3PS0091P,2019,512
2005A4PS0808G,2005,135
2012B4TS0005P,2012,333
2017A4PS0444G,2017,470
2022AAPS0722P,2022,690
2011B1PS0007G,2011,321
2015B2TS0752G,2015,422
2010A7TS0089H,2010,291
2022B1PS0140G,2022,699
2005B4PS0852P,2005,143
2024A1TS0039P,2024,758
2024A7TS0644G,2024,785
2021B1PS0455G,2021,625
2006B2PS0458P,2006,150
2012A1PS0203H,2012,332
2022AAPS0860P,2022,685
2015A8TS0027G,2015,402
2015A7PS0642H,2015,414
2011B5TS0340H,2011,308
2019AATS0020H,2019,507
2019A1TS0507P,2019,527
2023B4PS0082G,2023,741
2023A4PS0792H,2023,729
2018A3PS0747H,2018,476
2023A3PS0085G,2023,726
2017AATS0091G,2017,468
2005B3TS0191G,2005,138
2017A1PS0366H,2017,473
2020A7PS0031H,2020,565
2011B5TS0784P,2011,318
2023A4PS0470P,2023,742
2016A3TS0230G,2016,433
2005A4TS0543H,2005,145
2018A8PS0959G,2018,476
2011AATS0105H,2011,300
2007A8TS0654H,2007,196
2018B3PS0976G,2018,490
2016A3PS0582H,2016,448
2018B3TS0342G,2018,487
2014A8TS0304H,2014,382
2006B3PS0173G,2006,164
2007B2PS0794P,2007,195
2009B3TS0602P,2009,254
2014A3TS0997H,2014,399
2007B2TS0761H,2007,176
2021B1TS0815H,2021,637
2019B5TS0361H,2019,530
2014B5TS0232H,2014,390
2011A7PS0010G,2011,313
2024A3TS0533P,2024,760
2007B2TS0844H,2007,197
2024B1TS0697H,2024,766
2018B2PS0239P,2018,485
2017A8TS0572P,2017,472
2009A4TS0951G,2009,274
2017A1PS0233H,2017,474
2005AAPS0292P,2005,133
2004A1PS0086H,2004,102
2024B2PS0855H,2024,788
2010A8TS0140P,2010,280
2006B1TS0816H,2006,161
2022B3PS0320H,2022,651
2010A1PS0344P,2010,290
2009A1PS0969H,2009,268
2006A1PS0242H,2006,167
2011AAPS0396H,2011,317
2018A1PS0561G,2018,499
2013B1TS0492G,2013,363
2020A4PS0756G,2020,550
2022A1PS0985P,2022,672
2010A7TS0852P,2010,292
2020B2TS0987G,2020,577
2007B2TS0686G,2007,192
2014B2TS0230H,2014,399
2006A8PS0431H,2006,170
2017B5TS0128H,2017,471
2008A4PS0464H,2008,234
2022B1PS0743G,2022,697
2017B3PS0822G,2017,468
2020B3TS0907G,2020,558
2023B1TS0969G,2023,716
2014B1PS0164P,2014,384
2012B1PS0244G,2012,340
2016A8PS0256P,2016,426
2006B1PS0525G,2006,171
2016A3TS0635H,2016,437
2011AAPS0152P,2011,316
2009A4PS0595H,2009,272
2023B2TS0784H,2023,738
2023B5PS0795H,2023,742
2010B2TS0296H,2010,286
2007A1TS0438P,2007,179
2006B1TS0313H,2006,166
2022B1TS0046H,2022,687
2013A3PS0007H,2013,367
2013B3TS0674P,2013,368
2023B4PS0060H,2023,749
2018AAPS0127H,2018,496
2023B2PS0863P,2023,736
2023A7TS0299G,2023,726
2020B2PS0515H,2020,587
2007B2PS0296G,2007,191
2008B1PS0247H,2008,249
2008B5TS0552G,2008,233
2019A3PS0912P,2019,500
2021B2PS0232P,2021,612
2015A1TS0133H,2015,406
2017AATS0138P,2017,463
2018A7TS0164H,2018,478
2022B5TS0399P,2022,673
2016B5TS0536G,2016,449
2021A7PS0226P,2021,630
2005A1PS0907G,2005,128
2024B5TS0531H,2024,778
2009AATS0238G,2009,271
2021A8TS0573G,2021,633
2009AAPS0642H,2009,251
2012B3TS0351P,2012,340
2007A1PS0662H,2007,198
2004A7TS0908H,2004,114
2018A1PS0108G,2018,499
2019A4PS0666H,2019,539
2014B2PS0882P,2014,376
2005B3TS0522P,2005,149
2021B1TS0607H,2021,616
2024A7TS0542H,2024,843
2007B1PS0145G,2007,188
2012B3PS0415P,2012,325
2010B5TS0298H,2010,279
2016B5TS0268P,2016,445
2020B4PS0819G,2020,579
2008AAPS0654G,2008,246
2013B4PS0444G,2013,352
2019B5PS0923P,2019,517
2009A4PS0512G,2009,263
2012A3PS0952H,2012,348
2005B2TS0879G,2005,139
2010B3TS0155P,2010,296
2024B2PS0610H,2024,770
2006A1PS0456G,2006,172
2013A4PS0522P,2013,359
2004A4TS0677G,2004,101
2023B2PS0929H,2023,720
2014A1TS0077H,2014,375
2014B5PS0594G,2014,394
2016A7PS0118G,2016,431
2005A7TS0514G,2005,128
2022A3TS0499P,2022,689
2020B4PS0381H,2020,594
2020AATS0914H,2020,557
2015B5TS0442P,2015,420
2005A3PS0656H,2005,126
2009B1TS0665G,2009,264
2004B3PS0085H,2004,119
2009A3PS0975G,2009,261
2015A8TS0403P,2015,410
2022B2PS0029H,2022,655
2008AATS0908H,2008,244
2009B2PS0216H,2009,257
2007A4TS0114P,2007,182
2023A7TS0647P,2023,727
2022B2TS0077P,2022,661
2020B4PS0361P,2020,555
2013B1PS0377H,2013,364
2014B3PS0586H,2014,390
2007A3TS0052G,2007,191
2021B3PS0863P,2021,616
2018B4PS0564G,2018,498
2015A8PS0100P,2015,424
2017B3PS0385H,2017,466
2004A8TS0454P,2004,101
2004A7TS0122H,2004,115
2019A8PS0910G,2019,513
2012A1TS0214P,2012,328
2011AATS0183G,2011,318
2019AAPS0064G,2019,544
2011B3TS0652G,2011,308
2024B1PS0208P,2024,799
2013B5TS0020H,2013,363
2007A3PS0987H,2007,182
2005B1PS0688H,2005,142
2008B1TS0543G,2008,245
2005A7TS0532H,2005,139
2009AAPS0319H,2009,255
2017A3TS0241H,2017,453
2019B4PS0129H,2019,515
2024B1PS0168G,2024,818
2006B1PS0873G,2006,169
2004B4PS0236P,2004,111
2024A7TS0365H,2024,804
2014A7PS0094G,2014,387
2023A4TS0265G,2023,744
2011B5PS0985G,2011,317
2023A1PS0519H,2023,739
2004B5PS0217G,2004,112
2023A7TS0440H,2023,723
2006A4PS0199G,2006,161
2009AAPS0950P,2009,253
2021A3TS0861G,2021,644
2009A7TS0625P,2009,270
2020A8PS0079G,2020,572
2012B2PS0662P,2012,343
2022B5TS0748P,2022,698
2021B4PS0380P,2021,634
2021A4TS0676G,2021,647
2012A1PS0702P,2012,344
2012B4TS0995H,2012,341
2015A1PS0221H,2015,405
2021B5PS0386P,2021,637
2020A3TS0015P,2020,560
2016B4TS0318P,2016,436
2019A1PS0445H,2019,543
2023B4PS0660H,2023,749
2011AAPS0329H,2011,321
2013A3PS0143H,2013,365
2010A7PS0261G,2010,287
2018A7TS0956G,2018,498
2010A4PS0292P,2010,281
2023A4PS0805P,2023,742
2008A8TS0079H,2008,244
2021A3PS0483H,2021,609
2008B3PS0410G,2008,242
2010A7TS0591H,2010,293
2010A4PS0534G,2010,292
2007B2TS0902P,2007,199
2012A1TS0621H,2012,336
2011A3PS0281H,2011,305
2009A7PS0815H,2009,262
2021A4PS0710P,2021,647
2005A7TS0580G,2005,137
2018A8TS0932H,2018,493
2024A4PS0556G,2024,830
2024B4PS0722G,2024,838
2012B4TS0924G,2012,343
2007B4PS0307H,2007,192
2018A1PS0004G,2018,493
2007A7TS0198H,2007,195
2012AAPS0777H,2012,333
2011A7TS0143G,2011,313
2008AAPS0778H,2008,232
2007B3TS0556G,2007,176
2024B1TS0314G,2024,785
2004A3PS0838P,2004,120
2004A3TS0858P,2004,104
2020B5TS0590P,2020,552
2013A8PS0833H,2013,362
2009AATS0045P,2009,261
2022A1PS0328G,2022,680
2021A3PS0073G,2021,623
2013B4PS0521H,2013,373
2015B3TS0377G,2015,416
2024B3PS0272G,2024,845
2018B1TS0395P,2018,482
2010B3PS0985G,2010,278
2013B2TS0855H,2013,367
2015B4TS0078P,2015,419
2006B1TS0653H,2006,163
2024A1TS0158H,2024,769
2014AATS0847G,2014,376
2021B5TS0233H,2021,623
2014A3TS0966H,2014,377
2006B5PS0873H,2006,159
2018AATS0450P,2018,488
2005B3TS0840P,2005,130
2007AATS0096G,2007,193
2011B5TS0941G,2011,301
2007A1PS0912P,2007,190
2016B4PS0732G,2016,444
2011B5TS0311G,2011,313
2014B4PS0453G,2014,382
2016AAPS0272P,2016,429
2013B5TS0031P,2013,359
2022A8PS0366H,2022,691
2012A1PS0164P,2012,348
2018B1PS0671G,2018,482
2004AAPS0269G,2004,110
2012B4PS0243G,2012,343
2004B1PS0564G,2004,100
2005B2TS0781P,2005,138
2014B2TS0131H,2014,376
2017A1TS0227G,2017,472
2022A4TS0503G,2022,671
2012B1TS0731H,2012,342
2006B2TS0968H,2006,157
2009B2PS0514G,2009,257
2015B5TS0946P,2015,422
2022A7TS0729H,2022,663
2007AAPS0110P,2007,189
2004B2PS0682P,2004,119
2024B5TS0847P,2024,795
2011A1PS0448P,2011,321
2021B2TS0337G,2021,646
2013A3TS0304P,2013,359
2014B4TS0928G,2014,378
2013B4PS0130P,2013,357
2018AAPS0460P,2018,482
2024B2TS0143P,2024,832
2005AATS0878P,2005,130
2022B3TS0402H,2022,661
2022B3TS0870H,2022,664
2005B4PS0640G,2005,144
2016A4PS0162P,2016,431
2011A4PS0272G,2011,321
2012A7TS0633H,2012,346
2010B1PS0950H,2010,292
2006AAPS0913G,2006,162
2016AATS0682P,2016,442
2009A8TS0216G,2009,266
2021A7PS0059G,2021,631
2019A3PS0387H,2019,506
2014A4PS0499H,2014,375
2016A1PS0678G,2016,425
2008B4PS0956G,2008,238
2011B1PS0573P,2011,314
2014A1TS0185H,2014,397
2017B3TS0555H,2017,468
2010B2TS0950P,2010,293
2015A3PS0476P,2015,407
2015A1PS0432H,2015,401
2021A7PS0092G,2021,607
2021AATS0862G,2021,641
2011AAPS0952G,2011,302
2020A8TS0181P,2020,589
2018A3TS0134P,2018,493
2022A3TS0951G,2022,675
2024A4PS0734H,2024,824
2018B3TS0959P,2018,499
2022B4PS0067H,2022,685
2013AATS0601P,2013,354
2017A4TS0616H,2017,473
2006B3TS0343G,2006,174
2005B2TS0455P,2005,126
2011A7TS0869H,2011,303
2006B1PS0041H,2006,153
2014B3TS0383H,2014,378
2021A8TS0351P,2021,600
2020A3PS0930G,2020,590
2006A1TS0112G,2006,150
2004B4TS0286G,2004,103
2021B1PS0898P,2021,644
2008B3TS0709P,2008,232
2014A7PS0305H,2014,397
2021B4PS0030P,2021,606
2014A3PS0785P,2014,380
2018B3PS0657G,2018,498
2005A3TS0845P,2005,141
2021B4TS0324G,2021,616
2015A8TS0724H,2015,423
2004AATS0056G,2004,113
2014AAPS0431G,2014,392
2008AATS0639G,2008,245
2007B1PS0179H,2007,179
2007B3PS0857P,2007,183
2013B1TS0558G,2013,350
2015A4TS0859G,2015,412
2024B4TS0023H,2024,792
2022AATS0676P,2022,689
2020A4TS0613P,2020,563
2015A3PS0747P,2015,423
2021B3TS0167G,2021,626
2018A7TS0816P,2018,485
2019A3TS0351G,2019,542
2010B1PS0551P,2010,280
2024A7PS0126G,2024,828
2006A7PS0827G,2006,152
2009A3TS0122G,2009,267
2014B2TS0565H,2014,398
2007B2PS0657G,2007,179
2013B3PS0058P,2013,371
2008B3TS0073G,2008,245
2011A1PS0871P,2011,312
2015B2PS0210H,2015,423
2018B1PS0739P,2018,497
2008A1PS0442G,2008,228
2009B4PS0132P,2009,259
2015A8TS0269P,2015,411
2019A8TS0226H,2019,546
2012A7TS0844H,2012,345
2005A3PS0248H,2005,139
2004B5TS0356H,2004,122
2012B3TS0504P,2012,332
2011A1PS0627G,2011,302
2016AAPS0722H,2016,445
2014AAPS0659G,2014,394
2008A1TS0954P,2008,238
2014B5TS0181G,2014,385
2008B1TS0343P,2008,227
2023A1TS0242G,2023,720
2010B4TS0176H,2010,291
2008B1PS0254G,2008,231
2019A1PS0770P,2019,548
2016AATS0253P,2016,426
2016B5PS0562H,2016,430
2022AAPS0748P,2022,650
2010B4PS0178G,2010,278
2024AATS0293G,2024,813
2024AATS0286P,2024,774
2019B3PS0618P,2019,536
2021B2PS0452H,2021,639
2009A8PS0742H,2009,259
2005B5TS0451P,2005,137
2015A7TS0638P,2015,408
2008B3TS0135G,2008,234
2008A8PS0023G,2008,245
2008A7PS0090H,2008,235
2015A8PS0947H,2015,411
2022A8PS0449P,2022,691
2008B3TS0823P,2008,238
2024A7TS0612G,2024,759
2016B5TS0916G,2016,425
2007A8PS0803P,2007,192
2023A3PS0119H,2023,734
2007A4PS0259H,2007,188
2018A4TS0008H,2018,487
2009B4TS0146P,2009,260
2017A8PS0272H,2017,453
2004A1TS0994P,2004,102
2014B3TS0235P,2014,389
2009A8TS0091H,2009,260
2013B2PS0187H,2013,351
2021B5PS0599P,2021,624
2013A1PS0595H,2013,371
2014A8PS0292H,2014,385
2022B3TS0279H,2022,680
2019A4PS0698G,2019,510
2007B1PS0959H,2007,179
2020B5TS0102G,2020,579
2016B2PS0610G,2016,445
2015B3PS0920G,2015,403
2014A8PS0681G,2014,376
2006A7PS0313G,2006,150
2011A1TS0826P,2011,314
2024AAPS0559H,2024,824
2020A4PS0610P,2020,567
2020B1PS0067P,2020,555
2015B2TS0665H,2015,416
2021A4PS0494H,2021,648
2014B4PS0439H,2014,376
2014A4PS0153H,2014,390
2018AAPS0312G,2018,483
2020B3PS0748P,2020,567
2023B1PS0576H,2023,732
2008A8PS0235P,2008,225
2021A8PS0065H,2021,620
2022B2TS0519P,2022,696
2021B4PS0105G,2021,635
2008A7TS0238G,2008,237
2016B5PS0088G,2016,437
2012A8PS0482P,2012,346
2013B2PS0164P,2013,365
2004A8PS0679G,2004,108
2024B2TS0689P,2024,800
2008A4TS0632H,2008,233
2007B2PS0266G,2007,184
2011A3PS0959H,2011,318
2021B1TS0821H,2021,641
2013AAPS0679H,2013,356
2011A8PS0957P,2011,303
2013A7PS0294H,2013,357
2020B3PS0102G,2020,571
2022B3PS0113H,2022,657
2005B2TS0686G,2005,148
2008A3TS0975G,2008,232
2006A4PS0044G,2006,153
2022AAPS0240P,2022,690
2024B2PS0918G,2024,828
2013A8PS0164H,2013,353
2020B2PS0083H,2020,567
2023B3PS0118H,2023,748
2022B1PS0167P,2022,653
2022A3PS0060H,2022,672
2014B4PS0516P,2014,391
2022A3TS0225H,2022,682
2011A3PS0355G,2011,300
2012AAPS0450H,2012,325
2005B1PS0637P,2005,133
2022B3TS0092G,2022,684
2009A3TS0901P,2009,252
2020A4PS0334H,2020,570
2018AATS0952H,2018,489
2017A3PS0516P,2017,453
2011B5PS0353H,2011,305
2005A7TS0171P,2005,147
2007B1TS0502H,2007,179
2024B4TS0174G,2024,842
2014A4PS0027P,2014,398
2017A1TS0607H,2017,465
2024B5TS0520P,2024,847
2014A1TS0680H,2014,385
2009B5TS0960P,2009,257
2012A7PS0496G,2012,344
2020A7PS0639H,2020,562
2012A7PS0905H,2012,347
2020A8PS0985H,2020,583
2016B1PS0382G,2016,446
2009A7TS0318G,2009,251
2018B4PS0155H,2018,475
2024A3PS0219H,2024,798
2022A8TS0261P,2022,671
2015A3PS0402H,2015,412
2009B1TS0682H,2009,269
2007A4PS0608G,2007,198
2014B2PS0711P,2014,398
2010A1TS0021H,2010,294
2023B3PS0809G,2023,717
2021A7TS0839G,2021,630
2005A7PS0233G,2005,137
2015B5PS0146H,2015,421
2006A1PS0067H,2006,170
2021A7TS0012P,2021,614
2005A7PS0391P,2005,149
2017A3TS0084P,2017,467
2020B2TS0619G,2020,554
2021AATS0136H,2021,629
2012A4TS0785H,2012,339
2021AAPS0448P,2021,637
2007A8PS0136P,2007,196
2006A3TS0683P,2006,160
2017AAPS0898G,2017,457
2010B3TS0114P,2010,284
2017A3PS0512H,2017,473
2018B1TS0175G,2018,499
2016A7TS0460H,2016,448
2014A8PS0101H,2014,395
2022B2PS0524P,2022,679
2019A3TS0070P,2019,539
2006A3TS0230G,2006,158
2014B5TS0809P,2014,379
2009B4TS0859G,2009,252
2020B4PS0488G,2020,590
2018B4PS0737P,2018,486
2011A7TS0281G,2011,313
2023B1TS0100H,2023,737
2005B2TS0633G,2005,144
2024B1PS0898G,2024,819
2020B2PS0651G,2020,597
2013A8TS0530G,2013,359
2013A1TS0832G,2013,366
2009A3TS0197H,2009,262
2011AAPS0045P,2011,304
2008A1PS0897P,2008,239
2019B3TS0415H,2019,532
2011B4PS0260H,2011,300
2008A8PS0948G,2008,238
2006A7TS0542P,2006,160
2018B3PS0666H,2018,484
2017B1PS0707P,2017,458
2022A4TS0874P,2022,684
2019B5TS0681H,2019,510
2015A4TS0217G,2015,421
2009B3TS0597H,2009,272
2004A7TS0167P,2004,118
2008B2PS0029P,2008,235
2021A7TS0966G,2021,602
2014A4TS0871H,2014,389
2004A7PS0686P,2004,121
2023A8PS0618P,2023,727
2006A4PS0730G,2006,154
2013A3PS0652P,2013,374
2018A3TS0384G,2018,481
2005B3TS0876G,2005,134
2014A4PS0752P,2014,397
2009B1PS0787P,2009,255
2024B4PS0477H,2024,773
2023B3PS0597H,2023,717
2023B4PS0099G,2023,745
2022A3TS0335H,2022,666
2014A3PS0359P,2014,375
2005A3TS0229P,2005,138
2021A7TS0949H,2021,629
2006B4PS0746H,2006,174
2012B4PS0979P,2012,330
2006B1PS0800G,2006,154
2015B2PS0326P,2015,411
2007B2TS0768G,2007,184
2004B4TS0308H,2004,115
2020A1TS0192G,2020,584
2013A1PS0247G,2013,370
2004B2PS0758G,2004,115
2016A7TS0802G,2016,437
2016A4PS0034P,2016,446
2019A3PS0972H,2019,512
2016A7TS0497P,2016,430
2023B4TS0664P,2023,736
2022B2TS0635P,2022,657
2011A1TS0173H,2011,312
2009A1PS0624P,2009,267
2020A3TS0774P,2020,582
2018B2TS0622H,2018,481
2022AATS0222P,2022,654
2016A7PS0583H,2016,444
2009B4TS0029P,2009,274
2015A8TS0254G,2015,409
2014B2PS0837H,2014,375
2022A3TS0912G,2022,674
2015A4TS0447P,2015,408
2013A7PS0637H,2013,373
2015B4PS0013P,2015,412
2015A3TS0739G,2015,404
2019B2PS0097H,2019,524
2016AATS0613H,2016,427
2006B3PS0779P,2006,162
2023A4PS0317H,2023,740
2016B1TS0941G,2016,442
2024A4PS0396P,2024,769
2017B4TS0803G,2017,464
2021B1TS0240H,2021,644
2005A7PS0617P,2005,125
2018B5TS0051G,2018,495
2019B5TS0482P,2019,544
2009A3TS0324P,2009,257
2023A1PS0131P,2023,740
2019B3PS0861G,2019,524
2009B1TS0232H,2009,252
2010A8PS0376G,2010,291
2016B3TS0894G,2016,440
2009A4PS0384P,2009,273
2022B4TS0107G,2022,655
2021A1PS0026G,2021,602
2012A3PS0541G,2012,327
2013A1TS0872H,2013,366
2008A8TS0295P,2008,245
2013A3PS0146P,2013,361
2014B3PS0914G,2014,379
2020B4PS0054P,2020,580
2011B3PS0378H,2011,311
2008A1PS0032H,2008,244
2008A8PS0505P,2008,246
2008B2TS0751G,2008,228
2019B1TS0415P,2019,525
2008A3TS0800H,2008,238
2013B5TS0573G,2013,358
2018B2PS0525P,2018,495
2023B4PS0770P,2023,728
2009B5TS0014P,2009,273
2014A8TS0866P,2014,383
2012A1PS0827H,2012,339
2009B1PS0901H,2009,260
2010A3PS0732G,2010,296
2023A1PS0538H,2023,716
2010B3TS0083G,2010,287
2022B4TS0004P,2022,676
2017B5TS0349H,2017,464
2009B2TS0036H,2009,251
2018B3PS0931H,2018,481
2015B4PS0401H,2015,405
2021A1TS0238P,2021,630
2015B3TS0766G,2015,424
2024A7TS0920G,2024,832
2008B1PS0316G,2008,227
2015B2TS0192P,2015,403
2012B2TS0254G,2012,327
2009A7PS0690G,2009,264
2006B1TS0920G,2006,155
2022B5PS0465G,2022,676
2004B5TS0249P,2004,124
2014B1PS0900P,2014,381
2009B3TS0131G,2009,252
2023A8PS0286P,2023,704
2016B2PS0578H,2016,425
2010A4TS0470H,2010,278
2013AATS0251P,2013,357
2019B3PS0250G,2019,507
2019AATS0390G,2019,549
2005B5PS0024H,2005,136
2015A3PS0382G,2015,412
2016B2PS0735G,2016,449
2005B3PS0643H,2005,125
2020A3TS0683H,2020,599
2021A7TS0119P,2021,608
2020A8PS0842G,2020,567
2016A4TS0193H,2016,435
2017A7PS0153H,2017,473
2017B4PS0946P,2017,465
2012A7PS0660P,2012,339
2005B1PS0331G,2005,147
2014A7TS0784H,2014,375
2022A7TS0017G,2022,650
2009B3TS0396G,2009,264
2019A8PS0812H,2019,513
2009B2PS0449G,2009,253
2016B5PS0864P,2016,432
2014B4PS0289P,2014,395
2020B4TS0587P,2020,596
2004A7PS0619H,2004,119
2021A8PS0609G,2021,605
2023A1PS0177H,2023,702
2022A8PS0593P,2022,651
2019A3PS0912P,2019,508
2012A7PS0140G,2012,334
2011B2TS0278H,2011,301
2018B4TS0494H,2018,483
2024A8TS0152H,2024,849
2024A4PS0978P,2024,793
2016A8PS0827P,2016,438
2020A7PS0942G,2020,580
2022B1PS0189P,2022,670
2022B5TS0128P,2022,652
2011A1PS0251H,2011,316
2010B3TS0021G,2010,281
2009B1TS0834P,2009,266
2005A4TS0870H,2005,143
2007A4TS0382P,2007,194
2016B4PS0510H,2016,429
2005A1TS0954H,2005,141
2020B1PS0950P,2020,551
2023A4PS0405P,2023,735
2009B3TS0586P,2009,253
2008B2TS0253G,2008,247
2016B5TS0065G,2016,435
2016AATS0585G,2016,430
2020B2PS0787P,2020,583
2009A4TS0533H,2009,253
2012A3PS0529H,2012,348
2005A4PS0179P,2005,128
2014B5TS0500P,2014,395
2014AATS0945H,2014,386
2018A8TS0853H,2018,490
2023B2PS0397P,2023,720
2010B2PS0174H,2010,281
2024B3TS0375H,2024,792
2007B4TS0332P,2007,176
2021B1TS0590P,2021,627
2011A3PS0018H,2011,308
2016A8TS0913G,2016,435
2008B3PS0006G,2008,226
2014A8PS0956G,2014,382
2004AAPS0151H,2004,120
2013B5TS0080G,2013,366
2004A7PS0860G,2004,115
2004B4TS0439H,2004,108
2005B2PS0459G,2005,143
2012A7PS0513P,2012,348
2005A3TS0491H,2005,140
2006A4TS0178P,2006,164
2004B5TS0231G,2004,124
2024B3PS0815G,2024,818
2008B5TS0480G,2008,238
2011B1PS0091P,2011,308
2018AAPS0331P,2018,497
2021B5PS0701H,2021,624
2013A1TS0985P,2013,363
2013B4TS0888G,2013,361
2018A8TS0987P,2018,490
2018B4PS0176P,2018,481
2021B1PS0082G,2021,622
2014A3TS0249G,2014,378
2022A8PS0245H,2022,661
2006A1TS0503H,2006,154
2010A8TS0443H,2010,291
2014B3PS0356P,2014,380
2016B4PS0459P,2016,443
2020A4PS0698H,2020,555
2010B5PS0958P,2010,288
2009B1TS0306G,2009,265
2019B1PS0291H,2019,532
2009A4PS0023H,2009,254
2020B4PS0288H,2020,594
2004B3TS0387H,2004,111
2017A3PS0619P,2017,457
2024A7TS0253H,2024,849
2009A4TS0962P,2009,256
2013B3PS0250P,2013,358
2012A8PS0730H,2012,325
2018A7TS0119G,2018,484
2015A4TS0118P,2015,407
2024A7PS0592P,2024,787
2018A4TS0071H,2018,476
2021B3TS0244P,2021,647
2009A8PS0985H,2009,269
2015A4TS0430P,2015,413
2014B5TS0329G,2014,379
2024B2TS0392G,2024,770
2005A1TS0863G,2005,140
2008AATS0136H,2008,239
2014B2PS0412H,2014,397
2006B1TS0219G,2006,162
2004B1TS0329P,2004,102
2017B5PS0343G,2017,465
2009A7TS0556P,2009,272
2011A4PS0065P,2011,304
2020A8PS0189H,2020,581
2018B5TS0680G,2018,498
2018A7PS0064G,2018,475
2018A1TS0784G,2018,482
2015B1PS0638G,2015,409
2005A4PS0531P,2005,136
2020B3PS0432P,2020,570
2019A7PS0140G,2019,535
2011B4TS0494G,2011,300
2022B1PS0438G,2022,662
2005A4PS0233H,2005,148
2013B5PS0002G,2013,372
2018B2TS0913P,2018,483
2012B5PS0346H,2012,332
2008B1TS0103H,2008,227
2005B1PS0173G,2005,146
2023B4TS0285G,2023,714
2021A3TS0327P,2021,609
2022B3PS0756G,2022,673
2012A4TS0704H,2012,344
2018B1PS0781H,2018,499
2010B3TS0132G,2010,281
2007B2PS0345P,2007,193
2008A7PS0037H,2008,235
2023A7PS0716H,2023,700
2017A4TS0139G,2017,459
2014B2TS0203P,2014,394
2006B3TS0578H,2006,154
2018A3PS0114H,2018,478
2015A3TS0591P,2015,424
2007B3TS0374G,2007,191
2009B4PS0428P,2009,270
2012B2TS0680G,2012,349
2015B4PS0870H,2015,424
2012B3TS0473H,2012,348
2009B3PS0266H,2009,273
2022A3PS0352G,2022,671
2022A8TS0072P,2022,670
2006AAPS0417G,2006,161
2018B2PS0960H,2018,495
2011B5PS0038G,2011,321
2022B5TS0671H,2022,683
2004B4TS0478P,2004,104
2011A7TS0160P,2011,314
2023A4PS0328H,2023,727
2010A3PS0939H,2010,290
2019B5TS0762G,2019,506
2019B5TS0838G,2019,544
2007B1TS0090P,2007,176
2010B4PS0256H,2010,280
2015A7TS0028H,2015,422
2013A8TS0883H,2013,366
2020B3PS0925G,2020,553
2010B4PS0865H,2010,293
2008B4PS0575G,2008,225
2005B1PS0284G,2005,129
2007A3TS0810H,2007,182
2008B3PS0341H,2008,244
2011B3PS0962P,2011,321
2015B4PS0456G,2015,415
2021A8TS0792H,2021,611
2006A4TS0337G,2006,163
2019B2PS0574G,2019,510
2014B4TS0936P,2014,391
2024A8TS0287G,2024,824
2023A8PS0708P,2023,717
2023A7TS0052H,2023,744
2006AAPS0898G,2006,161
2014A3TS0205H,2014,380
2013A8PS0514G,2013,360
2007B3PS0241G,2007,194
2022B5PS0615G,2022,678
2020A7TS0367G,2020,599
2007A7PS0696G,2007,189
2019AATS0725P,2019,511
2004B3TS0060P,2004,106
2013A7TS0554P,2013,361
2022AATS0153P,2022,651
2024A3PS0436H,2024,789
2023A3PS0448H,2023,737
2006A1PS0224G,2006,174
2007B1TS0912G,2007,194
2014A3TS0396P,2014,394
2008A4TS0339G,2008,231
2016A1TS0103P,2016,437
2013A3PS0625P,2013,363
2016A4TS0820G,2016,429
2017A3PS0832H,2017,455
2004A8TS0539G,2004,107
2015A1TS0927G,2015,417
2021B4TS0918G,2021,637
2014B3PS0045P,2014,387
2014B3PS0236P,2014,396
2019A1TS0534G,2019,501
2010A1TS0869H,2010,287
2005AATS0435H,2005,137
2018B3PS0478P,2018,494
2009A1PS0765G,2009,270
2012A1TS0668H,2012,325
2017B1TS0492P,2017,468
2016B1PS0430H,2016,435
2012AATS0028G,2012,329
2013B2TS0233P,2013,360
2018B3PS0185G,2018,487
2004A1TS0716G,2004,101
2008A3TS0126P,2008,233
2007B5PS0706H,2007,195
2006B2TS0613H,2006,173
2017B3TS0958H,2017,458
2016A4PS0542P,2016,432
2007B2TS0241P,2007,180
2004A8TS0888G,2004,106
2007B4TS0264P,2007,192
2004A4PS0042G,2004,103
2024AATS0865G,2024,753
2012A7TS0020P,2012,335
2004B2TS0781G,2004,107
2010B2TS0965H,2010,291
2004B2PS0073G,2004,116
2006B5PS0958G,2006,170
2004A3PS0872H,2004,110
2011B3TS0911H,2011,322
2022B3TS0236G,2022,657
2008B2PS0301G,2008,227
2023B3TS0151H,2023,730
2005B1PS0268G,2005,145
2022A8PS0946G,2022,695
2021B4PS0790P,2021,612
2022B4TS0266G,2022,652
2019B3PS0654H,2019,548
2012B1PS0830G,2012,338
2006A7PS0021G,2006,150
2018B5PS0422P,2018,487
2006A7PS0481G,2006,150
2016B2PS0780H,2016,429
2024A3TS0226P,2024,783
2016B3TS0552H,2016,433
2007A8TS0501P,2007,180
2015A1PS0515G,2015,410
2011B4PS0707H,2011,301
2012AATS0836G,2012,346
2008A1PS0053G,2008,226
2004A3TS0161G,2004,111
2013A7PS0098H,2013,365
2018B4TS0703G,2018,484
2017AATS0247P,2017,473
2020B3PS0531H,2020,565
2023A3PS0659H,2023,732
2024A3PS0815H,2024,849
2010A8TS0120G,2010,296
2019B1TS0126H,2019,520
2023A8PS0308H,2023,749
2004A4TS0383P,2004,109
2007B3TS0373G,2007,196
2020B5PS0307H,2020,580
2022A7TS0057P,2022,686
2009B4TS0237H,2009,266
2004B4PS0834G,2004,115
2005B2TS0657P,2005,144
2013B1TS0696H,2013,351
2011B1PS0239P,2011,318
2015A7TS0100G,2015,416
2009B1TS0872H,2009,268
2022A4PS0428H,2022,672
2015AATS0464G,2015,410
2008B4PS0803G,2008,237
2020A8PS0929H,2020,578
2022AAPS0287G,2022,699
2010B1TS0730P,2010,292
2017B1PS0851H,2017,459
2017B1TS0929G,2017,470
2023B1PS0851G,2023,704
2007A1PS0981G,2007,198
2016B4TS0260P,2016,443
2004A3PS0766G,2004,114
2020A8PS0615P,2020,552
2011A1PS0836P,2011,308
2005A4PS0230P,2005,129
2019A3PS0461H,2019,526
2006A3TS0141H,2006,155
2019A8TS0761P,2019,513
2004B5PS0485G,2004,108
2017A4PS0724H,2017,456
2014A4PS0423P,2014,399
2022A8TS0976H,2022,662
2004B3TS0696P,2004,116
2012B5TS0943P,2012,336
2013B5PS0106H,2013,368
2021A8PS0071H,2021,623
2015B1PS0422P,2015,418
2004B3PS0302P,2004,104
2024A1TS0627H,2024,818
2018A1TS0005H,2018,478
2017A4PS0345G,2017,470
2015AAPS0527H,2015,415
2006B4TS0989G,2006,169
2014A7PS0479P,2014,389
2024A7PS0226P,2024,833
2019A8PS0983P,2019,541
2021AATS0870P,2021,637
2004A7TS0535G,2004,103
2011AATS0766P,2011,307
2011B5TS0006G,2011,321
2013B5TS0729H,2013,354
2020A3PS0722P,2020,585
2008B4PS0454P,2008,228
2012B3TS0254P,2012,329
2009B1TS0662G,2009,270
2019A8TS0478G,2019,541
2013B3PS0746G,2013,367
2021A1PS0576H,2021,636
2004A8PS0457P,2004,109
2018A8TS0725H,2018,485
2010A7PS0616P,2010,294
2006B5PS0300P,2006,171
2008A1PS0856G,2008,248
2015A4TS0209G,2015,418
2023B1PS0091G,2023,739
2009B1TS0942G,2009,260
2010A7TS0158H,2010,285
2017A8PS0981H,2017,463
2005B4PS0628H,2005,132
2011AAPS0107H,2011,318
2021A1TS0643P,2021,610
2014B1PS0072P,2014,383
2008B5PS0790G,2008,228
2012B4PS0114H,2012,338
2009B1PS0582G,2009,257
2019A4PS0039G,2019,503
2024B1PS0521G,2024,829
2009AATS0662H,2009,253
2023B1TS0793H,2023,730
2017AAPS0122H,2017,467
2008B5PS0486H,2008,239
2016A3PS0087G,2016,430
2017B5TS0249G,2017,464
2007B3TS0643P,2007,195
2013B1PS0310G,2013,361
2010AATS0451G,2010,278
2023A4PS0385G,2023,702
2009B3PS0441H,2009,273
2008B3TS0845G,2008,226
2022A1PS0090G,2022,688
2016A3PS0946G,2016,426
2004A1PS0992P,2004,113
2019AATS0991H,2019,505
2024B4PS0151G,2024,795
2019B1TS0658P,2019,539
2015A1TS0724G,2015,419
2005A1TS0395G,2005,144
2014A4TS0278H,2014,395
2012A1TS0800P,2012,348
2020A1PS0217P,2020,572
2007A3PS0980G,2007,178
2007B5PS0226H,2007,193
2008B4PS0067P,2008,235
2012A3PS0729G,2012,342
2018A3TS0827H,2018,484
2008A1PS0828H,2008,239
2013B4TS0020G,2013,367
2012B2PS0958P,2012,347
2022A3PS0803P,2022,664
2017B5PS0700P,2017,461
2014B4TS0585H,2014,390
2012A8TS0956G,2012,331
2015B4TS0577P,2015,415
2011B4TS0554P,2011,306
2022AATS0250H,2022,655
2023B4PS0058G,2023,745
2021A3PS0979P,2021,646
2017B4PS0409G,2017,453
2009AATS0933H,2009,255
2014B3TS0818H,2014,375
2020B3PS0236G,2020,581
2011B2PS0547G,2011,315
2016A1PS0661H,2016,433
2022B2TS0036H,2022,670
2023B5TS0569P,2023,717
2010A1PS0303H,2010,285
2020B3TS0490P,2020,562
2014A1PS0578H,2014,393
2022B5TS0750P,2022,665
2007A8TS0952H,2007,180
2014B3PS0422G,2014,382
2004A3PS0973G,2004,103
2011AATS0740P,2011,300
2015B3PS0620H,2015,413
2015A3TS0844G,2015,419
2013B3PS0207H,2013,374
2010B5PS0050P,2010,283
2024B1TS0214P,2024,759
2012B5TS0916P,2012,328
2009A7TS0615G,2009,268
2016B4PS0205G,2016,437
2015B1PS0854H,2015,408
2008B4PS0291G,2008,244
2022A7TS0572H,2022,699
2012A7TS0606G,2012,345
2007A1TS0555P,2007,198
2023B2PS0715H,2023,730
2021B1PS0863G,2021,617
2009B5PS0044G,2009,259
2018A3PS0448H,2018,487
2016A3TS0580H,2016,428
2011B3TS0305H,2011,304
2021A3TS0681P,2021,602
2021A8TS0984P,2021,646
2018A8PS0477G,2018,480
2005A8PS0671G,2005,137
2022B5TS0990G,2022,695
2020A3TS0409G,2020,578
2018B1PS0585P,2018,492
2020A4TS0675P,2020,561
2016A1TS0405H,2016,430
2022A7PS0624P,2022,650
2011A1PS0049P,2011,309
2009B2TS0689G,2009,253
2013A1PS0298H,2013,357
2019A8TS0538G,2019,523
2020A3TS0506H,2020,588
2023A1TS0272H,2023,725
2023A1PS0082G,2023,742
2008B1TS0011G,2008,236
2012A1PS0862G,2012,340
2010B5TS0239H,2010,294
2009A3PS0242G,2009,265
2023AAPS0814P,2023,713
2024B4PS0266P,2024,849
2008A4PS0294H,2008,242
2023A7PS0914H,2023,712
2017A7PS0317P,2017,469
2005A4PS0725P,2005,127
2015B3TS0163P,2015,411
2012B1TS0314P,2012,342
2022A8PS0156P,2022,675
2007B1TS0361P,2007,189
2022A4PS0791H,2022,693
2018AATS0362G,2018,495
2015A7PS0652G,2015,416
2004B5TS0898G,2004,116
2008B5TS0943P,2008,246
2021A3TS0574P,2021,614
2010A3PS0328H,2010,291
2021B5TS0113H,2021,603
2024A7TS0088G,2024,821
2005AAPS0797H,2005,125
2023A7TS0738G,2023,742
2024A1TS0423G,2024,830
2019B4PS0511H,2019,536
2017B2TS0097P,2017,471
2014AATS0916H,2014,382
2015A1TS0405H,2015,422
2011A7PS0831G,2011,323
2024B1TS0666H,2024,790
2007A3TS0632H,2007,178
2019AATS0852G,2019,517
2022B2TS0814P,2022,668
2019A7TS0929H,2019,513
2009A3PS0331P,2009,268
2022A7PS0301G,2022,685
2011A3TS0116G,2011,302
2016B5PS0322G,2016,441
2023A4PS0588P,2023,747
2012A8PS0418H,2012,331
2019B4TS0680P,2019,511
2023B3TS0513H,2023,724
2016A4TS0986H,2016,444
2014B1TS0319P,2014,384
2006B1PS0093G,2006,167
2020A7TS0992G,2020,554
2009A7PS0771G,2009,271
2016B5TS0424H,2016,433
2004A8PS0597H,2004,104
2024A1TS0363P,2024,841
2009B5PS0149G,2009,261
2024B5PS0977P,2024,753
2007AAPS0499H,2007,196
2024A8PS0106P,2024,815
2015B4TS0283P,2015,404
2009B1TS0092P,2009,267
2019A3TS0305G,2019,538
2017A3PS0470G,2017,456
2004AATS0736P,2004,112
2016A4PS0677H,2016,447
2023A8TS0093H,2023,716
2006AAPS0743G,2006,152
2016A7TS0475P,2016,441
2024A7TS0929G,2024,837
2006A7TS0656G,2006,161
2020B5PS0987H,2020,587
2023A1PS0689G,2023,726
2023B1TS0818P,2023,715
2006B3TS0740G,2006,158
2018A7PS0339H,2018,477
2012B3TS0963P,2012,331
2009A3TS0073G,2009,265
2004AAPS0111G,2004,120
2012A1PS0354P,2012,331
2018A1PS0301H,2018,480
2015A4TS0334G,2015,405
2007B2PS0979G,2007,182
2016A3TS0746P,2016,447
2014B3PS0976H,2014,385
2019B3TS0372H,2019,523
2011A1TS0206P,2011,307
2023A8TS0680P,2023,745
2024B1PS0645H,2024,817
2004A8PS0372H,2004,121
2017AAPS0366G,2017,464
2017B2PS0737H,2017,451
2016B4TS0385P,2016,429
2023AAPS0671H,2023,704
2022B4TS0968P,2022,671
2024A7TS0003G,2024,758
2014AATS0589G,2014,380
2008A3PS0443G,2008,240
2016A4TS0566P,2016,437
2012A8TS0287H,2012,349
2013B2TS0341G,2013,359
2024B2TS0704G,2024,800
2023B2PS0006H,2023,717
2023A1TS0392G,2023,743
2004B1PS0591G,2004,105
2016B3TS0997H,2016,426
2007B4PS0143H,2007,199
2020A8TS0840H,2020,567
2015B5PS0596H,2015,403
2005A1PS0503G,2005,146
2010A7TS0528G,2010,280
2014A3PS0501H,2014,398
2015A4PS0928P,2015,423
2014A1PS0174G,2014,394
2011B4PS0625H,2011,319
2016A4TS0369P,2016,449
2020B5TS0475H,2020,563
2006B2PS0817P,2006,155
2024AATS0364P,2024,773
2009B5PS0209P,2009,252
2024AATS0581G,2024,786
2021A1PS0985H,2021,642
2014A7PS0950P,2014,382
2020B2TS0165H,2020,573
2010A8TS0035P,2010,297
2017B1PS0186G,2017,455
2009B5PS0315H,2009,256
2022B5TS0488G,2022,676
2019A3PS0273P,2019,545
2010A3PS0368P,2010,295
2005A1PS0695P,2005,140
2012B2TS0946P,2012,331
2022A1PS0773H,2022,671
2019AAPS0601G,2019,548
2007B2TS0345G,2007,178
2006A7PS0741H,2006,152
2009A3PS0160P,2009,252
2008A1PS0850G,2008,242
2017B3TS0485P,2017,455
2010B5TS0867G,2010,275
2016B1TS0683P,2016,443
2011AAPS0422G,2011,311
2005A7PS0016P,2005,129
2010A4TS0931G,2010,299
2015A7TS0645P,2015,416
2015B1TS0771G,2015,418
2021AATS0481G,2021,618
2004A1PS0545H,2004,121
2007A3TS0364P,2007,181
2018B5TS0699P,2018,492
2014B4PS0133P,2014,379
2020B1TS0952G,2020,559
2010B3TS0883P,2010,293
2010A4TS0682H,2010,290
2010A3PS0486H,2010,277
2014A3PS0848H,2014,399
2023A8TS0404H,2023,714
2021A3PS0052P,2021,608
2019B2TS0796P,2019,501
2022AATS0452H,2022,667
2015B5TS0831G,2015,419
2005A1TS0458H,2005,129
2009A7PS0707G,2009,259
2017B2PS0291G,2017,466
2013A1PS0792P,2013,367
2017A3PS0088H,2017,460
2019A7TS0282P,2019,505
2019B2PS0060P,2019,521
2008A8PS0692G,2008,227
2017A4PS0618P,2017,462
2008B1PS0680G,2008,228
2004A4TS0025P,2004,104
2013B2TS0304P,2013,365
2024B3TS0245H,2024,831
2018B3PS0235G,2018,477
2006B3PS0771P,2006,164
2007A3PS0615H,2007,185
2005A1PS0298H,2005,130
2011A4TS0161G,2011,304
2010A4PS0294H,2010,282
2022B4PS0075G,2022,698
2012B4TS0186H,2012,332
2015A3PS0759G,2015,409
2018A8TS0878G,2018,480
2018AAPS0791P,2018,498
2022AATS0299P,2022,656
2012B2PS0616P,2012,338
2005A3PS0792G,2005,144
2008B5TS0571G,2008,242
2008B4TS0727G,2008,230
2017A7TS0971P,2017,469
2013AAPS0953G,2013,365
2013A3PS0837G,2013,360
2008B5PS0144G,2008,245
2023B2PS0212G,2023,709
2011B5PS0480P,2011,318
2011B5TS0892H,2011,304
2014B2PS0920G,2014,392
2024AATS0831G,2024,815
2004B4TS0903P,2004,120
2015A8TS0103G,2015,415
2019AAPS0701H,2019,517
2013A7TS0712P,2013,374
2007AAPS0688G,2007,177
2018B2PS0899P,2018,487
2008B4TS0922P,2008,226
2024AAPS0743P,2024,777
2017A8TS0219H,2017,464
2014A1TS0550P,2014,399
2019A1TS0253H,2019,507
2013B4TS0472P,2013,350
2018A8TS0612H,2018,482
2007A1PS0971H,2007,185
2007B2PS0635G,2007,177
2011B5PS0872G,2011,305
2007B5TS0753P,2007,198
2011A3PS0904H,2011,304
2016A7TS0763G,2016,447
2009A1TS0431G,2009,265
2022B3TS0186H,2022,687
2005B2PS0273G,2005,145
2014B3TS0386G,2014,385
2024A4TS0521P,2024,804
2017A3TS0259P,2017,452
2019B4PS0869H,2019,546
2012B4PS0958H,2012,344
2010B3PS0953H,2010,291
2004B5PS0915G,2004,104
2011B1TS0517G,2011,323
2016A1TS0228G,2016,441
2018B4TS0050G,2018,477
2018A1PS0018G,2018,484
2005AATS0803G,2005,127
2021B2PS0051H,2021,613
2005B5PS0953H,2005,131
2010A3TS0274H,2010,297
2012B1TS0153G,2012,329
2011AATS0304H,2011,311
2024AAPS0310H,2024,791
2018A4TS0662H,2018,491
2007A8PS0464G,2007,182
2023B4PS0296G,2023,723
2017A8PS0551H,2017,465
2014AAPS0870P,2014,388
2008B5TS0947H,2008,235
2008B5TS0831G,2008,232
2014AAPS0768H,2014,394
2024B2TS0786P,2024,763
2014AAPS0738G,2014,398
2006A3PS0300H,2006,157
2006A3TS0755G,2006,174
2021A4PS0208G,2021,627
2014A4PS0628P,2014,383
2024B5TS0003G,2024,826
2017A7PS0397H,2017,453
2022A8PS0491H,2022,681
2008A1PS0077P,2008,240
2006B3TS0623H,2006,165
2019B3PS0817P,2019,507
2023B4PS0631H,2023,725
2018B3TS0941P,2018,484
2010B3TS0464H,2010,276
2010A8TS0441P,2010,285
2024AAPS0286P,2024,831
2014A1PS0866G,2014,389
2020B2PS0411H,2020,583
2006B5PS0886H,2006,153
2011B3PS0011H,2011,318
2015A7PS0271H,2015,406
2008B2PS0937G,2008,246
2006B1PS0919G,2006,169
2013B3PS0041H,2013,357
2018A7PS0806G,2018,481
2024A3TS0733P,2024,753
2018A8TS0925P,2018,485
2012A3PS0616G,2012,334
2016A4PS0433G,2016,438
2014A8PS0789H,2014,392
2023B5TS0289H,2023,709
2013A1TS0742H,2013,370
2020A3TS0928H,2020,594
2010A3PS0106H,2010,295
2008A1PS0341G,2008,240
2011A4TS0142P,2011,301
2008B4PS0459H,2008,231
2023A3TS0870P,2023,732
2010AAPS0308H,2010,279
2013B2PS0897P,2013,372
2012A7TS0090P,2012,341
2008A3TS0996P,2008,228
2019B1TS0992G,2019,513
2007B2TS0537G,2007,190
2010B4TS0274G,2010,292
2022B3TS0372H,2022,697
2017B1PS0592G,2017,451
2008B4TS0690H,2008,234
2012B2TS0776G,2012,341
2006B1PS0400P,2006,159
2006B3PS0702H,2006,150
2005B5PS0645H,2005,138
2023A4TS0182G,2023,725
2020B3PS0469P,2020,567
2021B4PS0093P,2021,618
2020B5TS0086P,2020,585
2010A3TS0088H,2010,298
2021A3PS0792P,2021,601
2023B1PS0367P,2023,705
2007A3PS0095G,2007,182
2021B4PS0148P,2021,649
2005A7PS0272P,2005,148
2004B2PS0576H,2004,114
2012AATS0594G,2012,347
2013B1PS0661H,2013,354
2010B2TS0030P,2010,281
2019A8PS0150G,2019,540
2020A1TS0456G,2020,579
2022B5PS0010P,2022,673
2017A4PS0001H,2017,464
2021A4TS0993G,2021,603
2013A8TS0620G,2013,360
2004A7TS0590G,2004,104
2018A3TS0325G,2018,496
2007A7PS0442P,2007,197
2006A4TS0779H,2006,156
2017B5PS0339P,2017,452
2008A1PS0344G,2008,228
2009A7PS0736P,2009,265
2019A1PS0958H,2019,513
2019AATS0279P,2019,545
2024B5PS0033P,2024,794
2008A3TS0465G,2008,228
2023A8PS0498G,2023,703
2020B5PS0535H,2020,568
2018B4TS0006P,2018,494
2013A8PS0484P,2013,360
2009B2TS0281P,2009,261
2012A3TS0888P,2012,340
2008AATS0544H,2008,242
2008B3TS0487G,2008,243
2015B1TS0486H,2015,421
2017AATS0262H,2017,461
2019B4PS0469H,2019,533
2016B2PS0362G,2016,426
2008B1PS0751P,2008,229
2016A3PS0409P,2016,436
2024B4TS0936P,2024,837
2006B5PS0675P,2006,162
2012AAPS0044H,2012,342
2023A4PS0985G,2023,702
2004B2TS0201P,2004,103
2007B4TS0554G,2007,190
2012A1PS0250P,2012,342
2018A4PS0628P,2018,487
2016A4PS0037H,2016,431
2006A7TS0910G,2006,159
2006B4PS0983G,2006,161
2014B2TS0866H,2014,395
2022B5TS0661H,2022,655
2013A1PS0788P,2013,350
2007B2PS0116P,2007,182
2012A1PS0294P,2012,348
2020B5PS0831G,2020,550
2017A3PS0144H,2017,455
2022B3PS0012H,2022,660
2013B2PS0305H,2013,369
2020B2TS0790P,2020,583
2004AAPS0323G,2004,110
2006B4TS0375P,2006,166
2007A4TS0735G,2007,183
2024A4PS0584H,2024,837
2009A7PS0335P,2009,255
2005A4TS0863H,2005,143
2007A1TS0122H,2007,188
2007B5TS0363H,2007,195
2007A8PS0999P,2007,188
2015B5PS0467H,2015,410
2005B4TS0954H,2005,128
2005A1PS0944G,2005,131
2008B5PS0257P,2008,229
2013B4PS0589H,2013,357
2015A8TS0278P,2015,406
2015A8TS0881H,2015,413
2018A7PS0599H,2018,485
2014B1TS0752H,2014,379
2013A4TS0499H,2013,364
2016B1PS0264P,2016,444
2015B5PS0086G,2015,418
2017AATS0365G,2017,467
2015B5PS0344G,2015,418
2017A8PS0610H,2017,470
2005B1TS0232P,2005,148
2016A8PS0409P,2016,440
2021B5PS0202H,2021,617
2021A8TS0476H,2021,615
2004B2TS0902G,2004,107
2009B2TS0551H,2009,260
2015A3PS0384G,2015,415
2012B1TS0005H,2012,328
2022B4TS0574P,2022,655
2004A3TS0475G,2004,103
2024A1TS0702H,2024,833
2013A1TS0112P,2013,363
2016A3PS0721P,2016,447
2006B5PS0840H,2006,150
2017B3PS0723G,2017,453
2007B4TS0121P,2007,182
2018A4PS0347H,2018,489
2017A4PS0754P,2017,454
2016A4PS0720P,2016,446
2017A1TS0383P,2017,471
2010B3TS0366H,2010,277
2008B4PS0398P,2008,231
2021B2TS0278P,2021,607
2023A1TS0728G,2023,741
2024A4TS0857P,2024,770
2023B5PS0861P,2023,703
2005B4TS0065P,2005,127
2012B2PS0240G,2012,341
2018B1TS0913P,2018,498
2005B3TS0222H,2005,147
2022A7TS0049P,2022,698
2007A4TS0971P,2007,189
2010A7TS0114H,2010,280
2024B1PS0828G,2024,815
2023B5PS0877G,2023,709
2006B1TS0320G,2006,169
2019B5TS0570G,2019,517
2023B3PS0058G,2023,749
2022B1PS0593P,2022,661
2012B4PS0290G,2012,335
2008B1PS0695P,2008,236
2008B3TS0716H,2008,243
2016B5PS0291P,2016,438
2012B5TS0610H,2012,337
2024A7PS0775G,2024,766
2007A4TS0685G,2007,193
2015B1PS0995G,2015,417
2018A4TS0178G,2018,488
2015B2TS0490G,2015,422
2018B4PS0944H,2018,479
2016AAPS0605G,2016,446
2014B4PS0315P,2014,388
2016A4PS0644H,2016,444
2009A7PS0482H,2009,255
2017A7PS0476G,2017,457
2016B1TS0945H,2016,442
2022B3PS0768P,2022,671
2008A7PS0322P,2008,229
2021B1TS0036H,2021,642
2015A3TS0226G,2015,404
2012B5TS0915G,2012,328
2012B3PS0202G,2012,342
2019B3TS0931H,2019,507
2024A1PS0288P,2024,837
2009B1PS0962P,2009,253
2017B2PS0941P,2017,474
2014A1TS0414G,2014,391
2006B4TS0789G,2006,157
2006A1PS0649P,2006,173
2010B3PS0308G,2010,295
2014A1PS0588P,2014,390
2006B5TS0987G,2006,157
2020B2PS0922G,2020,580
2017B3PS0502H,2017,455
2017A4PS0152H,2017,470
2009B5PS0801H,2009,254
2005B5TS0149G,2005,127
2010B3TS0121P,2010,286
2018A3TS0840P,2018,483
2011B3TS0761P,2011,302
2015A4PS0059G,2015,410
2023B1PS0176G,2023,718
2010A3TS0189G,2010,294
2014B2PS0901H,2014,393
2020B2TS0783G,2020,585
2018A4TS0362P,2018,498
2014B2TS0750G,2014,391
2024B4TS0897P,2024,773
2010B3TS0769H,2010,279
2004B4TS0251P,2004,102
2018AAPS0730P,2018,484
2016B5PS0904G,2016,449
2013A3TS0477P,2013,351
2014B4PS0514G,2014,378
2006B2TS0774G,2006,164
2022B2TS0357H,2022,654
2007B2PS0199P,2007,190
2019A8PS0539G,2019,509
2017AATS0723H,2017,462
2013B1PS0463P,2013,353
2015AAPS0629G,2015,410
2023B2TS0411H,2023,715
2014A7TS0712G,2014,394
2024A8TS0532G,2024,789
2019B2TS0741H,2019,549
2015A8PS0153H,2015,413
2009B5PS0558H,2009,273
2007B1PS0139G,2007,184
2016B3TS0009G,2016,439
2024A8TS0688H,2024,842
2006B5PS0291G,2006,166
2023A8PS0563H,2023,743
2017B4TS0543G,2017,451
2012B5PS0660P,2012,326
2024AAPS0443H,2024,769
2024B3PS0232P,2024,773
2023B4TS0402P,2023,728
2008AATS0023G,2008,238
2018A8TS0278P,2018,480
2018B3TS0227G,2018,476
2004B3TS0491H,2004,111
2017A4TS0814P,2017,450
2014B3TS0233P,2014,397
2014AATS0900P,2014,399
2007A1PS0883G,2007,196
2022B5TS0321G,2022,685
2014B4TS0510P,2014,390
2019A1PS0779H,2019,530
2016A1TS0199P,2016,448
2004A4PS0154P,2004,124
2017AAPS0572P,2017,463
2023B5PS0034P,2023,741
2012B1PS0432H,2012,347
2015B3TS0359P,2015,403
2023B5PS0310H,2023,727
2024B2TS0503P,2024,792
2006B4TS0177G,2006,154
2021B3PS0172H,2021,640
2015A8PS0695G,2015,423
2005B1PS0793P,2005,130
2016A4PS0086G,2016,427
2021AAPS0021H,2021,643
2007B2PS0953H,2007,187
2008A4PS0826P,2008,230
2009A7TS0584P,2009,271
2024A7PS0459P,2024,833
2016B4TS0780H,2016,446
2008A7PS0972G,2008,246
2014B3PS0492G,2014,376
2017B4PS0715P,2017,470
2011A1PS0939H,2011,310
2019AATS0652H,2019,512
2010B3TS0758G,2010,277
2024A7TS0313G,2024,801
2004B3TS0835P,2004,104
2007B1PS0304H,2007,196
2005AATS0760G,2005,142
2023A4TS0980H,2023,728
2006A8PS0510G,2006,167
2009B3TS0608G,2009,265
2005A1TS0991G,2005,140
2009B2PS0018H,2009,260
2019B5TS0866H,2019,543
2007A4TS0949H,2007,193
2010B5TS0168G,2010,289
2009B2TS0232P,2009,253
2013B1TS0766H,2013,361
2012B2PS0491G,2012,347
2021A8PS0389H,2021,618
2022B2PS0302P,2022,665
2017B3PS0973H,2017,461
2006B2PS0580P,2006,172
2022A4TS0667H,2022,658
2018AATS0612P,2018,495
2009B4TS0765H,2009,270
2023B2PS0862P,2023,722
2023A7TS0442G,2023,735
2010B3TS0467P,2010,295
2012B3TS0328H,2012,335
2021B1TS0760P,2021,622
2013B4PS0015P,2013,369
2011A3PS0356H,2011,314
2017A8TS0116G,2017,462
2023A3TS0056P,2023,739
2023B2PS0193P,2023,748
2008A8TS0014P,2008,225
2007B2TS0795P,2007,186
2017B4TS0468H,2017,459
2017B3PS0828P,2017,469
2019A1PS0408P,2019,535
2005B4TS0769H,2005,135
2015B1TS0304P,2015,410
2007B2PS0166P,2007,193
2011B4PS0742P,2011,308
2004A8PS0687G,2004,108
2007A7TS0688H,2007,193
2005B2TS0695P,2005,125
2012A1PS0753G,2012,343
2022A3PS0073G,2022,684
2007A1TS0993H,2007,179
2007AATS0147G,2007,178
2015A3TS0791H,2015,423
2013A3TS0631P,2013,359
2013A7TS0922H,2013,369
2019B2PS0645H,2019,519
2013A3PS0931P,2013,370
2006A1PS0998G,2006,164
2010A1PS0449P,2010,276
2005A3PS0567H,2005,147
2005B2TS0625P,2005,126
2012B4TS0413G,2012,333
2015B5TS0129H,2015,413
2006A3TS0497H,2006,163
2009A4PS0729G,2009,261
2010B3TS0934P,2010,281
2020B1PS0873P,2020,568
2024B4TS0089G,2024,773
2008B1PS0918G,2008,244
2021A8TS0902G,2021,642
2007B4TS0408G,2007,194
2013A4PS0473G,2013,371
2023A1TS0755H,2023,700
2014A3PS0921H,2014,382
2014AATS0692H,2014,398
2021B2TS0597H,2021,637
2004B2PS0804G,2004,105
2006B5TS0454G,2006,169
2006A8TS0528G,2006,154
2004A4TS0106H,2004,113
2012B1TS0776P,2012,336
2021A3TS0735H,2021,627
2024A8PS0402P,2024,804
2023AATS0959G,2023,732
2005B5TS0762H,2005,129
2016B4PS0173H,2016,442
2007B3TS0519P,2007,192
2005B4TS0385H,2005,138
2018B5TS0660G,2018,488
2015B2PS0014G,2015,407
2023B5PS0477H,2023,732
2022A4PS0512P,2022,671
2005A1PS0031G,2005,138
2015A4TS0119P,2015,409
2011A1PS0780H,2011,319
2017A3TS0202P,2017,457
2012B3TS0045H,2012,348
2012B2PS0340H,2012,349
2007B2PS0621P,2007,175
2012A7PS0297G,2012,335
2013B2PS0039P,2013,367
2022A3TS0668G,2022,654
2018B3PS0165P,2018,481
2011B1PS0936G,2011,323
2021AAPS0647P,2021,628
2006B2TS0830P,2006,171
2005AATS0612H,2005,131
2005A7TS0326H,2005,132
2019AAPS0818G,2019,538
2012A1TS0086P,2012,349
2006A4PS0811G,2006,158
2016A4TS0158H,2016,442
2017B4TS0557H,2017,461
2022A3PS0632G,2022,658
2012A7PS0366P,2012,327
2009B5TS0551H,2009,259
2013A3TS0165P,2013,359
2017B5TS0689H,2017,462
2014B5PS0840G,2014,375
2014A7TS0456H,2014,378
2008B3TS0778H,2008,226
2018A4PS0107P,2018,486
2011B3PS0339P,2011,312
2007A7TS0773P,2007,180
2016B1TS0149G,2016,441
2004A3TS0207G,2004,104
2008B3PS0358G,2008,232
2019B5TS0277P,2019,543
2006A7TS0015G,2006,153
2012B3PS0661G,2012,333
2007A1TS0254P,2007,184
2016B3PS0101H,2016,443
2024A7PS0318P,2024,831
2009AATS0335G,2009,263
2016B2TS0324G,2016,438
2010AAPS0165H,2010,292
2011A1TS0549P,2011,313
2011B2PS0471G,2011,319
2021B4TS0030H,2021,600
2005A3TS0435G,2005,147
2007A8PS0620G,2007,189
2019A4TS0035P,2019,535
2007B4TS0601P,2007,193
2007A8PS0721P,2007,195
2013A4PS0960H,2013,351
2011AATS0476H,2011,307
2020A7TS0472G,2020,592
2006B4TS0456G,2006,163
2022B5PS0144H,2022,653
2011B4TS0863P,2011,308
2014B3TS0554G,2014,394
2023B2TS0667H,2023,721
2022B4PS0085G,2022,697
2012B3TS0584H,2012,328
2022B1PS0022P,2022,668
2012B2PS0431P,2012,335
2023A8PS0517P,2023,744
2022AAPS0111H,2022,651
2012A4TS0431H,2012,346
2013AAPS0081P,2013,360
2006A7PS0941G,2006,168
2005B2PS0212H,2005,126
2016A4TS0565P,2016,433
2004B2PS0662P,2004,105
2011A1PS0747H,2011,320
2011A1PS0189H,2011,315
2021A4PS0130H,2021,604
2010B2TS0437H,2010,292
2014B5TS0159H,2014,384
2009B3PS0094P,2009,256
2018A7PS0118H,2018,478
2021B2PS0937H,2021,618
2015A7PS0629G,2015,412
2012AATS0573G,2012,339
2009B4TS0471H,2009,253
2019B1PS0535G,2019,529
2022A7TS0292H,2022,661
2007A4PS0264G,2007,181
2005B2TS0452G,2005,145
2016A3TS0868H,2016,431
2005A3PS0592H,2005,126
2007A7TS0441P,2007,190
2012A1PS0137G,2012,340
2013A4PS0943P,2013,357
2010AAPS0309H,2010,294
2018A4TS0726G,2018,487
2011A4TS0339G,2011,307
2022B4PS0116G,2022,674
2015A7TS0801G,2015,402
2011A8PS0671H,2011,304
2018B2PS0267P,2018,492
2022A8TS0623G,2022,661
2018A7PS0394H,2018,492
2017A4TS0604H,2017,465
2010B2TS0985G,2010,296
2017A4TS0773P,2017,461
2012B4TS0013H,2012,341
2013AATS0569G,2013,372
2023A1TS0134H,2023,718
2017A1TS0498G,2017,461
2020A7PS0212G,2020,577
2012B2TS0256G,2012,328
2016A4TS0781G,2016,440
2023B4PS0365H,2023,731
2021A4PS0962H,2021,640
2007B4TS0269H,2007,188
2019B2PS0349H,2019,514
2010B2TS0489P,2010,285
2006AATS0231H,2006,171
2023A8PS0156H,2023,730
2011A8TS0170H,2011,307
2015B4PS0992H,2015,416
2016A7PS0196H,2016,445
2013B4PS0236H,2013,361
2010B5PS0304H,2010,285
2008B2TS0616G,2008,243
2015B5PS0039H,2015,403
2018B3PS0705H,2018,485
2015A8PS0172P,2015,405
2014B5PS0077P,2014,394
2016A3PS0905G,2016,431
2009A1PS0317H,2009,264
2006A8TS0665P,2006,163
2005AAPS0443P,2005,125
2018A3PS0725G,2018,491
2006A3PS0474G,2006,170
2023A8PS0388G,2023,740
2007A7PS0864P,2007,185
2007B1PS0889H,2007,191
2021B4TS0776G,2021,607
2007B4PS0711G,2007,177
2015B5PS0469G,2015,423
2013A7PS0717P,2013,358
2011AATS0113G,2011,314
2010A7PS0768G,2010,295
2007B5PS0935P,2007,198
2005B2PS0520G,2005,142
2019AAPS0708G,2019,535
2013B5TS0437G,2013,356
2015A4PS0820G,2015,420
2020B2PS0935G,2020,554
2015A4TS0196G,2015,418
2004A1PS0111G,2004,101
2020B1TS0173P,2020,552
2007B2TS0869H,2007,188
2012A7PS0169P,2012,335
2006A3TS0496P,2006,171
2007A3TS0330G,2007,175
2010A1PS0398P,2010,293
2024A1TS0183G,2024,767
2010B5PS0710G,2010,295
2009B2TS0470H,2009,270
2010AAPS0933P,2010,298
2023B3TS0799G,2023,726
2011A7TS0198G,2011,304
2005AAPS0210P,2005,135
2008A1TS0313H,2008,240
2022A7PS0082H,2022,659
2019AAPS0198G,2019,513
2019B3PS0318G,2019,515
2014A4PS0324H,2014,377
2024B5TS0920P,2024,783
2020A1PS0897P,2020,558
2020A4TS0694G,2020,584
2021B2TS0763P,2021,634
2012A1PS0449P,2012,341
2006A3PS0439H,2006,168
2015A3PS0714H,2015,412
2020A1PS0661H,2020,572
2022B4TS0375G,2022,660
2014B1PS0608P,2014,376
2024AAPS0958H,2024,833
2024B4TS0695G,2024,818
2018B3TS0227P,2018,480
2013B3TS0935H,2013,364
2012B3TS0802H,2012,328
2022B3PS0521G,2022,666
2009A1PS0550G,2009,268
2012AAPS0559H,2012,344
2015B2TS0614G,2015,421
2014B2PS0849G,2014,398
2009AAPS0438P,2009,258
2013B4TS0533P,2013,374
2021B2TS0240H,2021,628
2021A3PS0113P,2021,647
2008A8PS0343P,2008,243
2023AAPS0132H,2023,712
2013B2TS0601G,2013,364
2017A1PS0644P,2017,458
2020B5TS0625G,2020,552
2007A4PS0605H,2007,177
2022A1TS0914P,2022,662
2020B3TS0394G,2020,593
2007A4TS0959H,2007,187
2011B3PS0595P,2011,309
2013B1TS0215P,2013,363
2020B1PS0034H,2020,584
2021B2PS0282G,2021,632
2009A4PS0325H,2009,261
2024A3PS0490P,2024,784
2011B1PS0411P,2011,323
2014B5TS0529G,2014,387
2012B5PS0492H,2012,346
2022A7PS0720H,2022,655
2015A3PS0481H,2015,421
2016B4PS0017G,2016,432
2009A4TS0407P,2009,263
2021AATS0735H,2021,646
2022AATS0729H,2022,690
2020B5TS0994G,2020,597
2017B5TS0979G,2017,465
2016A8TS0353H,2016,440
2008A1PS0586H,2008,231
2021A8TS0997H,2021,639
2024B5TS0849G,2024,840
2005B4TS0428H,2005,137
2009A7TS0349P,2009,271
2012A7TS0973P,2012,337
2022A4PS0548P,2022,687
2004A4TS0464G,2004,105
2017A4PS0708G,2017,472
2023A8PS0249G,2023,740
2017B3TS0675G,2017,456
2012A3TS0865H,2012,342
2015AAPS0390G,2015,415
2017A3TS0298P,2017,464
2017A3TS0250G,2017,459
2018A4PS0932G,2018,492
2016B3TS0488G,2016,438
2012A4TS0580P,2012,328
2005A3TS0358P,2005,144
2005B1TS0097H,2005,133
2020A7TS0449P,2020,596
2013B3PS0808H,2013,366
2022A1TS0710H,2022,655
2007A4PS0316H,2007,181
2007A7PS0994G,2007,177
2014A3TS0173H,2014,386
2004B4PS0627G,2004,116
2019B1TS0074P,2019,545
2015A7TS0423H,2015,413
2020B2TS0547H,2020,591
2016B3TS0690G,2016,434
2014B3TS0075H,2014,395
2018A8TS0900G,2018,497
2011B1PS0642H,2011,305
2016A1PS0614H,2016,433
2017A3TS0627G,2017,467
2005B5TS0150P,2005,130
2020A1TS0512H,2020,582
2021A4PS0859G,2021,643
2005B3TS0977H,2005,125
2004B5TS0363H,2004,112
2015B4PS0797P,2015,411
2020B4TS0591H,2020,591
2013B3PS0540G,2013,361
2019A8PS0647G,2019,538
2015B5TS0507P,2015,409
2009A4PS0807G,2009,253
2009A7PS0767G,2009,255
2021B2TS0598G,2021,608
2011A1PS0586P,2011,302
2022B5PS0367H,2022,684
2016A8TS0570G,2016,432
2005B3TS0040G,2005,141
2010AATS0108H,2010,275
2013A4PS0838P,2013,363
2012A7TS0940G,2012,346
2008B5PS0099G,2008,248
2017A1PS0706H,2017,451
2020A7TS0152P,2020,574
2019AAPS0142P,2019,522
2016A8TS0960G,2016,429
2011B2PS0035H,2011,309
2012A3PS0025P,2012,325
2020B1TS0266P,2020,579
2017AAPS0264H,2017,463
2011B1PS0006H,2011,308
2023A8PS0292G,2023,718
2020AAPS0853H,2020,550
2015A4TS0586G,2015,416
2012A8PS0778G,2012,332
2011A1PS0892H,2011,315
2008A4TS0408G,2008,226
2024A4PS0293H,2024,781
2024A1TS0538G,2024,778
2008A3PS0296G,2008,245
2015A4TS0061G,2015,410
2010B4TS0600G,2010,283
2019B4PS0647P,2019,525
2017B1TS0082G,2017,454
2006B1PS0821G,2006,159
2016A7PS0559P,2016,431
2010B3PS0535H,2010,286
2010A1TS0503G,2010,287
2009A4TS0595H,2009,272
2011A8TS0267H,2011,316
2006A1TS0301H,2006,173
2008B5TS0485G,2008,226
2007A3TS0383G,2007,198
2008B3PS0147H,2008,233
2006A1PS0353H,2006,169
2012B2TS0200P,2012,331
2020B4PS0831P,2020,555
2022B2PS0935H,2022,654
2004B2PS0040G,2004,123
2013B3TS0803G,2013,356
2005A7TS0411G,2005,139
2021B3TS0316P,2021,631
2009B5TS0732P,2009,261
2014A4TS0574H,2014,378
2016B4TS0146G,2016,429
2020A8PS0529G,2020,569
2007B4TS0865P,2007,188
2004A3TS0848H,2004,123
2008B5TS0673H,2008,233
2019B3PS0247H,2019,535
2006B5TS0041H,2006,167
2007B2TS0173P,2007,191
2023A1TS0186P,2023,742
2009AAPS0209G,2009,261
2011A3PS0424H,2011,312
2017B5PS0146P,2017,461
2005B4TS0977P,2005,128
2021B1PS0275H,2021,637
2007B3PS0133G,2007,184
2018B3PS0570G,2018,483
2009A1TS0537P,2009,271
2009B5PS0995P,2009,263
2021A7TS0714G,2021,643
2022A3TS0691P,2022,685
2004A1TS0461G,2004,123
2011A3TS0257P,2011,311
2017B2TS0605P,2017,464
2023A1TS0206G,2023,748
2024B2PS0455G,2024,750
2011A7TS0568G,2011,303
2007A7TS0965P,2007,188
2009A4PS0727G,2009,265
2019B3PS0119P,2019,542
2015B2PS0918G,2015,409
2007B3PS0081P,2007,179
2009A3TS0425H,2009,271
2007B1PS0730H,2007,182
2015B5TS0606H,2015,410
2018A7PS0469P,2018,484
2016B3TS0542G,2016,437
2004B2PS0102H,2004,103
2011B2PS0558P,2011,319
2008B3TS0496P,2008,230
2010A8TS0718G,2010,275
2022A8TS0187H,2022,654
2019B1PS0726G,2019,518
2024B5TS0791H,2024,815
2011A4TS0980H,2011,308
2010A1PS0215H,2010,294
2018B1TS0851H,2018,487
2015B5PS0556P,2015,401
2007B2PS0018H,2007,190
2009B3PS0451G,2009,254
2006B1PS0236G,2006,173
2014A3PS0696G,2014,384
2008A1TS0135H,2008,244
2016B1TS0621P,2016,440
2016B3TS0829P,2016,425
2014A4TS0565G,2014,398
2020B3PS0744G,2020,592
2020A1TS0497H,2020,577
2019A7PS0792G,2019,505
2024A1TS0323G,2024,814
2022A8PS0740P,2022,672
2012A8TS0193H,2012,333
2016AATS0707G,2016,443
2024A7PS0362G,2024,839
2015A4TS0633P,2015,402
2020B5TS0615H,2020,566
2018AATS0292H,2018,486
2022A8TS0318H,2022,689
2017A8TS0639G,2017,459
2019B2TS0590P,2019,503
2017B4TS0512H,2017,472
2023AAPS0160P,2023,707
2011AAPS0754H,2011,305
2020B5TS0731H,2020,592
2013B4PS0536P,2013,362
2004B4TS0672P,2004,104
2016A3TS0027P,2016,447
2018B5TS0613H,2018,491
2024B5TS0145P,2024,816
2006A7TS0618H,2006,153
2020B1PS0427G,2020,573
2017B2PS0833P,2017,454
2004B1TS0973P,2004,113
2020A4PS0372P,2020,568
2005A8TS0404P,2005,148
2015B2PS0540H,2015,400
2018AAPS0037H,2018,481
2006B4PS0289H,2006,160
2024B2PS0488G,2024,829
2018A4PS0057P,2018,479
2019B3PS0054G,2019,517
2021B4TS0893H,2021,606
2014A1PS0713G,2014,382
2012B3PS0758G,2012,346
2016A4TS0017H,2016,425
2020B1PS0695P,2020,563
2008B2PS0617P,2008,227
2016B2PS0036G,2016,432
2022A1PS0698P,2022,661
2013A4PS0222H,2013,372
2018AAPS0583G,2018,497
2009B2TS0484P,2009,272
2021A4PS0612P,2021,612
2019A1PS0947P,2019,544
2010B2TS0975H,2010,286
2009B3PS0041H,2009,274
2023B2TS0513G,2023,729
2009A3TS0432P,2009,272
2008B5TS0671P,2008,240
2020A8TS0954H,2020,593
2013B2TS0691P,2013,357
2012B3TS0523H,2012,325
2004A8TS0345H,2004,115
2014B4TS0345G,2014,386
2014B3PS0535P,2014,391
2004A4TS0802H,2004,117
2016A7TS0203G,2016,440
2015A8PS0563H,2015,402
2008A8TS0251G,2008,242
2018B5TS0202H,2018,487
2013B3TS0886P,2013,355
2018A1PS0448G,2018,477
2014B2PS0863G,2014,396
2007A8PS0762G,2007,182
2018B5TS0798G,2018,489
2018AATS0583P,2018,492
2005A3PS0431H,2005,140
2009B2PS0296P,2009,261
2004B5TS0223G,2004,108
2014B2PS0771G,2014,379
2009A7PS0701H,2009,265
2017B2TS0783P,2017,460
2013B3TS0586P,2013,351
2021B3TS0459G,2021,629
2014B1TS0073G,2014,392
2018AAPS0878G,2018,486
2009A8PS0318H,2009,255
2007B4PS0772H,2007,190
2011A4TS0263H,2011,303
2021B3PS0167H,2021,640
2010B2PS0363P,2010,290
2019B3TS0758G,2019,508
2012B3TS0662P,2012,331
2020A4TS0864G,2020,557
2023B1TS0805P,2023,704
2015A1TS0853G,2015,403
2010B1PS0953P,2010,278
2019A8TS0864P,2019,533
2015B2PS0905P,2015,411
2008A4PS0869H,2008,231
2016A3PS0097P,2016,440
2017A1PS0569G,2017,454
2011B5PS0093H,2011,322
2007A4TS0081P,2007,179
2017B2TS0134H,2017,468
2019AAPS0327G,2019,548
2010AAPS0831G,2010,296
2016B2TS0828P,2016,448
2005B2TS0277P,2005,144
2024A3TS0511P,2024,787
2018B5PS0248G,2018,484
2008B5PS0306H,2008,239
2012B5TS0575G,2012,335
2019A4PS0727G,2019,533
2010AAPS0119P,2010,290
2004AAPS0682P,2004,110
2022B2TS0496H,2022,665
2013B5PS0114G,2013,370
2005B4TS0475G,2005,139
2015B3PS0339G,2015,401
2018B2TS0082H,2018,490
2014B4TS0739G,2014,385
2016B5TS0135H,2016,431
2024A8PS0566G,2024,752
2008A7TS0107H,2008,240
2012AAPS0390H,2012,349
2021A8TS0257P,2021,633
2009B4TS0429G,2009,274
2006A1PS0957G,2006,154
2010B5PS0414H,2010,293
2009A3TS0324H,2009,256
2016B5PS0223P,2016,436
2005B5PS0718G,2005,131
2022B4TS0094P,2022,693
2016A3PS0513H,2016,430
2005B3TS0618G,2005,132
2004B2TS0596H,2004,110
2008B5TS0204H,2008,245
2007A8TS0133G,2007,191
2007B4PS0183G,2007,195
2024B2PS0455H,2024,817
2020A1PS0978G,2020,557
2021B5TS0115G,2021,604
2020B5TS0269P,2020,578
2009AATS0676P,2009,272
2008B4PS0050P,2008,241
2021A8PS0021G,2021,633
2011A7PS0970H,2011,314
2020B5TS0824H,2020,568
2024A1PS0395H,2024,828
2024B3PS0860H,2024,815
2018A1PS0624G,2018,479
2005B5TS0477G,2005,129
2004B2TS0781G,2004,118
2020B2PS0402G,2020,566
2019A3PS0415G,2019,502
2016B5TS0624H,2016,429
2011B2PS0281H,2011,321
2005B1TS0829H,2005,144
2006AATS0668H,2006,153
2006B1PS0022H,2006,173
2021B3TS0447H,2021,630
2009A4TS0981H,2009,251
2019B1TS0698P,2019,536
2011A3PS0991P,2011,308
2008A1PS0490H,2008,249
2021A1TS0453H,2021,603
2020B5PS0140H,2020,589
2006B3PS0302G,2006,151
2010A7TS0924G,2010,284
2005A7TS0743H,2005,135
2020B4PS0488H,2020,582
2008A4TS0241P,2008,237
2006AATS0791P,2006,154
2011B2PS0956P,2011,308
2018A8TS0194P,2018,487
2022B3TS0681P,2022,687
2022B2TS0472H,2022,661
2024A8PS0588H,2024,774
2018B2PS0549G,2018,475
2009AATS0869G,2009,257
2008A3PS0209P,2008,242
2017B1TS0124G,2017,454
2016B5PS0031G,2016,425
2024A8PS0529G,2024,754
2008A3PS0608G,2008,244
2007AAPS0205G,2007,197
2010B2PS0844P,2010,292
2018AAPS0295G,2018,483
2011A7TS0907G,2011,300
2004A4TS0547H,2004,116
2013A8TS0854H,2013,362
2012AAPS0355P,2012,348
2007A7TS0571G,2007,199
2016B5TS0474G,2016,431
2016AATS0844H,2016,435
2006A3PS0915H,2006,153
2020A3PS0667P,2020,599
2022AAPS0358G,2022,658
2010A8TS0896G,2010,291
2004B3TS0010G,2004,119
2006B2TS0846P,2006,173
2014AAPS0512H,2014,383
2012A3PS0030G,2012,338
2024AAPS0086P,2024,824
2012B2TS0812G,2012,342
2008A8PS0576G,2008,225
2014AAPS0238G,2014,379
2021AATS0948H,2021,649
2016A1PS0622H,2016,436
2010B2TS0092P,2010,282
2012A8TS0054H,2012,342
2023A3PS0670H,2023,729
2005AATS0104G,2005,130
2018A1PS0675P,2018,488
2004B3TS0753H,2004,104
2018A4TS0727H,2018,492
2009B2TS0626P,2009,262
2010AATS0447P,2010,286
2005B1TS0495G,2005,137
2014A3PS0357G,2014,380
2023A8TS0837G,2023,728
2017B5TS0002H,2017,470
2018B2PS0709H,2018,490
2015AAPS0112H,2015,418
2009A8TS0136H,2009,258
2018B1TS0992H,2018,485
2013B1PS0275G,2013,362
2009B2TS0855P,2009,256
2019A8TS0459P,2019,531
2019A8TS0334H,2019,517
2016B2TS0879G,2016,439
2009B2TS0270H,2009,265
2004AATS0031G,2004,115
2020B1PS0487P,2020,575
2024A8TS0131G,2024,772
2022A7TS0577G,2022,669
2024A7PS0117P,2024,761
2019B5PS0959G,2019,532
2011AAPS0783P,2011,321
2013AAPS0917H,2013,358
2018B1TS0738H,2018,491
2009B3TS0889G,2009,267
2023B4TS0129P,2023,711
2018B5PS0889H,2018,496
2009B5PS0568H,2009,267
2006A1TS0203P,2006,174
2004A8PS0703G,2004,122
2004A7PS0332G,2004,111
2012A1PS0685H,2012,338
2020AAPS0977H,2020,587
2016A4TS0986G,2016,449
2008AAPS0158G,2008,236
2024B5PS0305P,2024,791
2011A8TS0746G,2011,306
2012B5TS0246P,2012,335
2006AATS0631H,2006,157
2013A7TS0863G,2013,362
2006A4PS0002H,2006,165
2008B5TS0714G,2008,229
2019A7TS0623H,2019,524
2015A1PS0222H,2015,423
2008AATS0822P,2008,231
2020A3PS0291P,2020,571
2019A4PS0823G,2019,549
2007B1TS0247P,2007,199
2021B4PS0284H,2021,609
2022A3TS0037P,2022,676
2006B4TS0522P,2006,173
2007A7TS0592P,2007,185
2013A4TS0806G,2013,358
2005AATS0880H,2005,142
2015B4TS0469H,2015,410
2011B2TS0443G,2011,306
2018A3PS0919P,2018,486
2004A8TS0029G,2004,116
2008A1PS0056P,2008,249
2017A4PS0036G,2017,468
2020A1PS0633H,2020,552
2016B1PS0625H,2016,433
2016A4TS0176G,2016,435
2004B4TS0487G,2004,122
2023B4TS0423P,2023,715
2006B3PS0235P,2006,172
2019B5PS0248H,2019,543
2010B3PS0501G,2010,292
2019A4PS0075H,2019,549
2017A3TS0238P,2017,474
2010B1PS0982G,2010,295
2020A8PS0699P,2020,585
2022B1PS0877H,2022,688
2021A8TS0559H,2021,642
2018B2PS0715P,2018,493
2023AAPS0274G,2023,740
2005AAPS0683H,2005,145
2018A3PS0986G,2018,493
2017A7TS0243P,2017,474
2004A3TS0575G,2004,106
2009A7TS0758H,2009,262
2004A1TS0509H,2004,107
2024B3PS0340P,2024,796
2021B3TS0538H,2021,603
2013A4TS0325G,2013,366
2016B4PS0281P,2016,445
2013A1TS0044H,2013,360
2015A1PS0885H,2015,418
2023A4TS0532G,2023,715
2007AATS0341P,2007,189
2008B5PS0486H,2008,243
2015A1TS0361H,2015,405
2023A1PS0930G,2023,715
2023A3TS0301G,2023,720
2018A4TS0499G,2018,484
2015B4TS0215P,2015,424
2009B1TS0398H,2009,260
2006A1PS0740H,2006,160
2020A1PS0608H,2020,568
2023A8PS0325H,2023,720
2013A8TS0280G,2013,360
2017B3TS0947G,2017,467
2023AATS0027G,2023,720
2017B3TS0282G,2017,463
2019A1TS0752H,2019,516
2020B4PS0633P,2020,584
2006B2PS0715G,2006,160
2018A3PS0935H,2018,485
2018A1PS0156G,2018,476
2010B2PS0920P,2010,289
2010A4TS0332P,2010,296
2021B4PS0719H,2021,628
2024B4TS0812H,2024,768
2007A1TS0554G,2007,196
2004B1PS0864H,2004,102
2023A7TS0231G,2023,745
2023A3TS0628P,2023,701
2005B4TS0443G,2005,140
2004A4TS0564G,2004,114
2011B1TS0047P,2011,318
2006A8TS0009P,2006,173
2004B1PS0457G,2004,101
2024A7TS0560G,2024,844
2023B5PS0259H,2023,738
2024B1PS0620P,2024,831
2014B1PS0703H,2014,392
2018A1TS0158P,2018,495
2018B1PS0384G,2018,494
2020B5PS0183P,2020,596
2024A3TS0780H,2024,843
2021A1PS0339G,2021,622
2013A4PS0111H,2013,373
2015B1TS0745G,2015,406
2020AAPS0159G,2020,560
2005A8TS0242H,2005,129
2023B5PS0667H,2023,721
2015B4PS0710G,2015,407
2009A4TS0071G,2009,273
2021AAPS0773P,2021,640
2009A7TS0811H,2009,256
2014A8PS0219G,2014,380
2012A4PS0181G,2012,346
2020AAPS0923H,2020,554
2018B2PS0172H,2018,479
2013B1TS0349P,2013,368
2018AAPS0173P,2018,487
2006A3TS0710G,2006,150
2004AATS0990H,2004,114
2014B3PS0102H,2014,391
2010B3TS0727P,2010,297
2009AAPS0554G,2009,269
2014B2TS0631G,2014,381
2023A3PS0644H,2023,731
2012B4TS0862H,2012,336
2019A1PS0927G,2019,504
2006AATS0749H,2006,150
2023B3PS0181P,2023,734
2018A1PS0003G,2018,478
2005B1TS0016P,2005,148
2008AAPS0316P,2008,233
2004A7TS0955G,2004,121
2010A3TS0974H,2010,294
2011B5PS0574G,2011,317
2017A4TS0785H,2017,461
2011B1PS0745H,2011,308
2016A3TS0899H,2016,425
2023A1TS0964H,2023,711
2022A1TS0648H,2022,657
2005B1PS0069G,2005,148
2024A8TS0036H,2024,814
2013AATS0165G,2013,364
2016A7TS0705H,2016,444
2021B5PS0146P,2021,620
2016A3TS0866P,2016,427
2017A1PS0685P,2017,455
2022B5PS0652H,2022,683
2011AATS0635G,2011,304
2006A8PS0807G,2006,171
2008A7TS0106G,2008,233
2006B3TS0876H,2006,171
2008A4TS0357H,2008,225
2024B1TS0241P,2024,790
2022A7PS0217P,2022,687
2024A4TS0810G,2024,785
2022B1PS0271P,2022,653
2006B3PS0732G,2006,163
2007A7PS0901P,2007,190
2004B4TS0194G,2004,106
2018AAPS0537G,2018,476
2021A1PS0043P,2021,638
2005AATS0750H,2005,131
2007B2PS0858P,2007,175
2018B5PS0042P,2018,494
2023B3PS0758G,2023,726
2010A1PS0608G,2010,295
2012B2PS0627H,2012,347
2013A3TS0400H,2013,350
2024A4PS0766G,2024,790
2010B1PS0037P,2010,285
2023A1TS0478H,2023,744
2022A1TS0142P,2022,698
2021B4PS0762P,2021,630
2014B5PS0372G,2014,379
2022AATS0184G,2022,655
2006A3TS0275H,2006,158
2013B2TS0378P,2013,367
2014B4TS0511H,2014,389
2024A4TS0147H,2024,823
2020B3PS0705P,2020,578
2018B4PS0343G,2018,495
2012A1PS0536G,2012,347
2013A4TS0597G,2013,355
2007A3PS0193G,2007,187
2024AATS0595H,2024,796
2009B5PS0959H,2009,256
2016B4TS0364P,2016,435
2008AAPS0371G,2008,243
2015A3TS0529H,2015,402
2007B3TS0979P,2007,192
2019A7PS0298G,2019,523
2006B4PS0765G,2006,158
2022A8TS0904G,2022,684
2016A4TS0527G,2016,429
2010A3PS0426G,2010,299
2014A1PS0708G,2014,381
2015B4TS0672G,2015,403
2014B1TS0404P,2014,377
2023B2PS0985G,2023,726
2020AAPS0762H,2020,586
2006A7TS0357P,2006,167
2005B4PS0357P,2005,128
2010B1PS0904P,2010,291
2009A7PS0231G,2009,271
2011B1PS0275G,2011,315
2006B4TS0321P,2006,164
2013B3PS0179P,2013,353
2005B3PS0559P,2005,146
2012A1TS0325G,2012,327
2012A4PS0888G,2012,345
2008AAPS0350G,2008,226
2024B4PS0870G,2024,772
2011A7TS0459G,2011,307
2013A3TS0858G,2013,359
2010A1TS0794G,2010,293
2017A4TS0242P,2017,452
2017B3TS0349P,2017,455
2024A8TS0785P,2024,758
2010A7TS0142H,2010,291
2006B5PS0002G,2006,153
2017B2TS0608H,2017,467
2019B1PS0929H,2019,538
2005A4PS0304P,2005,132
2015B3TS0144H,2015,409
2023B2TS0540P,2023,708
2016A7PS0644H,2016,432
2012AAPS0282G,2012,347
2010A8PS0249H,2010,289
2006A4TS0550P,2006,174
2004A3TS0969G,2004,109
2008A3PS0882G,2008,240
2015AAPS0648H,2015,420
2013B3PS0875H,2013,355
2004A1TS0650H,2004,121
2017B5TS0893G,2017,461
2014A1PS0117P,2014,391
2017A4PS0426G,2017,462
2005A7PS0905H,2005,125
2022A4TS0301H,2022,663
2014B5TS0368P,2014,387
2018A1TS0094P,2018,496
2015A3TS0420H,2015,412
2010A1TS0543G,2010,284
2020A3PS0091G,2020,597
2012A8PS0601P,2012,334
2013A4PS0511G,2013,360
2010B2TS0083H,2010,297
2014B4TS0078P,2014,393
2016A3PS0042G,2016,429
2014B1TS0786H,2014,396
2004A3PS0674P,2004,104
2005A3TS0912G,2005,140
2024AAPS0650H,2024,759
2022B4PS0462G,2022,698
2021A3PS0123H,2021,623
2018A4PS0149P,2018,477
2006A3TS0617P,2006,173
2014A3TS0930P,2014,398
2021A7TS0297H,2021,611
2013A7PS0536H,2013,368
2019A3PS0371G,2019,545
2004A7PS0460G,2004,105
2004A1TS0175P,2004,117
2006A1TS0125G,2006,160
2021A3TS0730G,2021,640
2020B5TS0456P,2020,559
2005B1PS0667P,2005,141
2016B2TS0451P,2016,426
2018A1PS0341G,2018,483
2010A1TS0067H,2010,287
2021B4TS0286H,2021,608
2020A4TS0853H,2020,595
2008B2PS0604P,2008,245
2016B1TS0649H,2016,434
2023A8TS0755G,2023,705
2013AAPS0088H,2013,358
2018B5TS0328G,2018,480
2006B1PS0066G,2006,160
2005B3PS0208G,2005,141
2021B5TS0870H,2021,614
2006B1PS0199P,2006,157
2019B5PS0566G,2019,520
2007A8PS0447P,2007,191
2017B1PS0189P,2017,456
2017B1TS0829H,2017,459
2018A3PS0473P,2018,488
2022B5PS0963G,2022,673
2013B1PS0933H,2013,370
2021B1TS0403P,2021,618
2012B1PS0266G,2012,336
2007AATS0108H,2007,195
2011A1TS0950G,2011,323
2023A3PS0732G,2023,745
2008B2PS0554G,2008,241
2004A7TS0708G,2004,101
2022A1TS0069P,2022,692
2014A3PS0255G,2014,378
2006B4TS0620P,2006,151
2007A1TS0428P,2007,176
2016A7TS0281G,2016,432
2018B2TS0009P,2018,483
2009AATS0348G,2009,264
2008B1PS0308H,2008,239
2005B4PS0065G,2005,139
2015AAPS0034G,2015,415
2021AATS0560H,2021,604
2004AAPS0802H,2004,123
2004AAPS0425P,2004,119
2020A7TS0604H,2020,591
2013AATS0433H,2013,350
2020B2PS0208G,2020,581
2007B2TS0213G,2007,198
2015B5PS0933G,2015,413
2012B2TS0858H,2012,330
2010B2PS0667G,2010,286
2019B1TS0927H,2019,525
2024B5PS0411H,2024,755
2017B1TS0971H,2017,454
2011A1PS0899G,2011,313
2021B3PS0454G,2021,614
2016A7TS0952H,2016,435
2005A4TS0661H,2005,129
2006A7TS0277G,2006,166
2008A8TS0612H,2008,226
2015B2TS0010H,2015,401
2007A4TS0681P,2007,175
2010A7PS0365H,2010,296
2016B4PS0802P,2016,437
2011AATS0747G,2011,308
2016AAPS0128P,2016,446
2018A7TS0392H,2018,485
2016A7TS0003H,2016,440
2017B5PS0016G,2017,470
2004A8TS0944G,2004,112
2018A4PS0707P,2018,498
2011A3TS0029H,2011,310
2009B5PS0413P,2009,256
2021AATS0403P,2021,641
2013A1TS0007H,2013,359
2012B2TS0314G,2012,349
2008A7TS0108G,2008,229
2014A8TS0415G,2014,377
2009B4TS0014G,2009,251
2018A3TS0329G,2018,492
2005B4PS0697P,2005,134
2020B2TS0231H,2020,565
2022A7TS0850G,2022,695
2012B5TS0198P,2012,334
2014B2TS0784P,2014,391
2018B3TS0780G,2018,481
2021A3TS0185P,2021,648
2017B5TS0540H,2017,454
2004B4PS0399P,2004,123
2019A4TS0939P,2019,546
2004A4PS0180H,2004,108
2024B5TS0068G,2024,838
2015AATS0798P,2015,407
2020A3TS0428G,2020,563
2014A7PS0212H,2014,396
2019B3TS0340G,2019,534
2021A7PS0191G,2021,615
2006B5TS0465H,2006,160
2004A4TS0794P,2004,124
2019A4TS0730P,2019,529
2012B5TS0294G,2012,330
2011B2PS0129P,2011,319
2014A8TS0586P,2014,379
2013AAPS0271P,2013,368
2006A3TS0507P,2006,166
2008B2TS0341G,2008,234
2017A1PS0798P,2017,462
2019B5TS0286H,2019,549
2017B4PS0683P,2017,463
2020A1TS0071H,2020,597
2010A7TS0048G,2010,293
2005A1TS0629P,2005,144
2010A7TS0413G,2010,283
2009A3PS0016H,2009,258
2006A4PS0400H,2006,151
2004AATS0686H,2004,108
2011A7PS0753G,2011,324
2011B5TS0879P,2011,304
2023B5TS0138H,2023,707
2013B2TS0022P,2013,351
2010B2PS0392G,2010,283
2008B1PS0534P,2008,231
2009B3TS0874G,2009,257
2018B1PS0366P,2018,490
2016B4PS0796H,2016,442
2024B4PS0021G,2024,773
2007A8TS0517P,2007,196
2011B2TS0781H,2011,313
2005B4TS0293G,2005,130
2016B5TS0578H,2016,441
2013AATS0646H,2013,350
2009A3TS0250G,2009,258
2013B2PS0564H,2013,360
2009B3PS0309P,2009,253
2004B5PS0125P,2004,103
2005B5TS0057H,2005,143
2024A4TS0415G,2024,750
2023A1PS0567P,2023,709
2004B4PS0597P,2004,110
2005B1PS0436H,2005,135
2014A1PS0929P,2014,390
2004A7PS0081H,2004,108
2016AAPS0944G,2016,431
2013B3TS0196P,2013,365
2012B5PS0386P,2012,346
2008A8PS0265P,2008,237
2007A3TS0069P,2007,199
2020B2PS0091H,2020,593
2017B4PS0850G,2017,457
2016B3TS0669G,2016,434
2013B2PS0017H,2013,371
2018AAPS0768H,2018,497
2019A7TS0731P,2019,549
2012A4PS0166G,2012,347
2009B3PS0145H,2009,261
2008B5PS0580G,2008,237
2012AAPS0839G,2012,349
2013A4TS0596P,2013,350
2013A7PS0935P,2013,367
2020A7PS0237G,2020,559
2005B5TS0206P,2005,147
2007A4TS0115P,2007,190
2010B5PS0458H,2010,275
2004B4PS0543H,2004,103
2011A8PS0781G,2011,310
2020A7PS0134P,2020,568
2011B3PS0031H,2011,320
2004B2TS0068P,2004,102
2021B5PS0013P,2021,600
2022A1TS0946H,2022,656
2020A7TS0965P,2020,562
2019AAPS0783G,2019,502
2022B2TS0809H,2022,668
2005A8TS0734G,2005,128
2011AAPS0872P,2011,305
2008A7TS0338H,2008,238
2011B5TS0307G,2011,315
2006B2PS0832G,2006,157
2005A7TS0413G,2005,142
2018A4TS0640H,2018,496
2018A3PS0498G,2018,497
2020B4PS0898H,2020,585
2006A7PS0902P,2006,151
2008A8PS0847P,2008,228
2013A8PS0337H,2013,369
2010B2TS0771G,2010,287
2019A3PS0785P,2019,531
2014B3PS0205G,2014,390
2022A4TS0623H,2022,677
2020A1PS0851H,2020,580
2021A4PS0795H,2021,622
2012A8TS0944P,2012,334
2006A7TS0847G,2006,174
2021B3PS0784G,2021,607
2020A7PS0836H,2020,563
2008A3TS0180P,2008,236
2007A8PS0323H,2007,197
2006A7PS0457H,2006,152
2015AATS0970G,2015,421
2014AATS0327P,2014,396
2008AAPS0830H,2008,228
2021A1PS0134P,2021,640
2015B1PS0936H,2015,413
2006A1PS0233H,2006,169
2012A8PS0362H,2012,342
2018B3PS0699G,2018,492
2008A1PS0972H,2008,234
2015AATS0390H,2015,401
2007A4PS0288H,2007,198
2004A7TS0214G,2004,118
2008B5PS0099H,2008,227
2023AAPS0462H,2023,700
2004A7PS0765P,2004,114
2023A4TS0219G,2023,725
2023B1PS0142H,2023,717
2021A4PS0282H,2021,625
2021A4PS0039P,2021,613
2015B5TS0618G,2015,419
2018B4PS0479G,2018,489
2017B3TS0520H,2017,454
2024A7TS0021P,2024,754
2023B1PS0278P,2023,734
2006A8PS0419P,2006,153
2021A8TS0351G,2021,642
2009B2PS0341H,2009,269
2019AATS0476P,2019,524
2023A7PS0645G,2023,734
2005A4PS0248P,2005,143
2011A4PS0685P,2011,317
2022B5TS0701G,2022,699
2008B5TS0618H,2008,228
2015B4PS0313G,2015,419
2012B5PS0371G,2012,343
2016B2PS0215G,2016,428
2023B4TS0730H,2023,747
2013B4PS0248G,2013,352
2023B4PS0188P,2023,734
2006B1PS0424G,2006,151
2016B2TS0114P,2016,447
2021A3TS0079G,2021,641
2008B5PS0589G,2008,247
2004B4PS0462P,2004,106
2010B4PS0636G,2010,287
2020B3PS0695H,2020,585
2014B2TS0217H,2014,390
2007A8PS0951P,2007,188
2008A7TS0380P,2008,234
2010A8PS0021G,2010,283
2013AATS0265H,2013,352
2013B1TS0821H,2013,365
2015B1TS0992P,2015,418
2015A1TS0111H,2015,400
2021B3TS0370G,2021,603
2005B2TS0842H,2005,137
2006A1TS0717P,2006,172
2012A3TS0350G,2012,329
2005AATS0768G,2005,130
2008A3PS0903G,2008,249
2005A3TS0044H,2005,142
2012A1PS0589G,2012,342
2015A4TS0266P,2015,422
2023A1TS0375G,2023,716
2016B4PS0242H,2016,443
2009A1PS0045P,2009,263
2010B1PS0834H,2010,277
2021B3PS0669P,2021,630
2015A3PS0354P,2015,410
2019B5PS0781P,2019,544
2006B1TS0287H,2006,167
2010A1PS0086P,2010,285
2013A1PS0462H,2013,357
2013A8PS0481P,2013,355
2015A4TS0495P,2015,423
2012B4PS0158H,2012,338
2016B5PS0249G,2016,428
2023A3TS0009G,2023,725
2019B5PS0383P,2019,538
2007A3TS0361P,2007,175
2020B3PS0005P,2020,598
2022A7TS0603G,2022,688
2008B2PS0676G,2008,243
2017B5PS0150H,2017,459
2007A4PS0741H,2007,180
2017A8PS0542G,2017,472
2023A1PS0105G,2023,712
2008B1PS0067P,2008,245
2012A1TS0636P,2012,339
2017B1PS0087P,2017,471
2017B1TS0745P,2017,465
2005A7PS0436G,2005,147
2015A7PS0054H,2015,417
2016B1PS0636P,2016,433
2015B5PS0778G,2015,414
2010B2TS0472H,2010,275
2014B1TS0716P,2014,397
2010B3PS0040G,2010,283
2004A1TS0155G,2004,123
2014B4TS0605P,2014,377
2009B2TS0640P,2009,255
2017B2PS0106H,2017,456
2012A7PS0539H,2012,325
2017A4TS0961G,2017,453
2013A1PS0673H,2013,355
2016B4TS0418G,2016,430
2010A7TS0353G,2010,278
2013B5PS0074G,2013,352
2008A7TS0202P,2008,240
2019A8TS0531H,2019,513
2019B2PS0644P,2019,536
2009A3TS0581G,2009,255
2007B5TS0027P,2007,192
2012B3TS0692G,2012,328
2022A4PS0729G,2022,675
2018AATS0543H,2018,492
2021A7PS0106H,2021,611
2006B4PS0884P,2006,159
2020B2TS0881P,2020,587
2010B5TS0114H,2010,296
2012B2TS0314P,2012,342
2009B2PS0353P,2009,273
2016B2TS0447G,2016,427
2016A1PS0588H,2016,425
2022B2TS0469P,2022,693
2009A8PS0335G,2009,266
2013A7TS0722P,2013,373
2009AAPS0551H,2009,265
2021AAPS0121G,2021,646
2014A3TS0114P,2014,382
2008B2TS0720P,2008,242
2023B1PS0439H,2023,730
2004A4TS0530P,2004,116
2020A3PS0176P,2020,575
2009B1PS0583G,2009,267
2022B5PS0105G,2022,692
2022A4TS0177P,2022,662
2022AAPS0100P,2022,670
2016A4PS0859H,2016,433
2009A7PS0832P,2009,260
2020B4PS0670G,2020,566
2007AATS0401H,2007,177
2024B4PS0951H,2024,761
2023B1TS0728G,2023,715
2015A1PS0680H,2015,412
2015A7PS0145H,2015,408
2010A7TS0435G,2010,292
2023B2TS0071H,2023,717
2006A1PS0880H,2006,151
2005A3TS0510P,2005,133
2006B2TS0772H,2006,168
2019B1TS0617H,2019,526
2018A3PS0121H,2018,483
2011AAPS0948P,2011,320
2013B5PS0495H,2013,352
2018B2TS0573P,2018,489
2018AATS0423H,2018,488
2022B1TS0668G,2022,679
2005A7PS0828G,2005,130
2006A4TS0978G,2006,157
2008A3TS0053H,2008,231
2010B3PS0620G,2010,290
2021AATS0414H,2021,629
2012B5TS0386G,2012,331
2024A4PS0393P,2024,789
2020A1TS0594P,2020,596
2011A7TS0381G,2011,305
2009B5PS0144G,2009,259
2017B4TS0773G,2017,462
2007AATS0649G,2007,194
2012A1TS0251P,2012,342
2005A8TS0291G,2005,147
2024B3TS0194H,2024,832
2011A4PS0848G,2011,318
2024B3TS0425P,2024,846
2005A8TS0546P,2005,125
2009A3PS0140P,2009,254
2015B3PS0544G,2015,424
2024A7TS0360G,2024,751
2013A1PS0453G,2013,355
2016B5TS0738P,2016,440
2019A4TS0898G,2019,532
2012A3TS0272G,2012,329
2018B4PS0050H,2018,480
2010A4TS0098P,2010,282
2023B5PS0924G,2023,741
2005B3PS0274H,2005,135
2014B2PS0667H,2014,393
2023A3TS0145P,2023,738
2007A4PS0490G,2007,176
2007A7TS0938G,2007,184
2008A8PS0446G,2008,242
2023B3PS0356G,2023,727
2009A4PS0410G,2009,259
2024A7PS0896P,2024,797
2024B2PS0005H,2024,797
2018AAPS0345H,2018,477
2019A7TS0684P,2019,516
2017B1PS0289G,2017,461
2020A1TS0522G,2020,551
2005A1TS0116G,2005,140
2005B4TS0213H,2005,136
2015A4PS0152G,2015,422
2004A8TS0630P,2004,100
2021A3TS0263P,2021,629
2007B2PS0562P,2007,195
2020AAPS0236H,2020,591
2016B1PS0086G,2016,440
2009A3PS0721H,2009,252
2012A3PS0022P,2012,337
2020B3TS0104H,2020,552
2015B1TS0864H,2015,414
2023AAPS0086P,2023,743
2010A1TS0469P,2010,282
2014B1PS0895H,2014,384
2013B4PS0676G,2013,374
2004B5TS0840H,2004,121
2024A4TS0257P,2024,776
2011AAPS0214P,2011,313
2015B4TS0166H,2015,424
2015A7TS0683G,2015,403
2023B5TS0726P,2023,713
2009A8PS0602P,2009,253
2016A1TS0771G,2016,431
2016B5PS0590P,2016,429
2016B5TS0477G,2016,439
2012A3TS0798H,2012,344
2008B4TS0009H,2008,244
2013A7TS0528P,2013,366
2019A4TS0174P,2019,507
2013AAPS0028G,2013,367
2021A7PS0021H,2021,634
2013B2PS0391G,2013,362
2020AATS0328P,2020,558
2009B4TS0489P,2009,274
2024A4PS0313P,2024,754
2011A7TS0773H,2011,310
2015B5TS0241G,2015,407
2009B2PS0923P,2009,267
2023B4TS0940P,2023,715
2011A7TS0569H,2011,308
2016A7PS0757G,2016,446
2018B3TS0581P,2018,487
2023B3TS0325G,2023,724
2012A3PS0535H,2012,331
2018A7TS0506P,2018,478
2014A4PS0776P,2014,393
2016B1TS0642H,2016,445
2015AAPS0094G,2015,422
2010A1PS0491P,2010,292
2023A8PS0113H,2023,717
2005AAPS0185G,2005,148
2005B5TS0223H,2005,131
2004A1PS0063G,2004,114
2015B4TS0519P,2015,409
2015A8TS0020G,2015,403
2012B1PS0446H,2012,325
2018B2PS0071G,2018,475
2010AAPS0727H,2010,290
2006A3PS0343P,2006,168
2018B3PS0594H,2018,496
2004A1TS0433H,2004,108
2013A3PS0035H,2013,359
2014B5PS0996P,2014,394
2013B5PS0395H,2013,355
2021A8PS0159P,2021,619
2011B4TS0056H,2011,317
2005A7TS0881G,2005,135
2014A7TS0769G,2014,383
2019A1PS0237P,2019,530
2013A4PS0398P,2013,362
2016A7TS0614G,2016,442
2016B3TS0161G,2016,448
2009A3PS0801P,2009,274
2006B4TS0625G,2006,156
2009A3TS0350P,2009,262
2020B4PS0064H,2020,590
2011AAPS0398H,2011,308
2011B3TS0826G,2011,313
2006A1TS0208G,2006,171
2004AATS0197H,2004,101
2016B3PS0145P,2016,434
2008A8TS0168H,2008,235
2006B5TS0185P,2006,151
2019B1PS0525G,2019,511
2010A3PS0328P,2010,293
2012B5TS0578G,2012,332
2006B1TS0139P,2006,169
2018A4TS0527P,2018,485
2005AAPS0497G,2005,130
2011A7TS0866G,2011,307
2016A7PS0299P,2016,433
2018B1PS0140G,2018,493
2004B3PS0555H,2004,122
2019A4TS0590P,2019,548
2008A7TS0902H,2008,239
2008B4TS0099H,2008,227
2024A4PS0301G,2024,847
2020B4PS0268G,2020,563
2009B2PS0358H,2009,256
2008B1PS0460H,2008,228
2017A1PS0639G,2017,454
2020AATS0979P,2020,574
2014A1PS0635H,2014,391
2014B4PS0002P,2014,379
2022AATS0169P,2022,664
2013B3TS0737P,2013,350
2007B5TS0187P,2007,195
2020B3PS0178G,2020,559
2013B1TS0754H,2013,358
2016B3TS0182G,2016,431
2023A4PS0148P,2023,748
2021A4PS0683G,2021,641
2014A4TS0499P,2014,388
2016B5PS0266H,2016,427
2020A7TS0643H,2020,596
2012A1PS0530H,2012,326
2010A3TS0276H,2010,291
2023B4TS0421P,2023,707
2022B3TS0924H,2022,656
2015B1PS0328P,2015,414
2015A3TS0923P,2015,421
2017A1TS0415P,2017,474
2014A8PS0725H,2014,378
2024AAPS0868G,2024,795
2005B2TS0162P,2005,144
2021A8PS0170H,2021,641
2008B4TS0806P,2008,239
2009AATS0245P,2009,266
2004A8PS0178P,2004,108
2004A7TS0890P,2004,114
2010B3PS0729H,2010,283
2019B4PS0525H,2019,532
2010B2TS0983H,2010,280
2017A4TS0557P,2017,452
2006B1PS0914G,2006,161
2020B3TS0661P,2020,584
2015AATS0630P,2015,419
2020A7PS0939G,2020,560
2020B3TS0928H,2020,572
2022B5TS0353P,2022,653
2016B5TS0891P,2016,428
2012B1TS0235G,2012,340
2018A7TS0674H,2018,485
2009A1PS0154P,2009,252
2015B4TS0127P,2015,421
2021AATS0017H,2021,627
2005A8TS0141P,2005,134
2020B1TS0673H,2020,595
2016A4PS0005G,2016,436
2020A1PS0076H,2020,585
2006A8PS0540P,2006,167
2014B2PS0578G,2014,375
2023A7PS0336P,2023,720
2008A4TS0062H,2008,235
2011A3TS0576P,2011,316
2010A1PS0755H,2010,296
2022A1PS0232G,2022,680
2023AATS0414P,2023,706
2014B5TS0352G,2014,388
2004B3PS0946H,2004,122
2011B5TS0398G,2011,323
2007A1TS0628G,2007,194
2018A8TS0940P,2018,476
2017A1TS0006P,2017,457
2014A7TS0148H,2014,392
2012A1PS0748P,2012,344
2010A8TS0994G,2010,291
2004A1PS0245G,2004,122
2007A8TS0552G,2007,183
2020A4TS0686H,2020,571
2006AAPS0443G,2006,169
2020A1PS0787H,2020,592
2011A4TS0387H,2011,301
2009A8TS0236H,2009,251
2018A7PS0274P,2018,476
2019A8TS0166P,2019,535
2023A4PS0567H,2023,714
2019A3PS0631H,2019,532
2020B2PS0319P,2020,593
2010B2PS0170P,2010,291
2023A4TS0572P,2023,749
2022A4PS0520H,2022,653
2011B5PS0752G,2011,314
2024A4TS0096P,2024,838
2005A8TS0339P,2005,144
2015B4TS0835G,2015,424
2004B2PS0841G,2004,101
2019B2TS0797G,2019,544
2023B2PS0751P,2023,726
2024B3PS0918H,2024,837
2022A8PS0123G,2022,661
2015A8TS0132G,2015,411
2004A1PS0442G,2004,101
2007A4PS0453H,2007,199
2015A8PS0817H,2015,417
2009A7TS0302H,2009,253
2024B4TS0338H,2024,758
2012B3TS0505P,2012,328
2013B2PS0001H,2013,351
2021AATS0086G,2021,640
2015B3TS0666H,2015,416
2011A8PS0144P,2011,321
2023B1PS0050G,2023,729
2022B3PS0851P,2022,679
2019A3TS0444G,2019,540
2007A7TS0860G,2007,198
2023B3PS0630P,2023,743
2012A7PS0107H,2012,325
2022A8PS0688H,2022,696
2015A4PS0653H,2015,400
2009AATS0399G,2009,251
2017B1PS0769G,2017,468
2010A4TS0707G,2010,290
2004B1PS0285H,2004,107
2024B3TS0737G,2024,820
2021A3TS0256H,2021,633
2004A4TS0832G,2004,108
2014A1PS0298G,2014,377
2016B2PS0938G,2016,427
2006A3TS0022P,2006,162
2019B1PS0667P,2019,527
2016A8PS0922P,2016,431
2007B2PS0754H,2007,194
2017A4PS0860P,2017,450
2024B2TS0738H,2024,823
2005A4TS0883H,2005,146
2021A4PS0029G,2021,608
2019B5PS0804P,2019,522
2005A7PS0613P,2005,127
2009B2PS0265H,2009,257
2008B1TS0724H,2008,234
2007B2PS0378G,2007,196
2014B1PS0056H,2014,395
2012B1PS0081P,2012,346
2020A4PS0038G,2020,563
2021A7PS0957P,2021,636
2006B5TS0566G,2006,166
2011B2PS0400H,2011,301
2012A4TS0305G,2012,337
2007B5PS0637H,2007,182
2004A4TS0929H,2004,115
2024B5TS0984P,2024,771
2017A3PS0265G,2017,466
2014A3TS0201G,2014,381
2005B3TS0170H,2005,129
2024A1TS0048H,2024,828
2015A7PS0191G,2015,415
2011B2TS0438H,2011,322
2014B3PS0097H,2014,375
2009A1TS0265P,2009,250
2010A7PS0799G,2010,287
2022A4TS0085P,2022,673
2007A7PS0693P,2007,176
2010A1TS0942H,2010,280
2023B3PS0018P,2023,749
2015A7PS0202G,2015,405
2008A8TS0903H,2008,239
2017A4PS0459H,2017,473
2019B2TS0602G,2019,518
2019A3TS0589H,2019,503
2008A7PS0091H,2008,228
2007B3PS0275H,2007,175
2022B1PS0304G,2022,696
2020AATS0615H,2020,571
2014A1PS0648P,2014,392
2018B3TS0892G,2018,499
2017A1TS0186H,2017,455
2023B5PS0291G,2023,727
2006A4PS0203P,2006,153
2005AATS0766H,2005,137
2009B5TS0691G,2009,266
2016A7PS0449P,2016,447
2016A3PS0257H,2016,446
2015AATS0772H,2015,415
2024B1PS0860G,2024,758
2020B1TS0770G,2020,589
2014B5PS0119P,2014,384
2012B2TS0516G,2012,325
2016A4TS0103G,2016,441
2019B5TS0746G,2019,534
2011B4TS0313P,2011,314
2023B3TS0686G,2023,740
2006A8PS0980P,2006,165
2020AAPS0583G,2020,599
2016A3TS0545P,2016,439
2021B1PS0055H,2021,633
2022A1PS0341H,2022,661
2021B4PS0243P,2021,602
2013A7PS0422H,2013,353
2021B1PS0466P,2021,644
2004B2PS0169G,2004,117
2011AAPS0762H,2011,305
2004B3TS0934P,2004,115
2004B1TS0315G,2004,115
2008A4TS0303G,2008,230
2009B5PS0754P,2009,256
2023AATS0764G,2023,720
2023A1TS0493H,2023,748
2022B2PS0446G,2022,698
2008B2TS0001P,2008,225
2008B5TS0866P,2008,236
2006B1PS0530P,2006,161
2011B2PS0383H,2011,300
2022B4PS0547G,2022,666
2016A1TS0683P,2016,449
2014A1TS0413G,2014,396
2023B3TS0991H,2023,701
2009A4PS0521P,2009,251
2006B3TS0660P,2006,164
2013B5PS0871H,2013,360
2020B5TS0025G,2020,556
2008A4TS0482G,2008,245
2023A3PS0519G,2023,726
2024B5PS0809P,2024,817
2005A8PS0437G,2005,145
2020B1PS0787G,2020,590
2024B1PS0621G,2024,829
2011B2PS0497G,2011,303
2005B4TS0612H,2005,144
2023B4TS0996H,2023,739
2007A3PS0007P,2007,185
2010A4PS0537H,2010,293
2016A4TS0478H,2016,430
2013B4PS0032G,2013,350
2009A3TS0847P,2009,263
2004B3PS0013H,2004,123
2016A1PS0671G,2016,433
2018A3PS0939H,2018,493
2013A7TS0329G,2013,353
2017B3TS0152G,2017,467
2024A3PS0142H,2024,793
2014A7TS0202G,2014,398
2008AATS0212P,2008,230
2012A1PS0207H,2012,345
2017A4PS0565P,2017,460
2011B2TS0290P,2011,310
2004A7TS0510H,2004,120
2014AATS0023H,2014,396
2016B2TS0844G,2016,442
2012B3PS0113P,2012,342
2005B1PS0341H,2005,143
2010A4TS0797G,2010,282
2019B4PS0153G,2019,515
2022A3PS0874G,2022,678
2015AAPS0849H,2015,411
2011A7PS0496G,2011,306
2013AATS0231H,2013,366
2021AAPS0795P,2021,605
2011B2TS0364G,2011,303
2021A7PS0546H,2021,642
2022B3TS0291P,2022,650
2018B5TS0251P,2018,478
2007B2PS0123H,2007,195
2024B2PS0524G,2024,773
2009B2PS0642H,2009,267
2021A1PS0020H,2021,621
2009B3PS0466P,2009,268
2005A8PS0004G,2005,137
2014B4TS0984G,2014,397
2010A7TS0411G,2010,280
2015B3TS0981H,2015,409
2016A8TS0290G,2016,439
2012A8TS0245G,2012,333
2018AATS0422H,2018,479
2013A3TS0559H,2013,372
2019AATS0884G,2019,547
2012B4TS0664H,2012,349
2014A1PS0265H,2014,375
2024A8TS0972P,2024,766
2004A1TS0446G,2004,102
2014B4TS0506P,2014,391
2020B2TS0141P,2020,577
2017B5PS0695H,2017,457
2022B2PS0214P,2022,656
2004B5TS0850H,2004,119
2022B1TS0669H,2022,657
2011A4TS0619H,2011,322
2018AATS0819G,2018,497
2007A4PS0576G,2007,191
2007A1TS0008P,2007,179
2008B4PS0779H,2008,246
2013B2PS0837G,2013,372
2011B5TS0772H,2011,321
2022A1TS0887H,2022,687
2015A1TS0817H,2015,415
2021B5PS0950H,2021,612
2006AATS0933H,2006,159
2015B1TS0710G,2015,408
2018B1TS0036P,2018,485
2019A3PS0100H,2019,513
2018B2PS0088G,2018,490
2020A1TS0354G,2020,572
2016A3PS0320P,2016,442
2019B3TS0448H,2019,510
2012A4TS0739G,2012,337
2017B2PS0072G,2017,471
2020B2TS0852H,2020,585
2008A4PS0916G,2008,236
2020A4PS0458H,2020,595
2009AAPS0454G,2009,267
2024B5TS0507P,2024,757
2008B5TS0289H,2008,241
2009B4TS0643P,2009,260
2021B5PS0423G,2021,614
2021B3PS0614G,2021,629
2024B3TS0150H,2024,792
2015AATS0169P,2015,409
2009B5PS0578H,2009,260
2018A1PS0283P,2018,485
2012B2TS0630P,2012,337
2023A8PS0276P,2023,713
2022A1PS0135H,2022,668
2006A7PS0558P,2006,169
2015B5PS0648P,2015,400
2020B1PS0910H,2020,575
2007B1TS0200H,2007,195
2014B1TS0930P,2014,384
2018A3PS0041H,2018,481
2014AATS0028P,2014,397
2009A1PS0918H,2009,258
2007B2PS0181H,2007,182
2020AATS0315G,2020,589
2007A8PS0084G,2007,194
2008A4PS0655H,2008,236
2014B1PS0822H,2014,388
2006A7PS0635P,2006,160
2005A4TS0702H,2005,147
2006A1PS0448P,2006,159
2005A3PS0896H,2005,134
2014B1TS0990H,2014,379
2022A7TS0444P,2022,697
2024B4PS0672H,2024,802
2021B1PS0963G,2021,635
2004B1TS0364H,2004,100
2005AAPS0149G,2005,149
2013B5TS0190G,2013,373
2008A3TS0299H,2008,245
2018A8PS0218G,2018,498
2008B4TS0645P,2008,230
2008A4PS0595G,2008,234
2019B3TS0671G,2019,515
2017A7PS0194G,2017,451
2021AATS0329P,2021,621
2014B2PS0355H,2014,399
2024A4PS0992P,2024,766
2008B5TS0094G,2008,236
2015A3PS0413P,2015,405
2014A3PS0051P,2014,375
2020A3TS0771G,2020,588
2015B5TS0444H,2015,415
2018B1PS0957G,2018,489
2015A1PS0143G,2015,402
2013B5PS0053H,2013,374
2018B3TS0596G,2018,483
2012A1PS0951P,2012,339
2019B3PS0783G,2019,520
2011AATS0966H,2011,315
2010A1TS0462H,2010,285
2023A4TS0417H,2023,713
2023B2PS0060G,2023,708
2006A4TS0721P,2006,164
2019B2TS0821G,2019,523
2011A7TS0793G,2011,317
2023A8PS0045G,2023,708
2004B1TS0278H,2004,108
2011B4TS0130H,2011,312
2005AAPS0530P,2005,131
2023A8PS0651H,2023,734
2006A1PS0629H,2006,171
2014AAPS0310P,2014,376
2020A3TS0859P,2020,556
2017AATS0436H,2017,467
2005B3PS0356H,2005,134
2014A3TS0591H,2014,376
2024A4PS0639P,2024,821
2005A3TS0072P,2005,126
2015A4PS0379H,2015,401
2004A3PS0409P,2004,117
2022A1TS0048H,2022,661
2014B5PS0600G,2014,396
2022A8PS0075P,2022,679
2021B5PS0556G,2021,646
2008B1PS0201H,2008,229
2005A3PS0753G,2005,125
2020A3TS0225G,2020,576
2006B5PS0702G,2006,150
2024B1PS0687P,2024,762
2011A3PS0073G,2011,307
2005A1TS0464P,2005,135
2013B5PS0329P,2013,359
2021B2TS0026P,2021,605
2024B1TS0059H,2024,770
2009A7PS0262G,2009,268
2020A1TS0778P,2020,586
2017A7TS0313P,2017,455
2005A7TS0289P,2005,138
2023A8PS0278P,2023,707
2007A8PS0449P,2007,194
2008A8TS0440H,2008,232
2011B1PS0192P,2011,307
2006A8TS0555H,2006,174
2015A1PS0379P,2015,424
2008B3PS0481H,2008,246
2024B3PS0297G,2024,785
2014B1PS0203P,2014,394
2016A8PS0793G,2016,444
2004B5PS0227G,2004,119
2012A7TS0919P,2012,337
2017B4PS0818P,2017,458
2013A1PS0989H,2013,354
2011B4PS0631P,2011,300
2020A1PS0776G,2020,586
2013B5PS0646H,2013,370
2019B5TS0394H,2019,518
2011B3TS0353H,2011,321
2016A8PS0283H,2016,435
2023A3PS0117H,2023,713
2005B4PS0518P,2005,137
2020A1TS0359G,2020,578
2020B2TS0634G,2020,576
2019A7TS0910H,2019,519
2016A8TS0872P,2016,428
2022B3TS0352H,2022,650
2011AAPS0565G,2011,301
2010B3TS0593G,2010,286
2016AATS0609G,2016,430
2004B5TS0087G,2004,105
2014B3TS0318G,2014,382
2009A4TS0357G,2009,270
2008B4TS0747G,2008,239
2010B2TS0190G,2010,290
2006A4TS0937H,2006,158
2023B1TS0340H,2023,747
2024A3PS0573P,2024,764
2006A4PS0263H,2006,169
2005B5TS0699P,2005,145
2017A7PS0861P,2017,456
2010A4TS0353G,2010,296
2023B1TS0619P,2023,710
2006B3TS0075P,2006,154
2007A8TS0453H,2007,177
2006AATS0111H,2006,171
2022B5PS0802P,2022,695
2018B5TS0280H,2018,490
2004B1TS0917H,2004,120
2022A3TS0604H,2022,656
2017A1PS0491G,2017,459
2012AATS0177P,2012,338
2007A1TS0924P,2007,190
2024B3PS0782G,2024,816
2024B3PS0659H,2024,835
2021B2PS0645H,2021,611
2022A3TS0177P,2022,667
2023AATS0685P,2023,709
2009A8PS0117H,2009,259
2005A4PS0827G,2005,137
2016B3PS0017G,2016,446
2023A1PS0447H,2023,708
2007A7PS0875P,2007,189
2010B2PS0272P,2010,297
2006A4PS0994P,2006,163
2018B4PS0454H,2018,475
2008A4PS0833G,2008,226
2022B2TS0509G,2022,669
2018A7PS0920H,2018,497
2010B1TS0549P,2010,275
2010B1TS0527G,2010,279
2007A7PS0405P,2007,187
2020B5PS0159G,2020,560
2017B3PS0313H,2017,459
2018A3TS0657G,2018,477
2004B5TS0426P,2004,124
2024B3PS0553G,2024,777
2013A8PS0249G,2013,369
2022A8TS0854H,2022,686
2019B5TS0466P,2019,518
2019B2PS0712P,2019,533
2015A4TS0655P,2015,401
2005A3PS0576G,2005,141
2007B1TS0521H,2007,188
2023A3PS0139H,2023,736
2010AATS0558H,2010,286
2004A7TS0544G,2004,111
2018A8PS0662G,2018,479
2017B4TS0371P,2017,474
2021AATS0793H,2021,620
2008A7PS0332H,2008,243
2008B2TS0661P,2008,237
2005A3TS0455H,2005,147
2006A3PS0440G,2006,170
2023B1PS0914P,2023,722
2005A8TS0807G,2005,135
2024B5TS0404H,2024,788
2004A8TS0889H,2004,101
2015B4TS0565H,2015,405
2004B5PS0183H,2004,109
2009A8PS0868P,2009,253
2005A8TS0230P,2005,130
2021A1PS0716P,2021,642
2006B5PS0417G,2006,164
2017A3PS0057G,2017,456
2016A4TS0212P,2016,440
2022AATS0012P,2022,696
2013B3TS0885G,2013,373
2021B4TS0346H,2021,623
2008B2PS0676H,2008,236
2015B4PS0535H,2015,416
2005B1PS0381P,2005,142
2008A4PS0240P,2008,230
2019B4PS0122P,2019,542
2005A8TS0525G,2005,147
2023B2PS0356H,2023,709
2017A7TS0221H,2017,469
2011B1PS0363H,2011,319
2020A3PS0919H,2020,598
2018A8PS0348G,2018,496
2011B4PS0324H,2011,322
2017AATS0657H,2017,468
2015A8TS0257G,2015,420
2004A4PS0490H,2004,114
2008AATS0659H,2008,248
2004B3PS0598H,2004,105
2004A4TS0157H,2004,120
2017A1TS0853H,2017,469
2012B3TS0365H,2012,344
2004A4PS0572P,2004,110
2008A7TS0521H,2008,247
2011B4PS0335G,2011,314
2020B1PS0630G,2020,566
2006B5PS0217H,2006,172
2021A1TS0327P,2021,630
2010B2PS0145P,2010,294
2005AAPS0020P,2005,143
2020A4TS0122P,2020,569
2021B5PS0863H,2021,647
2004A7PS0956P,2004,108
2019AAPS0228H,2019,539
2007A4PS0470H,2007,198
2024B1PS0411H,2024,841
2005A1TS0764G,2005,144
2018B5PS0018H,2018,483
2014B2PS0720H,2014,377
2004B4PS0743H,2004,111
2005A8TS0403P,2005,144
2023AATS0407P,2023,730
2014A4TS0082P,2014,396
2009B1PS0436P,2009,255
2022B3TS0226P,2022,680
2006AAPS0863G,2006,168
2007A8PS0774P,2007,185
2023A3TS0324H,2023,746
2024A8TS0222P,2024,831
2020B5PS0915G,2020,575
2024A7PS0111P,2024,797
2024A1PS0227P,2024,786
2016B1PS0047H,2016,432
2008AAPS0585G,2008,227
2009B2TS0949P,2009,261
2017B2TS0017P,2017,461
2009B4TS0041H,2009,257
2010B2PS0322G,2010,293
2012B3TS0569P,2012,325
2019B1TS0014G,2019,538
2004A7TS0155G,2004,115
2017A1PS0687G,2017,472
2010AAPS0653H,2010,289
2015B4PS0546P,2015,419
2023A3PS0086P,2023,747
2018B3TS0156H,2018,482
2013B2TS0981H,2013,371
2020B5TS0140H,2020,577
2014AAPS0804H,2014,378
2007A3PS0114G,2007,191
2016B2PS0755H,2016,445
2006B2PS0509G,2006,160
2022B1TS0535P,2022,651
2010AAPS0229G,2010,288
2020B5PS0690G,2020,572
2014B5TS0167H,2014,385
2024A7TS0839G,2024,768
2015A7PS0612P,2015,406
2007B3PS0274P,2007,183
2011B1TS0260H,2011,303
2008A4TS0534G,2008,232
2006B4TS0662H,2006,156
2012A8PS0947H,2012,327
2010AATS0352P,2010,292
2020B5PS0621G,2020,585
2019A3PS0100P,2019,535
2004A3TS0870H,2004,100
2004B1PS0629P,2004,101
2011B2PS0108G,2011,307
2023B4PS0417H,2023,707
2009B3TS0506H,2009,266
2016B5PS0242P,2016,436
2016A4PS0180H,2016,433
2014A3TS0960G,2014,385
2021B1TS0989H,2021,637
2021A1TS0663P,2021,638
2011A1TS0070G,2011,316
2019AATS0172P,2019,511
2007B3PS0127H,2007,193
2011A7TS0522H,2011,311
2017A8TS0426P,2017,451
2004A1PS0387H,2004,107
2008A4PS0994P,2008,236
2024B1TS0345G,2024,846
2016B1TS0910H,2016,425
2010A3TS0750H,2010,288
2005B4TS0414G,2005,144
2014B2PS0537G,2014,394
2023B4PS0757H,2023,733
2013B5TS0637G,2013,350
2005A7TS0082P,2005,130
2011B5PS0315P,2011,314
2005A4TS0792P,2005,141
2011A1TS0636P,2011,310
2012A4TS0017P,2012,346
2013A3TS0191P,2013,354
2006A4TS0282P,2006,165
2008B5PS0476H,2008,230
2015AAPS0712H,2015,415
2019A8TS0877G,2019,500
2015A7PS0644G,2015,410
2013B1PS0817H,2013,369
2009A4TS0592G,2009,256
2008B3TS0682P,2008,226
2016B2TS0713P,2016,430
2020A1PS0678G,2020,557
2005AATS0048P,2005,142
2006A4TS0730G,2006,173
2012A1PS0969H,2012,338
2024A3TS0920H,2024,840
2015A1TS0419H,2015,412
2006B5TS0488G,2006,172
2006B2TS0764H,2006,165
2020B3PS0157G,2020,566
2015B1TS0989P,2015,415
2009B5TS0818H,2009,252
2023A7TS0036H,2023,715
2010A8PS0245H,2010,298
2011B2PS0049H,2011,321
2009B5TS0872G,2009,251
2004A7TS0768H,2004,101
2020A7PS0279P,2020,550
2009A8PS0359G,2009,258
2017B5PS0197G,2017,455
2019A1PS0326H,2019,526
2012B2PS0917P,2012,343
2024B2TS0047P,2024,825
2009AATS0639G,2009,269
2008AATS0522H,2008,246
2010A4TS0646P,2010,295
2006A7PS0733G,2006,164
2016B3PS0023P,2016,436
2016A3TS0534P,2016,436
2007B2TS0385P,2007,188
2011B2PS0462H,2011,315
2021B3TS0010P,2021,600
2005A8PS0331P,2005,133
2008B1PS0417H,2008,239
2020A4PS0079G,2020,594
2014A1TS0292H,2014,375
2010B4PS0398P,2010,283
2004B4PS0169G,2004,104
2024B1TS0411G,2024,828
2004A1TS0309P,2004,117
2018A4PS0167H,2018,490
2024AATS0858H,2024,768
2010A4PS0799H,2010,276
2021B3TS0091H,2021,606
2004AATS0462G,2004,121
2021A8PS0405G,2021,622
2015B2PS0837P,2015,413
2004B3TS0328P,2004,113
2011B1PS0164H,2011,312
2006A8TS0800P,2006,168
2022B4TS0979G,2022,658
2009B5PS0621P,2009,269
2021A1TS0034G,2021,642
2015A8TS0772P,2015,421
2009B2TS0186P,2009,251
2019B1TS0909G,2019,523
2016B2PS0195G,2016,438
2018A1TS0153P,2018,479
2018B1TS0199H,2018,480
2009B1TS0743G,2009,272
2006A8PS0879G,2006,151
2006A7PS0611G,2006,169
2019B3TS0141G,2019,547
2018B3TS0427G,2018,485
2024B4PS0411G,2024,819
2011B3PS0293G,2011,320
2017B5PS0392G,2017,453
2022A7TS0568H,2022,694
2014B4TS0111P,2014,375
2005AAPS0770P,2005,143
2016B1TS0737H,2016,435
2009B2TS0427G,2009,266
2013B5PS0514G,2013,351
2017A8PS0713G,2017,457
2005A8TS0587H,2005,129
2022AATS0691H,2022,689
2017B2TS0974G,2017,457
2008B3TS0894P,2008,236
2019B1TS0195G,2019,518
2009AAPS0565P,2009,250
2005B5PS0339G,2005,143
2004B2TS0061G,2004,110
2009B4TS0812H,2009,269
2019B5PS0237P,2019,549
2022B2PS0544G,2022,653
2007B4TS0011G,2007,184
2008AATS0723G,2008,229
2012AATS0929G,2012,329
2020A4PS0856H,2020,572
2010B5TS0066G,2010,277
2014A7TS0421G,2014,390
2020A8TS0781H,2020,595
2024B4TS0440G,2024,781
2021A7PS0701H,2021,623
2017AATS0201H,2017,460
2023A8TS0901P,2023,740
2015A8TS0732H,2015,421
2023AAPS0078H,2023,712
2020A4PS0389H,2020,588
2020B4TS0125G,2020,569
2018B3PS0053P,2018,485
2009A8PS0021P,2009,252
2010A7TS0109P,2010,277
2020B2TS0945P,2020,595
2019AAPS0098P,2019,521
2012AAPS0531G,2012,346
2020A4PS0937P,2020,557
2005B1TS0784G,2005,143
2018A3PS0475H,2018,480
2020A8PS0990H,2020,598
2018B3PS0744P,2018,488
2020B5TS0271G,2020,558
2021B5PS0829G,2021,646
2005B2TS0757P,2005,130
2008B2PS0605G,2008,244
2024B4TS0301P,2024,814
2008B5PS0249H,2008,248
2006B4PS0663P,2006,153
2019B3TS0126H,2019,536
2009A7TS0422P,2009,268
2011B4TS0464G,2011,306
2018A1PS0104G,2018,499
2016AATS0792G,2016,447
2012B3TS0059G,2012,339
2012B2PS0392G,2012,346
2022B4TS0535H,2022,660
2014B1TS0927G,2014,390
2005B4PS0969P,2005,146
2012AATS0361H,2012,342
2006AATS0407P,2006,166
2011A1PS0567H,2011,305
2006B1TS0840H,2006,159
2011A4TS0637P,2011,306
2023AATS0496G,2023,709
2020B1PS0641P,2020,581
2013B3TS0900G,2013,369
2005B1TS0062P,2005,144
2018B3TS0671H,2018,483
2011B2TS0864H,2011,320
2019A1PS0818P,2019,512
2023B3PS0983H,2023,740
2008B4TS0265H,2008,244
2024A7TS0043P,2024,816
2018B4TS0833P,2018,490
2018B1TS0876P,2018,485
2015B2PS0787P,2015,408
2009AATS0454H,2009,262
2013A4TS0644P,2013,350
2021A7PS0748G,2021,620
2008B2PS0505P,2008,249
2019A4PS0481H,2019,542
2015A8TS0429P,2015,412
2024B3PS0001P,2024,788
2020A3PS0716P,2020,578
2016A4PS0789P,2016,434
2011A1TS0600G,2011,305
2021AAPS0049H,2021,612
2016B2PS0184G,2016,427
2014A4PS0195P,2014,376
2013A8PS0411G,2013,357
2022B5TS0956H,2022,699
2007B4TS0330P,2007,180
2018A4PS0438P,2018,490
2006B5TS0546G,2006,168
2014B4PS0502P,2014,393
2005B5PS0980G,2005,130
2023A4PS0724P,2023,712
2006B2TS0344H,2006,172
2006A1TS0004G,2006,173
2018AAPS0278G,2018,494
2013A1PS0843P,2013,355
2004A4PS0324G,2004,122
2004B4TS0678P,2004,109
2010B2PS0663G,2010,285
2023A8TS0612H,2023,717
2007B3TS0554P,2007,178
2015AATS0338H,2015,418
2017A8PS0646G,2017,455
2004AAPS0094H,2004,119
2010A7PS0026H,2010,275
2019A7TS0292H,2019,511
2019B5PS0576G,2019,514
2024A4PS0379P,2024,766
2021B1PS0984P,2021,645
2015B2TS0047P,2015,422
2020B2PS0039P,2020,585
2016A1PS0422G,2016,438
2005B2PS0089G,2005,149
2015A7TS0022G,2015,404
2013A3PS0715H,2013,350
2023A3TS0785G,2023,737
2008A1TS0050G,2008,239
2005B3TS0352H,2005,134
2006B3TS0236P,2006,172
2015A4PS0647G,2015,424
2007B1TS0702H,2007,175
2017A3PS0954P,2017,458
2009A7TS0420H,2009,274
2024B3PS0194G,2024,767
2012B5TS0987P,2012,329
2008B3PS0292H,2008,234
2005B5PS0648G,2005,147
2014A1TS0975G,2014,385
2020AAPS0750G,2020,599
2011B3PS0053P,2011,316
2005B2PS0620H,2005,127
2024B4PS0825H,2024,842
2014A1PS0757P,2014,391
2016A4PS0539H,2016,436
2005B4TS0788P,2005,127
2007A8TS0055G,2007,175
2007A7PS0097P,2007,182
2006B2PS0812G,2006,165
2019B4TS0539G,2019,530
2014A7PS0663H,2014,377
2011B1TS0483G,2011,305
2006B2PS0250H,2006,168
2012A1PS0135H,2012,345
2005A1TS0853H,2005,139
2023A3TS0791P,2023,724
2015AAPS0977H,2015,400
2009B2PS0149H,2009,262
2023B5TS0834H,2023,741
2012B2PS0999H,2012,335
2018A1PS0453G,2018,485
2016B4TS0533P,2016,448
2021B2TS0455G,2021,645
2019A1TS0922G,2019,529
2005A7TS0847P,2005,140
2023B4PS0884P,2023,712
2006A1TS0637G,2006,156
2024A8PS0473G,2024,844
2005A3TS0786H,2005,135
2010A3PS0905G,2010,292
2024B3TS0867H,2024,757
2004B1PS0108H,2004,117
2015B1TS0799H,2015,411
2010AAPS0269P,2010,299
2023A4PS0188H,2023,733
2007A1TS0751H,2007,199
2020A1TS0184P,2020,568
2005A1TS0745P,2005,133
2017B5TS0578H,2017,469
2005A8PS0921P,2005,148
2018B4TS0095P,2018,491
2010B5PS0959P,2010,283
2014A7PS0843P,2014,399
2019AAPS0789P,2019,533
2005B2PS0334H,2005,132
2006A1PS0359G,2006,173
2023B4TS0381G,2023,712
2018A8TS0235H,2018,496
2010A8TS0924H,2010,275
2014A3TS0697H,2014,380
2024B5PS0983G,2024,797
2019A8TS0020G,2019,544
2008A1PS0532P,2008,233
2020B3PS0888G,2020,575
2007A7PS0740H,2007,191
2017A1TS0209G,2017,456
2016B3PS0462P,2016,443
2010B2TS0366H,2010,276
2021B5PS0411H,2021,604
2015A4PS0863P,2015,421
2021A4TS0004P,2021,622
2018A8PS0522G,2018,477
2007B5PS0790P,2007,183
2009B2PS0210H,2009,250
2005B3TS0967H,2005,126
2010B1TS0555P,2010,297
2018A4TS0810H,2018,475
2013A3PS0194P,2013,357
2006B3PS0482G,2006,157
2009B4TS0767P,2009,274
2016AATS0305H,2016,443
2010A3PS0214P,2010,296
2012A8TS0926H,2012,340
2022B2TS0788H,2022,671
2024A3TS0164G,2024,843
2015B2TS0169G,2015,408
2004AATS0412P,2004,113
2018B3TS0751G,2018,499
2012A7TS0221H,2012,347
2016B1PS0725G,2016,448
2008B4TS0683G,2008,235
2020B1PS0847G,2020,557
2015B1TS0427H,2015,405
2017B2PS0072P,2017,454
2008B4TS0263P,2008,230
2024B3PS0308G,2024,833
2013B1PS0753G,2013,372
2022A8PS0195G,2022,682
2007B4PS0107P,2007,187
2017B5TS0740G,2017,471
2014A7TS0665P,2014,388
2020A4PS0476G,2020,593
2019B5PS0868P,2019,518
2016B2TS0559H,2016,436
2011A4PS0560H,2011,305
2018A8TS0628P,2018,483
2011B5PS0284G,2011,319
2013B3TS0038H,2013,355
2004B2PS0297H,2004,110
2005AAPS0886P,2005,139
2021B1TS0343H,2021,620
2004B2TS0504P,2004,115
2014A4PS0345P,2014,393
2017B4TS0856G,2017,460
2004B1TS0985H,2004,109
2008B2TS0477H,2008,239
2018B2PS0733G,2018,479
2024A7PS0683H,2024,819
2021A1PS0432H,2021,624
2009A1TS0404P,2009,261
2007AAPS0916G,2007,198
2019A7PS0871G,2019,514
2012A4PS0174H,2012,341
2019A7TS0321P,2019,542
2007A1TS0347P,2007,196
2012A4PS0809P,2012,328
2015A4TS0722G,2015,413
2023A1PS0532P,2023,742
2019B4TS0277G,2019,516
2021A4TS0225P,2021,633
2015A8PS0838P,2015,405
2015A7PS0409H,2015,418
2008A1TS0949H,2008,242
2023B4TS0963G,2023,717
2011B4PS0438P,2011,308
2023B4TS0747P,2023,736
2015AAPS0857P,2015,400
2005A4PS0498G,2005,138
2020B2PS0310G,2020,553
2023B4TS0127P,2023,712
2007AAPS0020H,2007,183
2007B5PS0618G,2007,183
2011A1PS0819G,2011,324
2006B5PS0365G,2006,152
2020B2PS0690P,2020,564
2014A8TS0866G,2014,375
2021A8PS0437P,2021,605
2024A8TS0063H,2024,842
2019B3TS0279G,2019,525
2024A1PS0986H,2024,750
2022A8TS0495H,2022,662
2013B4PS0294G,2013,351
2019A8PS0816P,2019,537
2006B3TS0105H,2006,167
2006A3PS0453P,2006,173
2005B5PS0029P,2005,149
2010B1PS0076H,2010,290
2012A7PS0845H,2012,337
2010A7PS0150G,2010,297
2019A1TS0965G,2019,514
2023B3PS0633P,2023,739
2023B5TS0878P,2023,735
2019AATS0218P,2019,511
2022B2TS0854P,2022,668
2016A4TS0217G,2016,445
2023B4PS0553H,2023,709
2024B4TS0221P,2024,848
2011AATS0164H,2011,320
2010B4TS0385G,2010,281
2013B5TS0753P,2013,371
2018B2TS0170H,2018,481
2016B3PS0888P,2016,442
2004B5PS0881P,2004,121
2009A7TS0803G,2009,250
2014A8PS0703H,2014,395
2012A4PS0075H,2012,333
2022AATS0119H,2022,680
2013B5TS0031G,2013,351
2013A7PS0529H,2013,356
2005B4TS0126H,2005,144
2013B1TS0743P,2013,373
2013B2TS0293P,2013,351
2015A3TS0728G,2015,401
2024AAPS0488H,2024,785
2020B2TS0512P,2020,575
2004B4PS0354G,2004,115
2008A8TS0158P,2008,228
2023A1TS0002P,2023,711
2016B3TS0416P,2016,435
2013B2PS0526P,2013,356
2014A3TS0104G,2014,398
2019A4TS0509H,2019,543
2010B3TS0158P,2010,296
2012A3PS0799G,2012,330
2005B3TS0317P,2005,128
2013B3PS0844G,2013,366
2019A1TS0856P,2019,507
2008A7TS0132P,2008,247
2024B1TS0463G,2024,781
2008AAPS0474H,2008,242
2006B1TS0875P,2006,172
2008B2TS0651G,2008,236
2022A7TS0738G,2022,694
2021B2TS0284P,2021,606
2017B4TS0913P,2017,456
2022B4PS0722H,2022,661
2015A8PS0814H,2015,413
2022A1PS0877P,2022,683
2015B4PS0772G,2015,403
2005A4PS0745H,2005,129
2005A7TS0165H,2005,140
2009A4PS0871G,2009,264
2007B1PS0574P,2007,182
2012B2TS0167G,2012,344
2021A4PS0020G,2021,635
2023B3TS0824G,2023,700
2012A1PS0722P,2012,333
2016A8PS0972H,2016,426
2024B2PS0538H,2024,827
2022A8PS0938G,2022,667
2007B1PS0798H,2007,191
2020A1PS0916G,2020,599
2005AATS0908H,2005,136
2004B1PS0360P,2004,106
2019B2PS0639H,2019,539
2022B4TS0906G,2022,698
2005B5TS0751P,2005,147
2019AATS0269P,2019,514
2015A1TS0422G,2015,421
2019B3TS0641G,2019,521
2012B4PS0339G,2012,342
2009A7TS0574P,2009,264
2005B3PS0003G,2005,126
2013B4TS0289P,2013,365
2005B2PS0494G,2005,131
2005A1TS0124P,2005,145
2019B4TS0840G,2019,534
2020B2TS0201G,2020,597
2015A7TS0911H,2015,421
2019B3TS0218P,2019,536
2007B3TS0619G,2007,199
2018B3PS0380H,2018,489
2009B5TS0527H,2009,258
2023A7TS0525H,2023,710
2019A7PS0197H,2019,518
2004B3TS0337H,2004,103
2004B3PS0042P,2004,109
2017B1PS0865G,2017,471
2019B3TS0169P,2019,500
2023A7PS0012P,2023,739
2018B2PS0463G,2018,490
2005B5TS0855G,2005,142
2021A3TS0446H,2021,631
2020A7TS0013G,2020,573
2005AATS0249H,2005,127
2012A3TS0938G,2012,339
2017B2PS0044H,2017,462
2015B2PS0790H,2015,409
2007B1TS0127H,2007,175
2019A3TS0782H,2019,506
2006B5PS0101G,2006,169
2005A7TS0878H,2005,149
2007B2TS0673H,2007,176
2006B2TS0427G,2006,155
2024B4PS0946G,2024,836
2011A3PS0284P,2011,300
2012A8TS0707G,2012,343
2015A1TS0874G,2015,419
2006A4TS0709H,2006,174
2008A1TS0970P,2008,236
2020A3PS0695G,2020,555
2010A7TS0538H,2010,282
2016AATS0751P,2016,439
2008A7TS0514H,2008,239
2012AATS0370P,2012,340
2023A7TS0699G,2023,713
2011B5TS0018H,2011,304
2012B2TS0080H,2012,341
2013A7PS0705H,2013,354
2004B1PS0985P,2004,110
2022B3TS0897P,2022,672
2005B4TS0705G,2005,148
2006B4PS0458P,2006,154
2017A7PS0477G,2017,463
2012B3TS0251G,2012,333
2006B5TS0134G,2006,158
2020B5TS0054P,2020,550
2020B1TS0317G,2020,586
2019AATS0427H,2019,504
2004B1TS0789H,2004,111
2015B3PS0914G,2015,402
2014A3TS0480P,2014,375
2017A8TS0566H,2017,452
2016B2PS0734P,2016,441
2007A3TS0547H,2007,196
2020A1PS0985P,2020,579
2008AAPS0430H,2008,228
2014A1TS0417P,2014,379
2023B1TS0449H,2023,721
2018A4PS0176P,2018,476
2023B4PS0745H,2023,724
2006B3PS0911P,2006,159
2018A4PS0969P,2018,497
2004B3TS0678H,2004,107
2014B1PS0284G,2014,387
2010B1TS0738G,2010,286
2021A4TS0176P,2021,610
2023B1TS0785P,2023,732
2020A1TS0741G,2020,570
2007B3TS0314P,2007,190
2024B5TS0189H,2024,816
2023B2PS0045H,2023,701
2023A1TS0281H,2023,724
2019B4TS0307G,2019,528
2016A8PS0429G,2016,446
2015B5TS0167G,2015,411
2006B2TS0812H,2006,153
2023B4PS0568G,2023,710
2023AATS0091H,2023,747
2018A8TS0833H,2018,481
2019A8TS0347P,2019,539
2019A8PS0676H,2019,507
2014B5TS0335P,2014,378
2018B3PS0987P,2018,482
2018B2PS0885P,2018,490
2024B5TS0279H,2024,757
2007B3TS0012H,2007,189
2007B4TS0029H,2007,186
2022B5PS0164P,2022,675
2009A7PS0745P,2009,257
2017B3PS0186G,2017,467
2011A3TS0361H,2011,301
2004B3PS0378G,2004,103
2013B3PS0447G,2013,370
2024A7PS0679H,2024,773
2005B5PS0236P,2005,126
2005A3TS0060H,2005,136
2024A8TS0775P,2024,758
2018A1PS0629P,2018,482
2012B3PS0883P,2012,338
2023A4PS0691G,2023,720
2008AATS0828H,2008,244
2019A4TS0787P,2019,546
2006B1PS0752G,2006,172
2020A1PS0334P,2020,567
2010B4TS0016H,2010,284
2014A4TS0696P,2014,384
2015A3TS0042P,2015,401
2010A3PS0444H,2010,282
2014B5PS0845G,2014,383
2011B4PS0694G,2011,305
2014AAPS0361P,2014,389
2014AAPS0771G,2014,384
2018A8TS0453H,2018,485
2022B2PS0393G,2022,699
2007A7PS0565P,2007,189
2011A4TS0809P,2011,304
2007A4PS0438H,2007,184
2017A4TS0131H,2017,465
2013AATS0807G,2013,370
2024B3TS0441G,2024,843
2004A8TS0255H,2004,124
2005AAPS0663P,2005,148
2008A7TS0417H,2008,242
2020B3TS0409G,2020,574
2018B4PS0469H,2018,493
2004B3PS0916H,2004,119
2006B5TS0091H,2006,164
2019AATS0985P,2019,518
2019AATS0397H,2019,507
2005B5PS0187H,2005,129
2021AATS0635P,2021,602
2007B1PS0654P,2007,182
2012B1PS0096G,2012,330
2018A8PS0983P,2018,478
2015A7TS0347H,2015,418
2016B2PS0601G,2016,435
2017A8PS0245H,2017,455
2005B3TS0437H,2005,144
2014A4TS0486P,2014,396
2023A7PS0483P,2023,722
2014A3PS0226H,2014,384
2013A1TS0517P,2013,365
2018A3PS0109G,2018,478
2005B3PS0084G,2005,125
2009B2PS0591P,2009,265
2020AAPS0163P,2020,568
2013B1TS0323P,2013,374
2012B5TS0367H,2012,333
2009B1PS0075H,2009,262
2011B4TS0860H,2011,316
2017A3PS0996G,2017,451
2008A3TS0739P,2008,242
2004A7PS0682P,2004,124
2005B4TS0782G,2005,131
2007B2PS0224H,2007,191
2015AATS0329G,2015,424
2009B2PS0452G,2009,272
2020B3PS0387H,2020,557
2020A7TS0078G,2020,555
2015B2TS0049P,2015,418
2012B3TS0826G,2012,334
2024A8PS0831H,2024,762
2010B5TS0024G,2010,276
2017B1TS0232G,2017,462
2010B1PS0655G,2010,293
2013AAPS0136P,2013,366
2009B4PS0397P,2009,259
2019B3TS0745G,2019,509
2014A1TS0674P,2014,386
2012A7TS0286P,2012,327
2012AATS0246G,2012,333
2017A1TS0743G,2017,467
2017A8PS0374H,2017,472
2020B1TS0815P,2020,574
2023AATS0988G,2023,718
2010A3TS0121G,2010,293
2009A3TS0118H,2009,273
2010B5TS0386H,2010,283
2020A4TS0771H,2020,590
2008A3PS0749H,2008,246
2017B3TS0103H,2017,472
2018AATS0770G,2018,491
2017B2TS0506G,2017,473
2022A1PS0163H,2022,680
2012B4PS0735P,2012,338
2006A8PS0202P,2006,168
2019B3PS0635H,2019,519
2005B5TS0756G,2005,126
2024AATS0539P,2024,755
2016A7TS0425P,2016,436
2012A1PS0230H,2012,330
2009A4PS0751G,2009,271
2008B5PS0539G,2008,230
2021AAPS0231H,2021,622
2022A3PS0019H,2022,665
2021A7PS0970P,2021,612
2008A3PS0771G,2008,235
2011B5TS0674H,2011,319
2021B2PS0475H,2021,649
2024B5TS0278G,2024,776
2017A8PS0522H,2017,464
2021B5TS0777P,2021,614
2012A8PS0093G,2012,331
2006AATS0825H,2006,166
2013B5PS0040G,2013,354
2023B5TS0211H,2023,705
2014A3PS0729H,2014,389
2011B1TS0178G,2011,313
2014A3TS0007G,2014,394
2015A3PS0230H,2015,401
2010B1PS0027P,2010,295
2022B4TS0623G,2022,683
2011A3PS0416G,2011,321
2023A7PS0080G,2023,729
2007AATS0588G,2007,185
2014A8PS0320H,2014,397
2009A7TS0195G,2009,274
2010B2TS0339P,2010,298
2022A8TS0718H,2022,686
2012B5TS0166H,2012,326
2016B4TS0340P,2016,431
2008B4PS0866H,2008,245
2023B4PS0982G,2023,711
2015AATS0867H,2015,422
2009B1TS0063H,2009,257
2022B5TS0465P,2022,662
2008B4PS0132P,2008,238
2015A7PS0115P,2015,407
2010A3TS0098G,2010,279
2023B4PS0540P,2023,738
2010B5PS0807P,2010,293
2011A3TS0875P,2011,300
2023A3PS0628H,2023,749
2022A7TS0380G,2022,670
2010B2TS0637G,2010,288
2013A3TS0997P,2013,360
2007B5TS0699H,2007,183
2024A7TS0559G,2024,765
2018A8TS0239P,2018,482
2014AAPS0042G,2014,382
2020A4TS0703G,2020,598
2017B5TS0850G,2017,470
2012A3PS0647P,2012,344
2012A4TS0140P,2012,327
2016B2TS0846H,2016,429
2008A4PS0102H,2008,230
2022B5PS0765P,2022,655
2018A7PS0204P,2018,496
2019B2PS0728H,2019,503
2016B3PS0566H,2016,433
2018B2TS0713P,2018,482
2011A8TS0514H,2011,313
2012A4PS0766G,2012,344
2006B2PS0648G,2006,170
2016A4PS0885G,2016,442
2007A3TS0887P,2007,177
2007A4PS0091P,2007,180
2022AAPS0215H,2022,669
2011A7PS0058G,2011,316
2019A1TS0767G,2019,504
2019B4PS0927P,2019,504
2017B1TS0787G,2017,467
2008A1PS0666P,2008,227
2015A1PS0975H,2015,416
2011A3PS0254G,2011,305
2014A1PS0782H,2014,396
2017A4PS0124H,2017,454
2007B5PS0641P,2007,194
2004B5PS0237P,2004,110
2020B1PS0530P,2020,586
2021B5PS0281H,2021,615
2015AATS0156P,2015,403
2006A7PS0766H,2006,162
2005AAPS0870P,2005,132
2008B1PS0994H,2008,235
2008B4TS0685G,2008,241
2021B3TS0557G,2021,604
2019A1PS0561H,2019,524
2012B1TS0791H,2012,339
2020B4PS0512P,2020,571
2006A4TS0962P,2006,164
2015B3PS0774G,2015,413
2022B2TS0835G,2022,698
2019AATS0371G,2019,528
2015A7PS0523H,2015,419
2021AATS0690H,2021,628
2019B2TS0650P,2019,526
2024A7PS0457G,2024,763
2007B5PS0412P,2007,176
2010B2PS0614P,2010,296
2005B5TS0635G,2005,125
2024A8PS0210P,2024,831
2020A4PS0270P,2020,582
2020A1TS0022H,2020,590
2016B3TS0889G,2016,444
2004B4TS0067P,2004,117
2014B2PS0040P,2014,391
2018B4PS0806P,2018,493
2020A4TS0545H,2020,560
2004A4PS0564P,2004,120
2017B5PS0180H,2017,461
2013B2PS0226G,2013,369
2007A8TS0841H,2007,183
2012B5PS0778P,2012,330
2008B2PS0704H,2008,245
2012A4PS0380P,2012,335
2009A7PS0476H,2009,264
2018B3PS0609H,2018,484
2013A7PS0688G,2013,357
2023A3TS0596G,2023,739
2008AATS0324G,2008,237
2016AAPS0804H,2016,431
2008A3TS0323P,2008,235
2017A1PS0413H,2017,459
2013B5TS0511P,2013,350
2016A1TS0956P,2016,441
2019A7PS0652P,2019,520
2021AATS0213G,2021,627
2007A3PS0144P,2007,188
2016B1TS0136G,2016,448
2018B3PS0306P,2018,486
2017B3TS0440H,2017,456
2019AAPS0087H,2019,504
2018B5TS0469P,2018,497
2014B3TS0527G,2014,377
2015A3PS0003G,2015,402
2010B3TS0252H,2010,291
2023AAPS0876G,2023,746
2006A4TS0528P,2006,172
2016A4PS0256G,2016,429
2005B5TS0854G,2005,141
2017B2TS0447P,2017,457
2007B4PS0500G,2007,187
2020A7TS0474P,2020,560
2010B1TS0961P,2010,278
2024B4PS0300H,2024,800
2013A3PS0055H,2013,373
2006B1PS0975P,2006,166
2004B5TS0218P,2004,118
2018B5PS0100G,2018,487
2007B1PS0598G,2007,178
2015A3TS0798H,2015,408
2020B3PS0574G,2020,587
2008A3PS0791H,2008,246
2011A7PS0678H,2011,316
2004B5TS0366G,2004,124
2022B5PS0184G,2022,656
2016A7PS0740P,2016,427
2022A3TS0907H,2022,695
2019B3PS0302G,2019,512
2022A7TS0155G,2022,699
2023B4PS0398H,2023,739
2023A3PS0622P,2023,732
2005B2PS0679G,2005,143
2012B2PS0380P,2012,332
2015A7PS0945G,2015,401
2021B1TS0581G,2021,623
2018B4PS0801G,2018,486
2017B2PS0007H,2017,471
2019B5PS0381H,2019,517
2004B5TS0685G,2004,114
2013AAPS0950G,2013,369
2017B4TS0231H,2017,453
2010A1TS0438P,2010,299
2023B5TS0423H,2023,738
2004A8TS0707P,2004,108
2005A1TS0506H,2005,130
2017AATS0687G,2017,460
2021AATS0189H,2021,623
2005B4PS0921P,2005,143
2022AAPS0995G,2022,683
2014A8TS0505G,2014,388
2015A8PS0821H,2015,407
2018B5TS0527P,2018,482
2015B5PS0698H,2015,409
2008AAPS0684G,2008,233
2018A1TS0140G,2018,492
2013B5PS0398P,2013,357
2004B5TS0987P,2004,110
2022A7PS0162P,2022,685
2013A7TS0830H,2013,372
2022A3PS0383P,2022,667
2005B3TS0387H,2005,139
2011A3PS0673P,2011,309
2009B1TS0462G,2009,261
2013A1TS0723P,2013,355
2011A7TS0343H,2011,309
2018A1PS0543H,2018,497
2021A7TS0747H,2021,608
2017A4TS0839G,2017,458
2020B5TS0101P,2020,578
2022A4TS0837G,2022,692
2024A1TS0414G,2024,838
2007B3PS0325H,2007,184
2023B1PS0854P,2023,730
2015A8PS0598P,2015,410
2021B3TS0812H,2021,633
2006B4PS0714G,2006,156
2007AAPS0590H,2007,175
2022A4PS0083P,2022,663
2021AATS0708H,2021,610
2006A8TS0871H,2006,162
2019B5PS0783G,2019,517
2006B5TS0772H,2006,168
2014A8TS0586H,2014,381
2004A3PS0477G,2004,124
2022A4TS0040P,2022,666
2018A8PS0318G,2018,491
2023B2TS0335P,2023,748
2010B4TS0905H,2010,285
2018B1TS0549G,2018,480
2018B2PS0389P,2018,477
2022A1PS0022G,2022,652
2019AAPS0104H,2019,501
2017A7TS0226G,2017,458
2019AAPS0066P,2019,501
2006B5PS0976G,2006,168
2014A4PS0935P,2014,395
2009A1PS0468P,2009,258
2014A1PS0863P,2014,383
2024B2PS0299H,2024,846
2008A4TS0894G,2008,241
2013A4TS0132H,2013,360
2017B3PS0351H,2017,467
2008A1TS0522H,2008,233
2009A7PS0872G,2009,267
2020B4TS0891H,2020,557
2021A7TS0095G,2021,641
2020A4TS0261H,2020,593
2004A7TS0774P,2004,113
2013A8TS0914G,2013,373
2020B2PS0244H,2020,552
2015A7PS0365G,2015,408
2008B5PS0623G,2008,231
2007AAPS0242G,2007,190
2012A4TS0768H,2012,348
2004B3PS0058P,2004,122
2005B5TS0435G,2005,145
2015A3TS0056H,2015,405
2021B1PS0915H,2021,635
2021AAPS0737H,2021,603
2012B5TS0488H,2012,339
2008B2PS0791G,2008,225
2024A8TS0321G,2024,772
2013A8PS0914P,2013,360
2022A4PS0616H,2022,687
2009A7TS0294G,2009,254
2006AAPS0675G,2006,157
2013A1TS0450G,2013,363
2004B4TS0840P,2004,120
2004A1PS0273G,2004,102
2007A1PS0929P,2007,187
2022A8TS0983P,2022,672
2021B1PS0692H,2021,640
2023A7TS0022P,2023,711
2010A7PS0511P,2010,285
2010B4TS0954H,2010,291
2010B2PS0026P,2010,286
2009B2PS0550P,2009,272
2009AATS0886H,2009,262
2021A3TS0328P,2021,639
2020B5TS0720H,2020,550
2017AATS0317H,2017,462
2016A7PS0861P,2016,426
2005A3TS0903G,2005,125
2019A7PS0564P,2019,522
2023A8PS0995G,2023,727
2009AAPS0281H,2009,254
2018A1TS0418H,2018,487
2010A8TS0160H,2010,293
2017B2TS0149H,2017,474
2012A4TS0243H,2012,345
2019A8PS0659P,2019,513
2015A7PS0699H,2015,411
2022A1TS0610H,2022,656
2022B3PS0467G,2022,674
2004AATS0323G,2004,112
2012B5PS0054H,2012,331
2010AATS0811P,2010,275
2013AATS0193G,2013,355
2008B3PS0135P,2008,244
2010AAPS0695G,2010,294
2022AATS0417G,2022,669
2021B1PS0782G,2021,634
2015A3PS0985P,2015,405
2023A3TS0234H,2023,736
2009B1PS0822P,2009,268
2018B1TS0231H,2018,481
2015A7PS0440G,2015,404
2008A8TS0471H,2008,235
2007A7TS0784P,2007,191
2008A4TS0801H,2008,234
2022B5PS0776P,2022,665
2009A1TS0354G,2009,267
2010A1TS0572H,2010,277
2015A7TS0160G,2015,409
2018B3TS0138G,2018,498
2019B5TS0266H,2019,536
2008A7TS0268G,2008,228
2019B1PS0059H,2019,539
2011B4PS0543H,2011,324
2019AATS0104G,2019,543
2011A3PS0749H,2011,321
2015A3PS0770H,2015,411
2021B1PS0612P,2021,635
2006AAPS0212G,2006,157
2024B3TS0674P,2024,843
2019AAPS0423G,2019,543
2015A3TS0371P,2015,413
2018B2TS0410H,2018,498
2007B5PS0558P,2007,183
2021B1PS0190G,2021,607
2009B3TS0615P,2009,258
2014B4PS0522H,2014,391
2020A7PS0223P,2020,587
2022B2PS0486P,2022,661
2007B1TS0005P,2007,184
2005B2TS0231G,2005,138
2015A1TS0515P,2015,410
2009A8TS0508P,2009,263
2013B2PS0607G,2013,374
2016B4TS0155P,2016,431
2013A4TS0225H,2013,360
2007AAPS0378P,2007,186
2014A4TS0659G,2014,381
2012B2PS0915G,2012,332
2007AAPS0912H,2007,187
2010B1PS0901P,2010,287
2008B2TS0472G,2008,233
2006A4PS0212P,2006,156
2004AAPS0132G,2004,120
2006B1PS0125H,2006,168
2009B5PS0088P,2009,250
2005B2PS0167P,2005,140
2016AATS0558P,2016,444
2022B1PS0555G,2022,652
2018B3TS0113P,2018,489
2018B3TS0693P,2018,499
2005B4PS0945H,2005,149
2011B3TS0438P,2011,318
2005B2PS0888H,2005,138
2017B3PS0106P,2017,457
2018A1PS0952G,2018,497
2004B1TS0588P,2004,105
2021AATS0170P,2021,609
2010AATS0429P,2010,275
2014A1TS0600H,2014,378
2024B3TS0759P,2024,830
2021B3PS0499P,2021,618
2022B3TS0268P,2022,661
2020A3TS0967P,2020,570
2007A7TS0586P,2007,184
2021B4TS0786H,2021,609
2009AATS0757H,2009,257
2017A7PS0258P,2017,450
2005A1TS0184H,2005,133
2019B4TS0711H,2019,503
2017A4TS0530P,2017,469
2006A3PS0831G,2006,166
2022B3TS0703G,2022,669
2024B5TS0425G,2024,783
2013A1TS0548P,2013,358
2023B3TS0301P,2023,722
2008A8PS0348H,2008,229
2012B2TS0880P,2012,327
2016A7PS0989P,2016,427
2017AAPS0500H,2017,460
2009B3TS0996G,2009,256
2006B2PS0355G,2006,172
2024B3TS0690H,2024,755
2009A3PS0920G,2009,263
2024B1PS0011G,2024,812
2019B5TS0648G,2019,523
2010B1PS0617G,2010,279
2023A7TS0451G,2023,715
2008B2PS0825P,2008,229
2022A8TS0763P,2022,688
2022B3TS0456G,2022,651
2013B1PS0317H,2013,369
2015A8TS0107G,2015,401
2007AATS0359H,2007,187
2016A8PS0123G,2016,443
2006A1PS0457P,2006,168
2024A3PS0393G,2024,849
2023B2PS0528P,2023,721
2011B2PS0980H,2011,320
2007A4TS0019H,2007,185
2008B1PS0136P,2008,227
2016B5PS0436P,2016,441
2017A8TS0802G,2017,473
2018A4TS0042G,2018,490
2015A1TS0353H,2015,412
2012A3TS0302P,2012,342
2015B4TS0529P,2015,424
2022A3TS0251P,2022,658
2017B2PS0475G,2017,454
2010AATS0568H,2010,288
2022A4TS0136H,2022,679
2021A8TS0936G,2021,624
2018A7PS0959P,2018,476
2017A1TS0017P,2017,452
2009A3PS0067H,2009,264
2010A1TS0307G,2010,282
2010A8PS0366P,2010,279
2007B5TS0012H,2007,194
2021A3TS0609P,2021,629
2008B2PS0190H,2008,226
2019B4TS0855G,2019,534
2014B4PS0815H,2014,379
2010B1PS0642H,2010,281
2018B2TS0928P,2018,477
2014AATS0847H,2014,392
2020A4TS0555G,2020,556
2011B3TS0923P,2011,324
2015B4TS0191H,2015,423
2010A3PS0862G,2010,281
2011B4TS0405P,2011,300
2007A8PS0862P,2007,179
2024B3TS0439H,2024,834
2011B2TS0782G,2011,318
2007B2TS0623P,2007,176
2010A4PS0981G,2010,289
2022A1PS0150P,2022,657
2020B5TS0535G,2020,566
2020A8PS0282P,2020,582
2010B1PS0241P,2010,280
2015AATS0145P,2015,419
2024B1PS0171H,2024,814
2011A4TS0011G,2011,311
2012A4TS0666P,2012,349
2014AAPS0650H,2014,383
2004B2TS0695H,2004,104
2009B1TS0494P,2009,264
2009B4TS0044G,2009,255
2024B5PS0510P,2024,844
2023B3TS0864G,2023,743
2004A7TS0327G,2004,101
2024B1PS0845H,2024,750
2006A8TS0821G,2006,169
2006B5TS0345P,2006,170
2014B3TS0314P,2014,395
2022AATS0283G,2022,687
2023AATS0732P,2023,715
2019B2PS0162G,2019,527
2013B1TS0250P,2013,364
2016B1PS0751P,2016,445
2015B4TS0823H,2015,406
2019A3TS0529P,2019,512
2017A7PS0409H,2017,462
2014AATS0376P,2014,376
2006A4TS0366H,2006,162
2005B2TS0500H,2005,134
2016A3TS0743H,2016,430
2021A3TS0837H,2021,600
2024A4TS0864H,2024,844
2009A4PS0992P,2009,267
2010B5TS0216P,2010,282
2013B1PS0791G,2013,362
2016A4TS0944G,2016,425
2018A1PS0582G,2018,498
2007A1PS0085H,2007,192
2017AATS0456G,2017,471
2007B5PS0494H,2007,177
2014B4PS0558H,2014,399
2013B5PS0427G,2013,373
2009B1PS0638P,2009,256
2011AATS0345H,2011,311
2021A4TS0630G,2021,638
2012B3TS0883H,2012,337
2020AAPS0192P,2020,588
2014A8PS0438H,2014,384
2010B2PS0955G,2010,295
2018B5TS0338G,2018,480
2019A7PS0434H,2019,531
2017A3TS0447G,2017,455
2024A4TS0651P,2024,752
2017B5TS0165H,2017,460
2010A8TS0079P,2010,293
2008B5PS0138H,2008,230
2017A3TS0818P,2017,457
2005B3TS0316P,2005,147
2021B4PS0592P,2021,613
2018B5PS0234G,2018,499
2024A1TS0057G,2024,806
2009A1TS0163H,2009,255
2021B4TS0544H,2021,609
2020A7TS0113H,2020,552
2013B4PS0278G,2013,358
2011B1TS0182P,2011,324
2014A8TS0878H,2014,396
2004A4PS0779G,2004,100
2015A3TS0093H,2015,423
2024A7PS0486G,2024,847
2006B3TS0946G,2006,169
2012A8TS0194G,2012,346
2019B2TS0886G,2019,546
2010A7TS0652H,2010,283
2009B1TS0266H,2009,267
2019A8TS0522P,2019,521
2020A8PS0282H,2020,560
2016A7TS0841H,2016,445
2007A7PS0059G,2007,179
2005B4PS0252G,2005,128
2019A8PS0665G,2019,521
2010B1TS0141P,2010,297
2015AAPS0883G,2015,408
2024B4PS0421P,2024,819
2008A1TS0657P,2008,239
2014A3PS0535G,2014,377
2010A8PS0934P,2010,289
2010B2PS0406H,2010,288
2006A3TS0516P,2006,172
2010B5TS0360P,2010,290
2014A4PS0560H,2014,396
2020B4PS0276H,2020,571
2024B1TS0807H,2024,811
2023B2TS0404P,2023,738
2004A8TS0557H,2004,107
2009A7PS0561P,2009,250
2013A8PS0481P,2013,354
2012B2TS0533P,2012,334
2005B2TS0266H,2005,133
2013B1TS0181G,2013,366
2019AAPS0209P,2019,547
2019B5TS0123H,2019,543
2017B4PS0557P,2017,452
2018B1TS0736G,2018,484
2017B5PS0448P,2017,465
2007B4TS0853H,2007,180
2013AATS0179P,2013,370
2024B1PS0325H,2024,840
2004B4PS0646P,2004,102
2022A7PS0347G,2022,671
2005B3TS0877P,2005,141
2017A3PS0830P,2017,450
2018B4PS0925P,2018,490
2005B5TS0542H,2005,144
2017A7TS0784P,2017,456
2012AATS0182G,2012,333
2022A3TS0018P,2022,664
2018A7PS0915P,2018,499
2013A3TS0374P,2013,368
2010B3PS0347H,2010,287
2010B2PS0933G,2010,298
2007B3PS0036G,2007,178
2024A7PS0029H,2024,825
2017A1TS0920P,2017,454
2010A1TS0259G,2010,297
2014AATS0642H,2014,399
2018A7PS0929H,2018,493
2020A8TS0130H,2020,571
2012A3TS0107G,2012,346
2007A3TS0890P,2007,197
2005B5TS0066G,2005,143
2024B1PS0763G,2024,801
2011B1TS0835H,2011,305
2010A4TS0760H,2010,296
2024B4TS0754P,2024,831
2011A8PS0744H,2011,306
2021B4PS0628G,2021,621
2008A7PS0671G,2008,230
2022B5PS0787G,2022,689
2014B1TS0569G,2014,385
2016AAPS0676G,2016,443
2016A8PS0608H,2016,428
2009A4TS0539G,2009,256
2008A1PS0902P,2008,242
2014A7TS0982P,2014,383
2018B5TS0297H,2018,489
2006B4PS0375G,2006,165
2023B2PS0238H,2023,702
2023B4TS0634H,2023,717
2017B4PS0852H,2017,460
2013A7PS0768G,2013,374
2018A4TS0091H,2018,478
2019B3TS0347P,2019,530
2015A7PS0902P,2015,405
2012AAPS0357P,2012,348
2018B2TS0461G,2018,483
2024B4TS0826P,2024,761
2011B1TS0974P,2011,302
2006B2PS0168G,2006,152
2004B1PS0522P,2004,105
2016A4PS0953H,2016,446
2019A3PS0351G,2019,547
2023B4TS0497H,2023,707
2018B5PS0585G,2018,498
2010A3TS0199G,2010,288
2017A8TS0139G,2017,457
2024A8TS0463G,2024,750
2015A1PS0864G,2015,421
2015A7TS0282G,2015,408
2010AATS0946G,2010,275
2012A4TS0099P,2012,343
2022B4TS0967H,2022,673
2007B3TS0861P,2007,178
2023B4TS0863H,2023,743
2020B4PS0402P,2020,595
2017A7PS0593G,2017,462
2013A1PS0878H,2013,362
2006A1TS0050P,2006,167
2004A8TS0144H,2004,124
2021A3PS0009G,2021,603
2024B3PS0226H,2024,847
2020B4TS0971H,2020,574
2015B2PS0400P,2015,404
2004B1PS0533G,2004,104
2008A3TS0158G,2008,227
2019A8TS0976H,2019,542
2010B4TS0928P,2010,281
2016B1PS0275P,2016,437
2004AATS0558P,2004,102
2020B5TS0625H,2020,550
2005B4PS0008P,2005,127
2016B3PS0739G,2016,440
2008A8TS0434P,2008,225
2019B5PS0314H,2019,508
2008B3TS0606P,2008,247
2011A7PS0828G,2011,307
2013B3TS0402H,2013,367
2015B4TS0180H,2015,406
2004A7TS0693P,2004,115
2006A4TS0133P,2006,152
2004B2PS0488G,2004,101
2017A4PS0207P,2017,469
2017A4PS0038H,2017,459
2009B2TS0804H,2009,254
2024B5PS0136H,2024,764
2018A3PS0457P,2018,496
2023A4PS0484P,2023,707
2016B2TS0667P,2016,428
2020A8PS0927P,2020,558
2015AATS0293G,2015,419
2010B5TS0987G,2010,277
2005B1PS0528G,2005,142
2016A4PS0333G,2016,449
2013A7PS0213G,2013,373
2008B5TS0065H,2008,226
2024A3PS0020P,2024,782
2009B2PS0373P,2009,274
2015A3PS0816H,2015,408
2017B3PS0780H,2017,469
2010AAPS0363H,2010,290
2015B1TS0450H,2015,408
2015AAPS0907H,2015,423
2024B2TS0957G,2024,798
2019A4TS0320P,2019,526
2007A8PS0298G,2007,190
2005B3PS0980P,2005,137
2006AATS0305G,2006,150
2012A3PS0879G,2012,339
2008B1PS0910H,2008,232
2007B2TS0693P,2007,175
2020A7TS0674P,2020,580
2010B4PS0654P,2010,284
2005A7PS0990P,2005,147
2022B4PS0092G,2022,697
2004B3PS0604G,2004,107
2021A4TS0893G,2021,640
2010B5TS0605P,2010,297
2017B1TS0954P,2017,452
2018B3TS0903G,2018,496
2022B5TS0890H,2022,660
2008B3TS0285H,2008,229
2011B4PS0015G,2011,316
2004A8PS0966G,2004,121
2005A7TS0781G,2005,141
2011A1TS0793P,2011,303
2014A7TS0074G,2014,399
2005B5PS0947P,2005,142
2007A3TS0146H,2007,185
2008B3PS0163G,2008,241
2016A3TS0325H,2016,435
2023B5PS0169P,2023,709
2016B3PS0288H,2016,449
2020A3PS0045G,2020,587
2024A8PS0896P,2024,832
2017A3PS0521H,2017,461
2007A4PS0581P,2007,189
2018A3PS0510H,2018,475
2016A1PS0773H,2016,437
2006A4PS0657H,2006,152
2008AAPS0005P,2008,233
2005A4TS0545H,2005,140
2014B4PS0710P,2014,387
2024A3PS0044P,2024,786
2006A1TS0682P,2006,165
2012B3PS0078P,2012,340
2020A1PS0849H,2020,560
2018A7PS0039P,2018,489
2007B2TS0070P,2007,177
2008A4TS0706H,2008,233
2005A4PS0073P,2005,141
2023B3PS0446G,2023,703
2016A3TS0861G,2016,428
2021A8TS0850G,2021,641
2024AATS0531G,2024,828
2009A4TS0311G,2009,251
2015A1PS0974H,2015,420
2014A3TS0029H,2014,388
2012B4TS0844H,2012,333
2019B3PS0350G,2019,528
2004A8TS0712H,2004,121
2019A3TS0622G,2019,516
2019B1TS0861H,2019,503
2011AAPS0605P,2011,320
2018B3PS0843P,2018,476
2021A8TS0439P,2021,607
2010A4PS0516H,2010,276
2007B2PS0168H,2007,184
2004B1PS0140H,2004,110
2024B5TS0724P,2024,765
2019B2PS0233P,2019,519
2005B4PS0070H,2005,143
2012B1PS0440H,2012,325
2023A3TS0655G,2023,748
2015B5TS0755H,2015,407
2020B4PS0571H,2020,561
2007B3TS0298P,2007,194
2014A3TS0902G,2014,379
2018A4PS0846G,2018,487
2023B5TS0416P,2023,747
2013AATS0615H,2013,356
2015B3PS0523H,2015,413
2019AATS0352P,2019,532
2010B4TS0354H,2010,287
2022B1PS0664G,2022,661
2006A3PS0410H,2006,172
2021AATS0130P,2021,640
2020B3PS0176P,2020,599
2018A4PS0616P,2018,498
2014A8TS0515P,2014,381
2018A4TS0976P,2018,496
2007B4TS0164P,2007,194
2014B4PS0812G,2014,384
2006B1TS0213H,2006,172
2019A1TS0169G,2019,535
2016A7TS0738H,2016,425
2020B2PS0732G,2020,593
2024B2PS0598G,2024,766
2011A4TS0494H,2011,319
2016AATS0810H,2016,444
2018A7TS0711P,2018,498
2006A4PS0696H,2006,172
2017A1PS0166G,2017,462
2024A3TS0577G,2024,806
2009B4TS0777P,2009,257
2011A7PS0300P,2011,322
2009A1TS0211H,2009,254
2016A7TS0478P,2016,448
2014A7TS0494G,2014,385
2020B2TS0921P,2020,556
2010A1TS0131H,2010,290
2020A8PS0530G,2020,590
2019A7TS0309G,2019,501
2008B4PS0950G,2008,236
2017A4PS0118P,2017,455
2023B4PS0015P,2023,727
2021B2TS0253H,2021,636
2019B4TS0534H,2019,544
2018B4TS0312P,2018,488
2017B5TS0487H,2017,454
2019B4TS0038P,2019,502
2019B1TS0352G,2019,510
2022A3TS0193H,2022,683
2005A3PS0432P,2005,137
2010A3PS0786G,2010,292
2004A8PS0077P,2004,116
2019A8PS0489H,2019,500
2021A7PS0078H,2021,601
2006A4PS0496G,2006,171
2011B2TS0676G,2011,302
2005B4TS0445G,2005,141
2008B5PS0400P,2008,244
2023A8PS0506G,2023,738
2015B3TS0913H,2015,418
2018B2PS0131G,2018,495
2021A1TS0882P,2021,636
2019B4PS0179H,2019,547
2009B4PS0385H,2009,273
2012AAPS0835G,2012,347
2020B4PS0442G,2020,593
2023B1TS0408H,2023,747
2015B3PS0496G,2015,404
2011A4PS0192G,2011,301
2017A8TS0332P,2017,464
2017AAPS0263P,2017,458
2009A7TS0012P,2009,270
2021A7PS0126G,2021,623
2007A4TS0718P,2007,184
2018A7TS0109G,2018,479
2018A8PS0595P,2018,490
2008A7PS0748G,2008,229
2024B5PS0856G,2024,815
2020A8TS0197G,2020,561
2012A7PS0736H,2012,337
2008B5PS0574P,2008,234
2006A1PS0270P,2006,155
2013B4PS0461P,2013,364
2011B4PS0608P,2011,307
2017B5TS0366G,2017,453
2022A3PS0028G,2022,691
2019A7TS0469H,2019,523
2012B1TS0018P,2012,349
2014B5PS0830H,2014,375
2020AATS0372H,2020,581
2023B4TS0158P,2023,747
2019B2PS0317G,2019,520
2006B1TS0681H,2006,167
2004A3TS0076G,2004,103
2023A4TS0927P,2023,718
2004B1TS0573P,2004,108
2021A3TS0160P,2021,639
2023B3PS0349P,2023,742
2018AAPS0008P,2018,498
2021AAPS0897H,2021,632
2010A3TS0675G,2010,292
2023B2TS0969H,2023,725
2013A3TS0284G,2013,358
2007A8PS0703G,2007,179
2005A7TS0393G,2005,142
2020A1PS0257H,2020,574
2009A4TS0905G,2009,273
2015AAPS0198G,2015,406
2006B5PS0955H,2006,170
2012B5TS0020G,2012,336
2011B2PS0793H,2011,303
2021B1TS0250G,2021,642
2021B1TS0077G,2021,644
2022B2TS0987H,2022,689
2019A7PS0391P,2019,549
2013A1TS0798G,2013,362
2005B4PS0288H,2005,133
2022A7TS0767G,2022,660
2016A7PS0896P,2016,435
2006AAPS0478H,2006,161
2006B1TS0198G,2006,164
2011AATS0366G,2011,319
2012B5TS0275P,2012,334
2018A7TS0025P,2018,496
2010A4TS0757P,2010,275
2019A7PS0393P,2019,539
2005A4PS0789H,2005,126
2014A8PS0567G,2014,394
2018A7PS0415H,2018,490
2004B5TS0739H,2004,121
2011A4TS0449P,2011,311
2005AAPS0934H,2005,126
2013AATS0996P,2013,357
2005B2PS0508H,2005,144
2006A1TS0706G,2006,150
2021A8TS0349P,2021,610
2014B4PS0125G,2014,377
2009B5PS0083G,2009,254
2006A1PS0479G,2006,174
2013B2PS0819H,2013,369
2006B4PS0350G,2006,153
2022B2TS0564P,2022,670
2011A7PS0470G,2011,319
2004A4PS0767P,2004,119
2021B2TS0774H,2021,604
2018B4PS0565P,2018,492
2009B3PS0785H,2009,271
2024AATS0088H,2024,788
2017A4PS0958H,2017,468
2022B2TS0695G,2022,666
2008AAPS0420P,2008,241
2005A7PS0020G,2005,129
2018A1PS0698H,2018,487
2014A7TS0141P,2014,383
2019B4TS0210G,2019,501
2011A8PS0089H,2011,303
2006B1PS0054G,2006,155
2010B4PS0780P,2010,286
2005B3TS0974P,2005,125
2004B3TS0868G,2004,100
2006B1TS0928G,2006,167
2008A7PS0685G,2008,226
2022A8PS0317P,2022,690
2020B2TS0365G,2020,591
2005A4PS0764G,2005,137
2016A1TS0969H,2016,444
2017A4TS0165H,2017,469
2004AATS0163P,2004,106
2009A4PS0831H,2009,268
2010A3PS0314G,2010,275
2004A3PS0461P,2004,121
2017A4TS0777P,2017,457
2006B2TS0393H,2006,163
2008B1PS0525G,2008,230
2006A7PS0093H,2006,168
2014B4PS0587G,2014,395
2004A1TS0095G,2004,102
2024AAPS0816G,2024,829
2020AATS0057G,2020,568
2010B5PS0961H,2010,290
2005B1TS0945H,2005,137
2022A1TS0871P,2022,651
2004B1TS0633P,2004,106
2018AATS0437H,2018,497
2023B4TS0892P,2023,721
2005B2PS0419H,2005,137
2018B5PS0485H,2018,493
2022A1TS0094H,2022,674
2020A4TS0130H,2020,593
2012B4TS0089G,2012,341
2020B3TS0935G,2020,583
2024A8PS0622H,2024,760
2006B4TS0080H,2006,153
2017A3PS0389G,2017,462
2012A1TS0304P,2012,337
2011B2PS0091H,2011,316
2004A8TS0992P,2004,114
2019B1PS0334G,2019,500
2021B2TS0146G,2021,617
2006A3PS0848P,2006,153
2008B2TS0970P,2008,247
2023A4TS0647G,2023,723
2007B1PS0124G,2007,199
2009A8TS0859P,2009,260
2004A4PS0359H,2004,119
2006B4TS0858G,2006,155
2013A7PS0514P,2013,350
2015B3TS0906P,2015,409
2012B5PS0343H,2012,333
2014B3PS0265P,2014,389
2012A1TS0626P,2012,338
2016B5PS0267H,2016,433
2019B1PS0915H,2019,527
2017B2TS0645P,2017,463
2021B1TS0723P,2021,645
2021AATS0395P,2021,644
2021B1PS0423P,2021,613
2022A3TS0646H,2022,684
2021B3TS0847H,2021,620
2004A1PS0284G,2004,113
2020B2TS0184G,2020,561
2006A3TS0516H,2006,162
2016A3PS0610G,2016,433
2007B1TS0969P,2007,189
2004B4TS0227H,2004,104
2015B2PS0908H,2015,419
2006B2PS0571G,2006,171
2007A8TS0877H,2007,185
2009A7TS0336G,2009,257
2015A7PS0298H,2015,413
2020B3PS0787H,2020,594
2016B3PS0637P,2016,434
2012A8TS0064H,2012,327
2005B2PS0644H,2005,131
2008A3TS0576P,2008,243
2023B5PS0488G,2023,747
2019A8TS0734P,2019,509
2004B1PS0854P,2004,118
2017A7TS0845H,2017,470
2018A3TS0983P,2018,491
2007AATS0219P,2007,198
2014A1PS0309P,2014,380
2013A8TS0285H,2013,353
2023A8PS0099H,2023,719
2013AATS0720H,2013,372
2024B1PS0629G,2024,806
2016A4TS0870G,2016,448
2005B1PS0863H,2005,141
2004B2PS0664H,2004,112
2006A4TS0866G,2006,171
2005B5PS0663H,2005,142
2017A8TS0353G,2017,452
2013A7TS0761P,2013,369
2014B1PS0611P,2014,387
2021B1TS0220P,2021,622
2008A7PS0611P,2008,230
2014AAPS0823G,2014,382
2010B3PS0631G,2010,284
2005A7TS0710H,2005,132
2014AAPS0675P,2014,386
2007B4PS0926P,2007,194
2007AAPS0276P,2007,196
2017A3TS0962G,2017,471
2021A1PS0574P,2021,644
2016AAPS0343P,2016,427
2007B5PS0609G,2007,186
2018A4TS0328P,2018,497
2013B1PS0003H,2013,372
2024B5PS0735P,2024,760
2008B5PS0767P,2008,236
2008A1PS0385G,2008,232
2012B3TS0573G,2012,326
2013A8TS0341P,2013,369
2005B5TS0379G,2005,134
2006B4TS0155H,2006,150
2014B2PS0795P,2014,398
2004A7PS0948H,2004,106
2019A4TS0331H,2019,511
2024B3PS0171H,2024,765
2005B4TS0289P,2005,136
2018A7TS0271G,2018,494
2004B3PS0731P,2004,124
2008A8TS0156G,2008,226
2004B3TS0134P,2004,124
2007A7TS0238H,2007,193
2012A1PS0465G,2012,336
2021A4TS0668P,2021,604
2018A3PS0691G,2018,488
2011B2PS0938P,2011,306
2018A1TS0121G,2018,489
2011B4TS0697P,2011,306
2014A4PS0061P,2014,381
2018B3TS0422P,2018,494
2014A3PS0159G,2014,377
2009A8PS0676H,2009,259
2014A7PS0832P,2014,376
2017A3TS0140H,2017,458
2020A8PS0344P,2020,557
2007AAPS0485H,2007,175
2004A7TS0418G,2004,106
2018B1TS0547G,2018,498
2013B2PS0099H,2013,362
2023A1TS0295P,2023,707
2013B5PS0254G,2013,370
2016B5PS0919P,2016,429
2008B3TS0696H,2008,238
2005A4TS0800G,2005,130
2023A8TS0419G,2023,728
2006A7TS0413G,2006,174
2004B4TS0595H,2004,110
2011A4PS0192G,2011,317
2013B2PS0623H,2013,360
2017B3TS0385H,2017,467
2021A8PS0252P,2021,609
2004B2PS0082G,2004,120
2024B3PS0790H,2024,813
2017A3PS0661G,2017,470
2017A1PS0719H,2017,451
2015A8PS0621G,2015,418
2019A3TS0548G,2019,523
2018B5TS0899H,2018,484
2014A7TS0027P,2014,375
2006A7TS0541P,2006,158
2008A3PS0677H,2008,246
2018AATS0280G,2018,492
2005B1PS0877H,2005,135
2022AAPS0430H,2022,674
2013AAPS0316G,2013,352
2011A7PS0696H,2011,306
2024B4TS0999P,2024,841
2019A3TS0314G,2019,522
2007B2PS0738P,2007,178
2024B2TS0409G,2024,809
2019A3TS0918H,2019,502
2011B3PS0557H,2011,310
2004B5PS0582H,2004,122
2011B1TS0406H,2011,306
2019A8TS0836H,2019,504
2017A8TS0999H,2017,463
2008AATS0478H,2008,242
2004B3TS0265G,2004,108
2022B4TS0326P,2022,698
2007B1PS0614G,2007,177
2019A4TS0049G,2019,504
2021A1PS0039H,2021,624
2016A1TS0521G,2016,426
2015A8PS0504P,2015,407
2005A3PS0544H,2005,146
2005A3TS0391P,2005,139
2007A7PS0161H,2007,180
2015B4PS0312H,2015,423
2005B1PS0567H,2005,127
2023B1PS0847G,2023,738
2012A3TS0378H,2012,340
2008B3PS0117H,2008,225
2013AAPS0865H,2013,358
2024A1PS0555H,2024,841
2013B3TS0755G,2013,367
2020B2PS0177P,2020,594
2020B3TS0255H,2020,580
2011B2TS0960H,2011,314
2024B1TS0983P,2024,770
2011A1PS0437P,2011,313
2011B1TS0091P,2011,309
2019B1PS0291H,2019,514
2023A3PS0304P,2023,718
2016A8PS0182P,2016,443
2016A8TS0973H,2016,446
2016B5TS0322H,2016,431
2008A8TS0644P,2008,234
2014B5TS0016P,2014,379
2005A1PS0086G,2005,148
2011A8PS0516P,2011,323
2024B1PS0241H,2024,818
2023B2PS0194G,2023,720
2017A8TS0579P,2017,472
2018A8TS0664H,2018,484
2004A8TS0195H,2004,102
2004B4PS0781G,2004,105
2024A4TS0709H,2024,812
2016B3PS0057G,2016,439
2020A7PS0167G,2020,567
2024B3PS0496H,2024,791
2005A4TS0806G,2005,137
2021A4PS0661G,2021,607
2024AAPS0609P,2024,788
2016B5TS0371G,2016,434
2009B4PS0639P,2009,263
2006B3PS0269H,2006,173
2009B1PS0478G,2009,251
2015B2PS0002G,2015,421
2008B4PS0492G,2008,237
2015A4TS0545H,2015,418
2021A3TS0249G,2021,624
2014B5TS0959G,2014,386
2024A8TS0070H,2024,829
2023B4TS0692H,2023,749
2018A4TS0098G,2018,495
2007A8TS0480H,2007,190
2020A8PS0303H,2020,586
2007A3TS0471H,2007,194
2010A4TS0079P,2010,292
2011B2PS0524G,2011,312
2010A1TS0281G,2010,276
2018B4TS0404G,2018,476
2018A3TS0597G,2018,485
2010B4PS0278H,2010,285
2010A8PS0374P,2010,293
2011A7TS0903P,2011,308
2018B3TS0891H,2018,481
2009A7TS0929G,2009,269
2008A4TS0977H,2008,246
2018B3TS0519H,2018,491
2007AATS0898P,2007,195
2024A8TS0128H,2024,840
2017B3PS0568G,2017,455
2005B1TS0072G,2005,140
2020A1TS0291H,2020,555
2024B3PS0312G,2024,788
2006B2TS0031H,2006,173
2023A1TS0081H,2023,716
2012B3PS0165H,2012,330
2020A3TS0608P,2020,577
2012A7PS0240G,2012,344
2006B5PS0688H,2006,160
2008B4TS0049H,2008,232
2004A3TS0259G,2004,104
2005A3TS0309H,2005,148
2021A1PS0885P,2021,643
2023A1PS0192G,2023,710
2012A1TS0425H,2012,331
2022B1TS0347G,2022,693
2018B3TS0768P,2018,482
2013B2PS0970H,2013,358
2005B2PS0006P,2005,141
2024A3TS0342G,2024,755
2005B4TS0222G,2005,125
2006B5PS0509P,2006,166
2016B4PS0329G,2016,434
2013B4PS0028P,2013,351
2021B5PS0564P,2021,629
2019A3TS0272G,2019,506
2023B1TS0424P,2023,728
2005B2TS0173G,2005,129
2011A4PS0231P,2011,313
2004B5TS0705P,2004,100
2018B1TS0293H,2018,481
2017A1TS0712H,2017,468
2006A8PS0590G,2006,162
2011B1PS0727H,2011,308
2018A4PS0064H,2018,492
2023A7TS0941P,2023,714
2018B4TS0251G,2018,480
2006AATS0213G,2006,166
2009B5TS0308H,2009,268
2022A1PS0241G,2022,680
2018A4PS0895G,2018,493
2004A8TS0502H,2004,118
2007A8PS0798P,2007,184
2018A3PS0076H,2018,489
2010A1TS0433H,2010,288
2010AAPS0843P,2010,292
2021AATS0456G,2021,634
2009B2TS0943G,2009,267
2019B5TS0608H,2019,529
2022A4TS0747P,2022,682
2004B4PS0832P,2004,120
2009A4PS0639P,2009,274
2012B2PS0527G,2012,342
2012B1TS0950P,2012,329
2005B5TS0165H,2005,145
2015A4PS0040P,2015,410
2021B1PS0856P,2021,636
2014AAPS0439H,2014,386
2022A7PS0597P,2022,662
2023B4PS0133G,2023,711
2006A4TS0354P,2006,168
2014B2TS0046H,2014,386
2020B2TS0314P,2020,571
2007B1TS0259H,2007,177
2015B2TS0623G,2015,419
2008A8PS0553H,2008,232
2015A1TS0695H,2015,404
2008A8PS0055G,2008,237
2009A4TS0282G,2009,255
2012B1PS0619G,2012,341
2012A7PS0667H,2012,337
2020B4PS0645G,2020,587
2018B5TS0057H,2018,480
2016A3PS0505G,2016,436
2016B5PS0792G,2016,442
2024A8PS0311H,2024,796
2022B1PS0427H,2022,694
2021AAPS0999H,2021,612
2006A3TS0156G,2006,159
2015A8TS0184G,2015,409
2018B5TS0537H,2018,493
2014B4PS0618P,2014,393
2005AATS0661H,2005,138
2018A4PS0823G,2018,487
2022A7TS0695H,2022,655
2013B2TS0666P,2013,358
2019A3TS0191G,2019,527
2009A3TS0822G,2009,262
2004B1TS0324G,2004,111
2017A4PS0856P,2017,472
2010A4TS0284G,2010,298
2015A1TS0433G,2015,400
2007B3TS0121G,2007,192
2024A7TS0204G,2024,795
2019A1PS0839H,2019,500
2010A4TS0389G,2010,284
2013B4TS0553G,2013,359
2006A3PS0332G,2006,153
2010B2TS0745H,2010,276
2024B5PS0961H,2024,837
2021B4PS0755G,2021,622
2011B3PS0294P,2011,319
2012A3TS0029H,2012,343
2008B2TS0894G,2008,247
2016AAPS0810P,2016,425
2021B2PS0300H,2021,635
2011B4PS0301P,2011,311
2005B4PS0911H,2005,146
2023A3TS0012H,2023,742
2012A8TS0573H,2012,333
2019B5PS0050P,2019,546
2018A8TS0825P,2018,492
2015A3PS0622G,2015,400
2017B4PS0278H,2017,471
2007A3PS0640H,2007,198
2008B5PS0272H,2008,234
2005B5PS0847H,2005,139
2018AATS0585P,2018,497
2017B5TS0213P,2017,468
2007AAPS0020H,2007,191
2023B2TS0547P,2023,715
2005B3TS0352G,2005,145
2005B4PS0215H,2005,145
2024A4TS0265H,2024,837
2020B3TS0639G,2020,570
2012B5TS0889H,2012,333
2020AAPS0364G,2020,592
2017A1TS0204G,2017,470
2018A7TS0415P,2018,477
2019B5TS0126G,2019,539
2011AATS0020G,2011,304
2021A1TS0074H,2021,607
2008A7TS0536G,2008,239
2007B3PS0069P,2007,188
2022B4PS0466P,2022,669
2015B3TS0442G,2015,408
2023A1TS0781P,2023,742
2015A4PS0231H,2015,404
2008AATS0176P,2008,228
2005B3TS0489H,2005,130
2018B4PS0903P,2018,483
2022A3PS0923P,2022,676
2006B5PS0845P,2006,166
2012AAPS0922H,2012,342
2018B4TS0842P,2018,497
2017A1PS0680H,2017,461
2018B5TS0686H,2018,479
2008A8PS0965P,2008,238
2019B1PS0801P,2019,510
2018B3PS0169H,2018,475
2020B2TS0664H,2020,585
2014B4TS0098P,2014,382
2018A1TS0481G,2018,499
2020B2PS0994G,2020,591
2008AAPS0537G,2008,239
2021B4PS0908G,2021,635
2022B4PS0004P,2022,657
2010AAPS0683G,2010,284
2005A1PS0901G,2005,143
2024A3TS0319G,2024,845
2014AATS0544H,2014,391
2022A3TS0843G,2022,686
2016A3TS0833P,2016,446
2012B1PS0911G,2012,338
2021A4TS0890G,2021,649
2019B3TS0729H,2019,504
2023B3PS0587G,2023,746
2019A8TS0944G,2019,549
2014A1TS0694P,2014,385
2012A8PS0742P,2012,328
2020AAPS0593P,2020,564
2022B2TS0090G,2022,671
2005A1TS0347P,2005,134
2008B4TS0579G,2008,239
2010AAPS0956H,2010,297
2009B4TS0110G,2009,250
2011A1PS0176P,2011,302
2004B4TS0461P,2004,119
2004A4TS0402H,2004,102
2006A1TS0368G,2006,163
2022A7PS0477H,2022,673
2022A8TS0820G,2022,690
2010A3TS0856H,2010,284
2014A3PS0361P,2014,376
2010AATS0441G,2010,293
2010A8PS0978H,2010,281
2006B4TS0618P,2006,154
2024B4PS0303G,2024,812
2022A3TS0380G,2022,675
2017B5PS0350G,2017,451
2023A7TS0791P,2023,735
2016A1TS0998G,2016,445
2014A1TS0971G,2014,390
2009B3TS0930G,2009,271
2005B1PS0252P,2005,134
2023A1TS0137P,2023,700
2022AATS0722P,2022,660
2007B4TS0181G,2007,175
2004B1TS0493P,2004,103
2023A3PS0118G,2023,712
2023AAPS0148G,2023,738
2019A8TS0862P,2019,516
2020B4PS0126P,2020,566
2004A7TS0515H,2004,111
2021A8PS0763P,2021,642
2018A1PS0833G,2018,476
2019B3TS0019P,2019,508
2014B2PS0482P,2014,383
2006B3TS0834H,2006,163
2005A3PS0685H,2005,145
2004B3PS0322G,2004,122
2018A7TS0874H,2018,481
2023A1TS0098G,2023,749
2009A1PS0515H,2009,261
2019A7TS0773G,2019,535
2006AAPS0699H,2006,174
2013A8PS0310H,2013,367
2021AAPS0374H,2021,619
2011A4TS0129P,2011,316
2011A1PS0363P,2011,307
2014B2TS0528G,2014,386
2011B2PS0284P,2011,302
2019A3TS0777P,2019,531
2023AAPS0937P,2023,728
2023B4TS0942H,2023,703
2023A1TS0003H,2023,744
2006B3TS0166P,2006,154
2016A3PS0997G,2016,435
2019B2TS0218P,2019,505
2019A7TS0604G,2019,549
2020B1TS0580G,2020,558
2019B5TS0637G,2019,529
2018AATS0162P,2018,479
2016B2PS0482G,2016,446
2007A4PS0301G,2007,188
2012B1PS0480P,2012,333
2023A7PS0737H,2023,738
2005B2TS0909G,2005,134
2017A7PS0850H,2017,466
2024A1PS0352P,2024,785
2023B1PS0507P,2023,718
2006A7TS0728H,2006,165
2018A8TS0307H,2018,486
2015A3PS0838H,2015,424
2023B3PS0024G,2023,739
2017AATS0088G,2017,452
2024B5TS0468H,2024,787
2012A4PS0032P,2012,341
2016A8PS0097G,2016,437
2009A3TS0261G,2009,273
2006A4PS0030H,2006,160
2008A1PS0856G,2008,244
2020B2PS0315P,2020,569
2010A7PS0827P,2010,296
2015A8TS0844H,2015,406
2010A1PS0239P,2010,288
2012B3TS0437G,2012,346
2016A3PS0847G,2016,426
2023AAPS0416G,2023,706
2008B2TS0490P,2008,229
2005B4PS0966G,2005,140
2020B5PS0778P,2020,580
2006B1TS0214P,2006,155
2017A8PS0276G,2017,466
2023A4PS0982G,2023,730
2021B5PS0392G,2021,637
2007AAPS0090H,2007,195
2022A1PS0215G,2022,694
2021B5TS0631P,2021,612
2014AATS0556P,2014,389
2006A7PS0256H,2006,168
2012A1TS0254P,2012,349
2016B5TS0880H,2016,432
2021AAPS0721P,2021,639
2014B1PS0187G,2014,380
2013B1TS0739G,2013,359
2019AAPS0119G,2019,514
2015B1TS0113H,2015,413
2015B4PS0555G,2015,413
2020B3TS0189H,2020,556
2005B4PS0697H,2005,126
2019A8PS0636G,2019,506
2023B2TS0905G,2023,745
2009A3TS0007G,2009,264
2013B3TS0682P,2013,358
2005B5TS0144P,2005,148
2017A4PS0423H,2017,455
2020A3TS0758H,2020,586
2017A8TS0255G,2017,472
2012A7TS0305H,2012,348
2023A7PS0713G,2023,712
2004B4PS0829H,2004,106
2019B2TS0877P,2019,549
2005A4TS0518P,2005,138
2009A3PS0659G,2009,269
2023A1TS0813H,2023,737
2017A7TS0885G,2017,466
2023A8TS0009P,2023,725
2005A4TS0580G,2005,147
2018B3TS0466P,2018,483
2004A4TS0732G,2004,121
2016A3TS0489G,2016,435
2012A8TS0823H,2012,327
2018B1PS0104P,2018,495
2005B4TS0153G,2005,130
2019B4TS0864G,2019,511
2023A1PS0441H,2023,715
2015A4TS0624G,2015,410
2016A8PS0989G,2016,438
2012B2PS0938H,2012,342
2017AAPS0196G,2017,472
2019B4PS0071P,2019,519
2020AATS0453G,2020,566
2011B5PS0860P,2011,321
2024AATS0518H,2024,779
2005AATS0650H,2005,133
2008B4PS0161P,2008,246
2019B3PS0232P,2019,548
2014B2PS0226P,2014,389
2024A8TS0676H,2024,775
2023B3TS0130H,2023,729
2024A1PS0149G,2024,818
2011A7TS0753G,2011,314
2012B2PS0018P,2012,329
2023A7TS0180P,2023,709
2023B4TS0558H,2023,746
2018A4PS0911P,2018,493
2005B1PS0039G,2005,148
2014B5PS0126P,2014,375
2014A8PS0847H,2014,396
2004B1PS0658G,2004,121
2010B1TS0412G,2010,279
2013B2TS0305G,2013,352
2015A1PS0715G,2015,400
2006B2PS0759H,2006,160
2010A4TS0391H,2010,285
2016B5PS0284H,2016,437
2004AAPS0592H,2004,114
2022B2PS0716H,2022,671
2022A7PS0422P,2022,653
2009A8PS0379P,2009,273
2011A1TS0692H,2011,316
2024A8PS0747H,2024,848
2017AAPS0967H,2017,464
2006A4TS0670G,2006,159
2005A1PS0377P,2005,127
2020AATS0889G,2020,577
2019A7TS0399P,2019,501
2014A1TS0672H,2014,386
2016B2TS0393H,2016,427
2009B5PS0172G,2009,258
2018B5TS0529P,2018,488
2010B4TS0092H,2010,280
2008A1TS0123G,2008,235
2014A4PS0584G,2014,385
2024A1PS0445P,2024,835
2024B4TS0027G,2024,772
2016B5PS0148P,2016,436
2023A1PS0497G,2023,718
2013B2PS0352H,2013,357
2024B5PS0313G,2024,792
2009B3PS0370G,2009,261
2020B3PS0368H,2020,571
2017B2TS0507G,2017,462
2012A1TS0420P,2012,331
2019A1TS0122G,2019,533
2011B3PS0380H,2011,322
2018B4PS0311G,2018,484
2006A1PS0504G,2006,169
2007A4TS0449H,2007,183
2023A7PS0628H,2023,706
2021A4TS0827H,2021,624
2006B1TS0655P,2006,169
2014B2PS0037G,2014,375
2008A1TS0280P,2008,230
2005AATS0717P,2005,146
2024B1PS0981P,2024,775
2020B2PS0471P,2020,579
2007A7TS0976P,2007,193
2010A1PS0521H,2010,276
2005A1TS0210P,2005,127
2019B5PS0237P,2019,517
2024B5PS0218G,2024,754
2014B3TS0937P,2014,391
2020B5PS0425H,2020,551
2018A4TS0225P,2018,497
2006B3PS0560P,2006,152
2011B4TS0641P,2011,311
2004AATS0366H,2004,120
2024B3PS0216P,2024,758
2005A8PS0840P,2005,127
2007A7PS0923H,2007,189
2011A8TS0237H,2011,302
2017B4TS0894G,2017,466
2010B1PS0873G,2010,291
2013A8TS0803G,2013,360
2017AAPS0761P,2017,471
2018AAPS0050H,2018,497
2012A4PS0222H,2012,327
2016B5TS0957G,2016,433
2007B5PS0565G,2007,187
2022A3PS0255G,2022,660
2007A3TS0440G,2007,187
2013A8TS0739G,2013,351
2006B3TS0085G,2006,173
2006A4TS0456H,2006,153
2016A7PS0819P,2016,430
2021B3TS0869G,2021,603
2012B4PS0308P,2012,349
2024A8PS0989P,2024,774
2009A7PS0598H,2009,267
2018B5TS0259P,2018,475
2019A3PS0916H,2019,548
2024AAPS0002G,2024,754
2015A3TS0012H,2015,424
2024A1TS0076G,2024,771
2004A1TS0753P,2004,112
2005B3PS0742H,2005,141
2018A7PS0304G,2018,482
2021B3PS0283P,2021,612
2005B1PS0554H,2005,126
2020B2PS0247H,2020,572
2015B4PS0097G,2015,405
2020B1TS0011G,2020,575
2008AAPS0514G,2008,248
2024A3PS0448G,2024,831
2009A8TS0975G,2009,253
2019B4TS0264G,2019,519
2006B2TS0424P,2006,152
2006A1TS0642P,2006,170
2007A1PS0284P,2007,186
2008A7TS0322H,2008,239
2022B1TS0249P,2022,655
2020B3TS0699P,2020,565
2004B5TS0146P,2004,120
2013B2TS0863H,2013,366
2006B4PS0196G,2006,154
2015B4PS0447P,2015,419
2018B1TS0302G,2018,495
2019B2PS0004G,2019,528
2009B4PS0094G,2009,264
2023A8PS0225P,2023,728
2008B3TS0988P,2008,230
2004B1TS0987H,2004,120
2006AAPS0048G,2006,172
2024B5TS0430H,2024,770
2022B4TS0557H,2022,690
2013A8PS0805P,2013,363
2015A4PS0435H,2015,423
2007B3PS0701H,2007,187
2024A1TS0348G,2024,791
2008B3PS0793P,2008,235
2012AAPS0904G,2012,347
2022A1TS0883G,2022,696
2013B5PS0077H,2013,370
2007B3PS0121G,2007,181
2009B2PS0549G,2009,256
2005A7TS0954H,2005,132
2005A3TS0636P,2005,138
2017B3PS0645G,2017,468
2017B3PS0154G,2017,454
2009B5PS0534P,2009,273
2023B4PS0392G,2023,722
2017A3TS0057P,2017,468
2012B5TS0618H,2012,332
2019A4PS0507H,2019,546
2005AATS0425P,2005,144
2018AAPS0308P,2018,493
2008B3TS0860H,2008,240
2004A1PS0086P,2004,114
2018B1TS0660G,2018,499
2020A8TS0727H,2020,591
2005AAPS0550G,2005,148
2004B2PS0947H,2004,118
2010AAPS0443P,2010,278
2013A1PS0939H,2013,364
2007A3TS0331G,2007,194
2007B5PS0652G,2007,181
2023B5PS0747H,2023,707
2010B3PS0022P,2010,276
2019A8TS0644H,2019,541
2005A3PS0892P,2005,127
2005B2PS0533H,2005,135
2012B1TS0497G,2012,345
2005B4TS0212G,2005,128
2014B2PS0365P,2014,388
2010B3PS0361G,2010,294
2010B5PS0735G,2010,276
2014A8TS0488H,2014,391
2018A8PS0243H,2018,495
2017B4TS0651H,2017,473
2024B5TS0785P,2024,840
2010A7PS0026P,2010,288
2021A7TS0766H,2021,631
2024AAPS0155H,2024,768
2021AATS0474P,2021,646
2008A8PS0089G,2008,226
2013B5PS0470P,2013,368
2013A8PS0449P,2013,361
2012B5TS0306P,2012,326
2007B2TS0127H,2007,193
2008B1PS0784H,2008,228
2022A4TS0778H,2022,672
2009B2TS0441P,2009,252
2020A3TS0735G,2020,592
2022A3PS0411H,2022,668
2018A8TS0836G,2018,486
2022B4TS0960G,2022,654
2007A8PS0522G,2007,194
2004AAPS0192H,2004,100
2018A4PS0436G,2018,498
2007B4PS0500H,2007,177
2013B4TS0329G,2013,359
2006B2PS0602G,2006,172
2022B3TS0966P,2022,695
2008A3PS0946P,2008,247
2012A1PS0831H,2012,329
2021AATS0567H,2021,610
2015B3PS0229G,2015,420
2014B3PS0780P,2014,381
2010A3TS0149G,2010,285
2015B1TS0083G,2015,411
2018AATS0581P,2018,484
2010B5TS0070G,2010,287
2004B4TS0808G,2004,112
2022AAPS0944H,2022,662
2019AATS0921G,2019,535
2005B4PS0427G,2005,148
2022A4PS0117P,2022,684
2006A7PS0018H,2006,156
2011B1PS0116H,2011,313
2013B2TS0977P,2013,362
2021B1PS0867P,2021,630
2020A4PS0016P,2020,593
2010B3PS0734P,2010,284
2017A7TS0211H,2017,452
2011B3PS0231G,2011,300
2012A4PS0394H,2012,331
2007A1TS0737G,2007,187
2012AAPS0952P,2012,345
2018B5TS0328P,2018,478
2012B3TS0869G,2012,342
2019B5PS0840H,2019,549
2005B1PS0222H,2005,133
2004B1PS0296G,2004,116
2009A3TS0210H,2009,272
2010B2PS0509H,2010,276
2011A1TS0077P,2011,300
2018A7PS0641G,2018,489
2014B3PS0566G,2014,395
2017B5TS0647P,2017,471
2010AATS0916P,2010,277
2014A4TS0853G,2014,378
2009B5PS0469G,2009,257
2021B4PS0299P,2021,618
2013B5PS0884H,2013,362
2009B4TS0919G,2009,256
2022A7PS0243P,2022,650
2011A8TS0587G,2011,319
2020B4TS0066G,2020,570
2010B1TS0146G,2010,296
2020B3TS0410P,2020,597
2018B3TS0730H,2018,484
2012B2TS0325G,2012,345
2014A7TS0734H,2014,398
2021B1TS0627P,2021,627
2012A8TS0879G,2012,348
2022A8TS0056H,2022,662
2004AATS0227G,2004,123
2020AAPS0633P,2020,578
2022A7PS0618H,2022,698
2010B1TS0470G,2010,299
2024A3PS0930P,2024,821
2004A3TS0381G,2004,117
2021B5TS0623H,2021,627
2021B3TS0398P,2021,648
2010A3PS0887G,2010,284
2018A3TS0347G,2018,480
2017B5PS0483H,2017,469
2010A8PS0929P,2010,277
2008A3PS0839P,2008,245
2016B2PS0272G,2016,435
2010B3PS0882H,2010,281
2012A4TS0010P,2012,337
2022AATS0947H,2022,688
2021A1TS0814P,2021,636
2022A7PS0202P,2022,687
2007B4TS0485P,2007,197
2006B2TS0231G,2006,163
2015A8TS0166H,2015,400
2007B1TS0390G,2007,178
2008A8PS0842H,2008,226
2007B2PS0826G,2007,186
2004B3PS0018P,2004,103
2006B4TS0929H,2006,150
2012AATS0556H,2012,336
2024A8TS0400H,2024,821
2010B5PS0722H,2010,282
2009A8PS0082P,2009,271
2022A1PS0424G,2022,659
2013A4PS0199H,2013,368
2022B1TS0991G,2022,656
2006AATS0126H,2006,162
2008A8TS0444H,2008,233
2017B5PS0816P,2017,465
2006A7TS0607P,2006,163
2016AATS0847P,2016,432
2004AAPS0331P,2004,117
2019A1PS0063H,2019,517
2004A7TS0215P,2004,123
2022B4PS0165G,2022,690
2014B2PS0130G,2014,377
2011A7PS0625G,2011,309
2015B4TS0554H,2015,412
2012A4PS0212P,2012,327
2023A1PS0698H,2023,707
2022B5PS0445G,2022,678
2012A4TS0518P,2012,343
2018B5PS0759G,2018,481
2013B2TS0606P,2013,359
2016B5PS0742H,2016,437
2022A7PS0699G,2022,685
2020AATS0591H,2020,556
2022B3PS0390H,2022,653
2017A1PS0556H,2017,463
2008A7PS0086P,2008,237
2004B5TS0077P,2004,119
2004AAPS0964G,2004,123
2004B4TS0922P,2004,118
2017A7PS0104P,2017,457
2017B4PS0117H,2017,450
2004B1PS0351G,2004,122
2021A8TS0706G,2021,617
2006A7TS0212H,2006,159
2018B3TS0849G,2018,496
2020B5TS0220P,2020,580
2020A7PS0550P,2020,558
2022B4TS0495P,2022,692
2008B3PS0345G,2008,233
2005A8TS0032P,2005,149
2009B5TS0355P,2009,250
2023A1TS0029H,2023,732
2008B3PS0176G,2008,229
2024B1TS0328H,2024,793
2014B5PS0559G,2014,386
2019A8PS0876H,2019,537
2021A7TS0004H,2021,640
2015A7PS0588G,2015,422
2016A7PS0864H,2016,441
2020A4TS0877G,2020,596
2010A3PS0725G,2010,297
2016A3PS0174G,2016,441
2015A7PS0384G,2015,415
2010A7PS0042H,2010,289
2007B4PS0277G,2007,195
2007AATS0557G,2007,197
2015A3TS0573P,2015,402
2013B2PS0451G,2013,350
2017B4TS0503H,2017,471
2016A3TS0087G,2016,445
2013A3PS0295H,2013,367
2016B2PS0591H,2016,425
2005B4TS0317P,2005,144
2016A4PS0186P,2016,434
2015B5PS0480P,2015,416
2020A8PS0200H,2020,573
2007AATS0873G,2007,181
2006A8TS0718P,2006,154
2007A1PS0483P,2007,190
2016A4PS0940P,2016,449
2016A1PS0264P,2016,428
2015A8PS0799G,2015,409
2009A7PS0832H,2009,266
2009B5PS0897P,2009,258
2014AAPS0570P,2014,390
2012B4TS0917H,2012,349
2020A4TS0681H,2020,560
2011A8TS0984H,2011,314
2023B1TS0363P,2023,732
2021B5TS0538G,2021,647
2009A3PS0152G,2009,254
2023A1PS0778G,2023,727
2023A4PS0248P,2023,706
2020B2PS0071H,2020,551
2021B3PS0538G,2021,615
2015A8TS0357P,2015,405
2012B1PS0876G,2012,346
2007A3PS0135P,2007,190
2018B4PS0751P,2018,495
2020B1TS0860G,2020,587
2012B5TS0310G,2012,337
2019A1TS0586G,2019,544
2017B1TS0653P,2017,474
2022A7TS0462P,2022,688
2008A1TS0811G,2008,225
2006B4PS0905P,2006,154
2014B5PS0251G,2014,393
2016B3TS0065G,2016,435
2024B3PS0581P,2024,811
2023B4PS0032G,2023,720
2018B4PS0236H,2018,475
2009A3TS0945G,2009,258
2008AATS0562H,2008,243
2009A8TS0527H,2009,270
2012B2PS0025P,2012,325
2017B1TS0420G,2017,453
2010A8PS0944P,2010,298
2010A1PS0799H,2010,276
2015B4TS0153G,2015,415
2009A4PS0259H,2009,262
2020A1TS0248P,2020,584
2010A7PS0974P,2010,285
2024B3PS0797G,2024,845
2019A3TS0481H,2019,511
2020B5TS0238H,2020,566
2004A8TS0416H,2004,113
2004A4PS0841H,2004,118
2006AAPS0215P,2006,170
2006B3TS0121H,2006,165
2014A8TS0735P,2014,389
2007A4PS0559P,2007,188
2013AAPS0697G,2013,373
2016A7TS0167H,2016,449
2023A1PS0130P,2023,722
2020A3TS0237H,2020,551
2013B5PS0050H,2013,369
2005A3TS0477H,2005,143
2012B2PS0435P,2012,335
2018B2TS0680H,2018,499
2023A4PS0994H,2023,720
2016A3TS0016H,2016,443
2022AATS0432G,2022,667
2007A1TS0385H,2007,183
2023B1PS0938H,2023,746
2023B5PS0118H,2023,707
2022A3TS0874H,2022,681
2005A8TS0471H,2005,129
2014A7TS0849G,2014,387
2018B5TS0649G,2018,493
2016A3TS0099H,2016,443
2010B2PS0780H,2010,290
2006A1TS0715G,2006,162
2015B4PS0989P,2015,418
2006B3TS0494H,2006,166
2004B4TS0202G,2004,115
2012A7PS0035P,2012,345
2014AATS0760G,2014,388
2014AATS0040H,2014,398
2022B2PS0296P,2022,686
2019A8TS0755G,2019,504
2021B2PS0846P,2021,605
2024B2TS0827P,2024,776
2023AAPS0302G,2023,701
2023A8PS0732H,2023,719
2012A3TS0711G,2012,344
2009A8PS0708H,2009,263
2024A3PS0065G,2024,785
2015A4PS0625H,2015,417
2015A8TS0907P,2015,407
2020A8PS0653H,2020,596
2010A8TS0471H,2010,275
2008A4PS0703G,2008,233
2016B3PS0278G,2016,432
2020AAPS0124H,2020,574
2024B2TS0976H,2024,806
2016A4TS0499G,2016,444
2019B1PS0534G,2019,530
2019AATS0293P,2019,505
2024A7PS0371G,2024,769
2024B4PS0970H,2024,828
2009AATS0903P,2009,273
2009A3PS0764H,2009,256
2022A1PS0845P,2022,674
2008A3PS0889H,2008,229
2017A4TS0811H,2017,461
2024AATS0584P,2024,779
2010A8TS0345P,2010,298
2011A7TS0465H,2011,309
2012B5PS0840H,2012,335
2023B5PS0490P,2023,736
2016B1PS0918H,2016,437
2017B2TS0004H,2017,471
2006B4PS0232G,2006,163
2018A4TS0303H,2018,483
2008A4TS0919G,2008,235
2004A4TS0133P,2004,107
2015B2TS0192P,2015,410
2017AAPS0919H,2017,471
2012A8TS0735P,2012,345
2010B4TS0278P,2010,278
2018B2PS0328H,2018,491
2007A8PS0703G,2007,185
2010A3PS0735P,2010,296
2023AATS0025P,2023,709
2014A4PS0329G,2014,376
2016A1PS0404G,2016,434
2024A4PS0485H,2024,833
2013A1TS0668P,2013,360
2023A1TS0377P,2023,714
2004AAPS0319P,2004,124
2017B5TS0538G,2017,468
2015B5PS0417P,2015,415
2008A3PS0028H,2008,225
2015B1TS0889H,2015,411
2006AAPS0753H,2006,170
2012B3PS0993G,2012,347
2014B1PS0474P,2014,392
2005B5PS0659G,2005,126
2005B2PS0598G,2005,132
2006A8TS0065G,2006,165
2022A8TS0542P,2022,666
2012A1TS0067H,2012,346
2023A7TS0696P,2023,726
2009B5TS0030G,2009,251
2024A3PS0320G,2024,846
2011A8PS0390G,2011,304
2024A4TS0511P,2024,836
2012AATS0775H,2012,346
2013B3PS0018H,2013,365
2007A8PS0445G,2007,179
2013AATS0510G,2013,356
2018A8PS0074P,2018,488
2006AAPS0439P,2006,168
2016A4TS0445G,2016,449
2017B1PS0512G,2017,473
2014A1PS0078G,2014,397
2008A8TS0945G,2008,229
2016AAPS0826G,2016,435
2020B5PS0618P,2020,564
2020A1TS0120G,2020,578
2005AAPS0974H,2005,147
2007A3PS0047H,2007,194
2007B3PS0484H,2007,199
2006B5TS0959P,2006,152
2012B2TS0380G,2012,325
2021AATS0993G,2021,605
2017B1TS0831P,2017,455
2015B4TS0238H,2015,400
2012A7PS0985P,2012,348
2012A3TS0505G,2012,340
2016B5PS0675H,2016,435
2005A3PS0147P,2005,125
2021B2PS0649G,2021,610
2017A3TS0266G,2017,462
2016AAPS0107H,2016,437
2013A4TS0398G,2013,356
2008B1TS0976G,2008,234
2018B3TS0658P,2018,480
2016AAPS0289G,2016,434
2008A8TS0131P,2008,236
2016B4PS0818H,2016,439
2021B1PS0771P,2021,612
2007B4TS0430G,2007,177
2012AAPS0935H,2012,343
2021A8TS0056P,2021,615
2006AAPS0203H,2006,154
2016B4TS0444P,2016,442
2021B5TS0580H,2021,644
2009B1TS0085G,2009,264
2013A8PS0643P,2013,357
2020A8TS0833H,2020,598
2018A8TS0033G,2018,489
2010B5PS0383P,2010,279
2015AATS0411P,2015,411
2022B4PS0253P,2022,694
2018A7TS0261H,2018,493
2015A3PS0183P,2015,423
2005A8PS0499G,2005,145
2010A3PS0166G,2010,296
2010B4TS0987G,2010,282
2008A8PS0934G,2008,231
2010AATS0159P,2010,275
2005A1PS0560H,2005,148
2006AAPS0767H,2006,166
2016A7PS0182G,2016,449
2009B3TS0220G,2009,256
2009A3TS0796G,2009,256
2010A3TS0912H,2010,296
2007B2PS0815H,2007,183
2010B2TS0459G,2010,295
2012B3TS0821P,2012,328
2007B3TS0701H,2007,196
2021A7TS0142G,2021,623
2014A7PS0787G,2014,389
2017B3PS0239H,2017,470
2010A8TS0681P,2010,277
2024AATS0503G,2024,781
2017B3PS0771P,2017,459
2019B5PS0019G,2019,508
2016A7TS0295G,2016,447
2013A7PS0281H,2013,357
2020B3PS0714G,2020,597
2022A8TS0581H,2022,681
2011B4TS0410H,2011,324
2014A4PS0615G,2014,394
2022B5PS0946H,2022,696
2010B3TS0067H,2010,277
2004A7TS0471G,2004,108
2013A7TS0325H,2013,367
2005AAPS0736P,2005,125
2021A4TS0088G,2021,637
2007A1TS0928P,2007,183
2019B4TS0757P,2019,503
2020A4PS0785H,2020,595
2013A4TS0218G,2013,367
2021A4TS0324P,2021,614
2020A1TS0639P,2020,567
2019B3PS0455G,2019,511
2008AATS0508H,2008,236
2008B2TS0628P,2008,225
2008A8TS0624G,2008,241
2012A4TS0680G,2012,343
2009AATS0394G,2009,268
2012A1PS0062G,2012,331
2021A4TS0949G,2021,642
2021B4PS0671G,2021,619
2017A8PS0219P,2017,470
2014A8PS0154P,2014,398
2015A8PS0703H,2015,415
2008A1PS0018P,2008,243
2006A7TS0214P,2006,159
2013B3PS0624P,2013,367
2020A1PS0011P,2020,584
2011B4TS0918P,2011,316
2004A7PS0821G,2004,120
2020A3TS0368H,2020,566
2024A8PS0013H,2024,753
2012B5PS0226G,2012,330
2016B3PS0407G,2016,432
2007A7TS0518P,2007,186
2020A3PS0448H,2020,582
2012B4PS0259P,2012,329
2007A7PS0880G,2007,198
2024B5TS0661P,2024,787
2014AAPS0388G,2014,393
2005A8PS0999H,2005,145
2004A4TS0642G,2004,120
2019A3TS0875G,2019,509
2007AATS0080P,2007,187
2010A7PS0050P,2010,296
2008B3PS0910H,2008,226
2014B4TS0449H,2014,391
2017AAPS0263G,2017,455
2004A3TS0910H,2004,114
2012B2PS0970P,2012,343
2021B4PS0578H,2021,608
2019A1PS0731P,2019,526
2013A1PS0042P,2013,374
2022A1PS0836G,2022,659
2019B4TS0723G,2019,508
2021A3PS0847P,2021,601
2008A1PS0194P,2008,233
2022B1TS0890P,2022,670
2006B2TS0775H,2006,172
2023B5TS0523G,2023,725
2013B4TS0910G,2013,372
2023B3TS0704H,2023,748
2024B3PS0605P,2024,833
2019B1TS0920P,2019,520
2010B4PS0025H,2010,290
2016A7PS0004G,2016,448
2010B5TS0141H,2010,287
2023AATS0619P,2023,705
2007B2PS0161H,2007,195
2021B3TS0401H,2021,640
2018A8PS0304G,2018,490
2018B4TS0931G,2018,482
2009A4PS0149P,2009,261
2017A7TS0973G,2017,467
2014A4PS0425P,2014,392
2008A1PS0519G,2008,225
2008A8TS0361H,2008,246
2019B5TS0966P,2019,504
2011B5PS0161H,2011,301
2008A3TS0653G,2008,230
2013B3TS0159H,2013,366
2024A3PS0304P,2024,847
2007B4PS0729P,2007,199
2005B1PS0303H,2005,139
2007B5PS0844P,2007,197
2007B4TS0698P,2007,190
2007B1PS0824H,2007,199
2015AAPS0327H,2015,422
2006B3TS0509P,2006,166
2018A1PS0036H,2018,497
2006A7TS0637H,2006,174
2010A1TS0611H,2010,282
2022A1TS0875H,2022,669
2004B5TS0774P,2004,102
2018A4PS0848H,2018,487
2004B1TS0643G,2004,123
2004AATS0916G,2004,118
2021AATS0170P,2021,613
2005B1PS0487H,2005,143
2005A1TS0855H,2005,136
2020B3PS0928G,2020,588
2009A7PS0495P,2009,260
2007B3PS0212P,2007,176
2022B1PS0747H,2022,677
2019A4PS0504P,2019,505
2013A8PS0456G,2013,352
2022B4TS0396H,2022,650
2024AATS0573P,2024,790
2008B5PS0339P,2008,243
2004AATS0451P,2004,110
2018B4TS0284H,2018,480
2019B1PS0855P,2019,505
2008B2PS0612G,2008,227
2010B1PS0710H,2010,288
2022A8TS0268H,2022,686
2005AATS0331P,2005,132
2011B1PS0669H,2011,322
2018A8TS0228P,2018,498
2005B5TS0306H,2005,142
2024B4PS0718G,2024,809
2018A7PS0474H,2018,496
2012B5TS0841H,2012,339
2020A3PS0378H,2020,567
2007B5TS0602G,2007,179
2016AATS0938P,2016,426
2024A4TS0962H,2024,847
2009AATS0577G,2009,254
2015A3TS0375H,2015,421
2018A8PS0594H,2018,475
2007B1PS0791H,2007,194
2012B5TS0840H,2012,329
2018B5PS0921P,2018,495
2015B3TS0348H,2015,400
2024A4PS0499G,2024,795
2018AAPS0580P,2018,494
2019A8TS0846P,2019,548
2023AAPS0273G,2023,702
2007A3PS0644G,2007,187
2009A1TS0637H,2009,269
2011B3PS0856G,2011,309
2019A4PS0847H,2019,518
2022A1PS0783P,2022,653
2013B3PS0419H,2013,360
2011A3PS0879P,2011,302
2011A3PS0922P,2011,320
2022B3PS0898G,2022,670
2011B4PS0656H,2011,322
2023AAPS0850H,2023,737
2008A7TS0751H,2008,242
2013B2PS0875P,2013,373
2010A4TS0873H,2010,295
2006B5TS0121G,2006,160
2012B5TS0315G,2012,330
2015B2TS0511P,2015,422
2024B3TS0894H,2024,783
2021B3TS0285H,2021,609
2005A3TS0794P,2005,141
2011A3PS0795G,2011,303
2015B1PS0209P,2015,412
2022A7TS0466H,2022,686
2010B2TS0589H,2010,292
2006A1TS0689P,2006,163
2009A7TS0655P,2009,268
2017B5PS0010G,2017,458
2021A7TS0949G,2021,602
2013B4TS0904H,2013,350
2004AAPS0757H,2004,108
2012B1PS0818P,2012,344
2007A1PS0468H,2007,176
2014B2PS0673P,2014,384
2011A4TS0457P,2011,320
2008A8TS0218P,2008,232
2004B5TS0665P,2004,113
2011A7PS0800H,2011,316
2018B5TS0657P,2018,490
2017B1PS0355G,2017,456
2008A7PS0115P,2008,247
2005AAPS0494H,2005,148
2010AAPS0832G,2010,291
2024B5TS0223H,2024,823
2009B2PS0012G,2009,274
2011B1PS0389G,2011,315
2024A3TS0374H,2024,782
2011A1PS0578G,2011,301
2024A1PS0448G,2024,847
2013B3PS0807H,2013,374
2020B2PS0837P,2020,584
2005A3PS0147P,2005,141
2022B1TS0995G,2022,696
2016AAPS0346G,2016,445
2020B1PS0395P,2020,567
2015B1TS0916P,2015,423
2017AATS0437P,2017,453
2013B3TS0983H,2013,372
2024AAPS0560G,2024,804
2024B4TS0385H,2024,806
2014A7PS0014H,2014,390
2016B2TS0047G,2016,435
2006B3PS0691G,2006,169
2021B1TS0381H,2021,641
2011B1PS0514H,2011,306
2010A3TS0626G,2010,281
2005A8TS0347G,2005,135
2017B2PS0671H,2017,468
2021A3TS0089P,2021,616
2009B1TS0589G,2009,272
2024B5TS0779H,2024,809
2010A3PS0178G,2010,280
2011B2PS0998H,2011,311
2016B5TS0556H,2016,444
2011B5PS0640P,2011,319
2013A4TS0221G,2013,351
2016B2TS0651P,2016,445
2012B5TS0738G,2012,329
2016A1TS0706H,2016,427
2013B2PS0136P,2013,353
2010B4PS0353P,2010,293
2015AAPS0541G,2015,408
2021A8PS0628G,2021,636
2008A8TS0051P,2008,225
2022A1TS0270G,2022,677
2014A4PS0202H,2014,377
2015B4TS0894H,2015,419
2008A7TS0767P,2008,230
2005B1TS0709G,2005,136
2015B2PS0647G,2015,423
2022AAPS0831H,2022,662
2014B3TS0498G,2014,388
2021A4TS0479P,2021,638
2013A8PS0739G,2013,371
2004B5TS0368P,2004,116
2007B5PS0588P,2007,177
2017A3PS0844G,2017,458
2006A8TS0894P,2006,151
2019B1TS0738G,2019,519
2012B5TS0943G,2012,342
2015A8PS0526H,2015,417
2022A4TS0005H,2022,657
2020B5PS0407H,2020,550
2015AATS0064G,2015,406
2012B3PS0519H,2012,331
2013A3PS0945H,2013,365
2020A3PS0845G,2020,567
2016A7TS0424H,2016,440
2005A8PS0442H,2005,136
2014A3TS0355P,2014,394
2023A3TS0828P,2023,732
2016B5TS0106G,2016,443
2019B1PS0306H,2019,547
2020AAPS0973G,2020,598
2012B4TS0484G,2012,337
2016A1TS0320G,2016,426
2008A1TS0398H,2008,229
2021A7PS0822G,2021,629
2020A8PS0048G,2020,557
2015A1TS0063P,2015,421
2009AATS0179P,2009,255
2016B5TS0870G,2016,427
2008A7PS0962P,2008,232
2016A1PS0786H,2016,428
2012B2TS0355P,2012,344
2022B3PS0240H,2022,697
2019A1TS0008H,2019,517
2009B5PS0665G,2009,254
2013B3TS0903G,2013,366
2015B4TS0451G,2015,419
2008B2PS0570G,2008,243
2006B4PS0124P,2006,161
2005A7PS0382P,2005,132
2012A7PS0756P,2012,328
2014B1PS0296G,2014,391
2020B1TS0756H,2020,560
2017A4TS0605G,2017,462
2007B2TS0872G,2007,195
2023A8PS0477G,2023,723
2021A7TS0580P,2021,638
2023B2PS0197G,2023,724
2004B1TS0810P,2004,124
2024B1PS0637H,2024,801
2014B3PS0998G,2014,393
2022B1PS0971P,2022,699
2020A7PS0764G,2020,591
2022B2PS0867G,2022,675
2014B3PS0977P,2014,382
2011A1TS0655P,2011,304
2020A7PS0092G,2020,565
2018AAPS0628G,2018,495
2021A1TS0210H,2021,616
2013A3TS0976G,2013,361
2010A1PS0142P,2010,289
2010B5TS0138P,2010,294
2009AAPS0198G,2009,258
2005B2TS0790H,2005,139
2014AAPS0206H,2014,395
2024B5PS0191H,2024,770
2014B5PS0935G,2014,390
2019B4TS0624G,2019,532
2022B4TS0340G,2022,680
2024B2TS0479H,2024,759
2005A8TS0336P,2005,125
2016B2PS0932G,2016,433
2007A3PS0083P,2007,198
2006B5TS0964H,2006,174
2017A1PS0421P,2017,461
2021B4PS0485G,2021,632
2021A1TS0109P,2021,641
2019A1TS0521P,2019,510
2005B2PS0848G,2005,130
2010A4PS0492H,2010,286
2018A3TS0618P,2018,485
2023A1TS0128H,2023,705
2009A7TS0914G,2009,264
2012AATS0721G,2012,329
2015A7TS0905P,2015,400
2022AATS0084P,2022,651
2023B3TS0265G,2023,746
2004A7PS0417G,2004,117
2020B2PS0373H,2020,575
2020A1TS0313H,2020,581
2008AAPS0223P,2008,238
2014B5PS0195P,2014,386
2013B2PS0081P,2013,352
2010B5TS0952P,2010,296
2013B4TS0988H,2013,373
2015A1PS0482H,2015,417
2022B4PS0775G,2022,664
2018A8PS0336H,2018,477
2007B5PS0369G,2007,182
2011AAPS0711P,2011,307
2020B1PS0788H,2020,557
2020B1TS0086G,2020,583
2012B1PS0108G,2012,327
2018A3PS0335G,2018,493
2020A4TS0833P,2020,550
2011B3PS0540H,2011,300
2018A7TS0883P,2018,496
2009B4PS0004P,2009,271
2018A3TS0098P,2018,483
2015AAPS0116P,2015,409
2013B3TS0192P,2013,358
2005A8TS0836P,2005,130
2006A8PS0752P,2006,155
2024B2TS0866H,2024,844
2018A7TS0911P,2018,476
2021A7TS0079H,2021,630
2007B4TS0990G,2007,185
2013B3PS0158G,2013,351
2015B5TS0599H,2015,402
2012B1PS0903H,2012,335
2018B3TS0775H,2018,478
2013B3PS0689P,2013,372
2023B2TS0677G,2023,739
2014A4PS0606G,2014,377
2009B2TS0086H,2009,259
2023B1PS0735G,2023,725
2006A8TS0685P,2006,174
2012B3TS0869P,2012,349
2024B1PS0248H,2024,800
2012B1TS0013G,2012,331
2019B4PS0357P,2019,531
2014B5TS0115H,2014,393
2011B4TS0290P,2011,314
2014B2TS0034P,2014,396
2017A1PS0480P,2017,467
2012B3TS0534H,2012,331
2015A3TS0149P,2015,423
2017B1TS0517H,2017,462
2010A3TS0997P,2010,286
2020B3TS0348P,2020,550
2006B4TS0042G,2006,161
2005B2PS0708H,2005,127
2018A4TS0584G,2018,489
2006A4PS0134P,2006,166
2018B4TS0605G,2018,476
2005A8TS0842H,2005,139
2018B4TS0397G,2018,499
2015B1PS0595P,2015,424
2024A4PS0264H,2024,814
2006A3PS0999P,2006,173
2022B5TS0097G,2022,683
2021A4TS0598G,2021,621
2016B1TS0959H,2016,444
2005A1PS0011H,2005,138
2015A8PS0667G,2015,419
2024B5TS0423P,2024,795
2013A1PS0573P,2013,351
2022A8PS0986H,2022,674
2016B2TS0039H,2016,443
2004A4PS0140H,2004,102
2005B5PS0444H,2005,138
2015A4TS0357G,2015,406
2017B1PS0698G,2017,468
2023B1TS0318H,2023,717
2005AAPS0003G,2005,138
2024B2PS0865P,2024,820
2022A7TS0376P,2022,680
2006B5PS0116P,2006,164
2021A4PS0261H,2021,645
2013A7PS0758P,2013,368
2006B5PS0599P,2006,156
2009A8TS0365H,2009,254
2008B5TS0137G,2008,240
2008A4PS0502P,2008,226
2011A8TS0132H,2011,308
2020B2PS0976H,2020,553
2007A8TS0636P,2007,176
2019A3TS0222P,2019,517
2010A4PS0214P,2010,299
2012A7PS0297G,2012,341
2012B5TS0051H,2012,339
2008A7PS0280G,2008,238
2004A4PS0655H,2004,113
2018A7TS0876G,2018,482
2015A8PS0498G,2015,400
2015A3TS0636H,2015,423
2024B5PS0021G,2024,799
2011B4PS0454H,2011,320
2006A3PS0933P,2006,166
2006A7PS0259H,2006,150
2015B4TS0672G,2015,409
2011B3PS0543G,2011,311
2009B1PS0824P,2009,267
2019B1PS0853P,2019,521
2006A3PS0089P,2006,163
2015B5PS0374P,2015,421
2006B5PS0953P,2006,162
2010A1PS0749P,2010,284
2004B5TS0554H,2004,100
2005A4TS0775P,2005,137
2023A3TS0574P,2023,749
2016A7TS0972G,2016,438
2004A8TS0186G,2004,122
2017A8PS0720G,2017,452
2022A8PS0379G,2022,657
2007A4TS0051H,2007,194
2006B3TS0302H,2006,151
2006B1TS0525G,2006,169
2012A8TS0201H,2012,335
2024B3PS0944P,2024,828
2010B2TS0599G,2010,291
2004A1TS0591G,2004,107
2016B4PS0805P,2016,442
2013AATS0033G,2013,372
2004B3TS0910H,2004,117
2023A1TS0009H,2023,719
2021A8TS0556P,2021,649
2014A4PS0474P,2014,386
2016A8PS0840P,2016,432
2008B4PS0551P,2008,226
2009B2TS0052H,2009,265
2021A3TS0476P,2021,641
2014A8TS0916P,2014,379
2023B5PS0554H,2023,720
2004B3PS0693G,2004,107
2010B1TS0750P,2010,277
2006B5PS0393P,2006,157
2012A8TS0626G,2012,348
2023A1TS0875H,2023,721
2023B5TS0515P,2023,704
2015B3TS0134P,2015,412
2016A3PS0046G,2016,442
2020B4PS0221H,2020,576
2013A1TS0716G,2013,370
2009A3TS0562G,2009,257
2017B4TS0060H,2017,451
2020B4TS0955P,2020,584
2017A1PS0860H,2017,454
2017AAPS0295H,2017,462
2024A8PS0540H,2024,808
2024A1TS0636P,2024,759
2016A3PS0292H,2016,446
2011A4PS0542P,2011,313
2017AAPS0245H,2017,469
2015B3TS0948H,2015,417
2023A4TS0812P,2023,749
2013B5TS0631H,2013,354
2018A4PS0758P,2018,480
2013B2PS0845H,2013,368
2013A4PS0020G,2013,361
2010A3TS0595P,2010,294
2020A7PS0766G,2020,597
2004B4PS0111G,2004,108
2008A8TS0220H,2008,237
2012A8PS0447H,2012,336
2020B5PS0473P,2020,563
2022AAPS0473G,2022,688
2006B5TS0529P,2006,174
2011A8TS0416H,2011,318
2015A8TS0904G,2015,403
2016A8PS0723G,2016,449
2008A3TS0376H,2008,241
2021A3TS0392H,2021,628
2014B5PS0177H,2014,377
2012AATS0547P,2012,345
2005A4PS0711P,2005,133
2010A1TS0952G,2010,296
2020A3TS0609P,2020,576
2007B2PS0894G,2007,183
2012B2TS0829P,2012,345
2004B5TS0719H,2004,107
2016B5TS0111H,2016,425
2024B4TS0782H,2024,825
2015A4TS0799P,2015,417
2009B4PS0346G,2009,264
2011A8PS0447G,2011,300
2014B1TS0665H,2014,389
2005B4PS0578P,2005,137
2012AAPS0492G,2012,346
2008A7PS0265P,2008,237
2015A4PS0554P,2015,413
2009AATS0076H,2009,273
2008A7TS0201P,2008,248
2008A7PS0548G,2008,249
2020A4TS0269G,2020,597
2021A7PS0075H,2021,641
2012B3PS0815P,2012,327
2008B5TS0864G,2008,237
2010B5TS0627P,2010,298
2006B2PS0351P,2006,159
2012A8TS0171P,2012,348
2004A8TS0933G,2004,123
2023B2PS0323P,2023,716
2016A8PS0683P,2016,448
2016B2PS0726P,2016,446
2020A1TS0166P,2020,584
2011B3PS0509G,2011,308
2006B4TS0570G,2006,157
2007AATS0927G,2007,194
2011B3PS0493H,2011,319
2008B3TS0893P,2008,231
2016B1TS0131G,2016,444
2008AAPS0672G,2008,232
2019A4PS0686P,2019,505
2010A4PS0500G,2010,289
2022B2PS0262P,2022,691
2009B4TS0106G,2009,255
2004B2PS0380P,2004,107
2006B3PS0706P,2006,162
2019B2PS0288P,2019,504
2016B4PS0344H,2016,432
2023A4PS0204G,2023,710
2019A1TS0618H,2019,540
2015B5TS0230G,2015,411
2006B5PS0850G,2006,171
2012A3TS0149H,2012,327
2020A4PS0022H,2020,570
2015AATS0606P,2015,409
2014A3PS0556P,2014,379
2004B5PS0596P,2004,108
2022A1TS0903P,2022,659
2007A3PS0932G,2007,182
2004B5TS0368H,2004,108
2004A1PS0681H,2004,100
2017B4PS0922H,2017,470
2011A8PS0933G,2011,308
2005B3PS0608G,2005,145
2004A7TS0054G,2004,101
2024AATS0632P,2024,767
2013A8PS0270G,2013,364
2006A8TS0240G,2006,152
2007B1TS0580P,2007,198
2011B3TS0532H,2011,303
2016B1PS0963P,2016,426
2016A8TS0857G,2016,426
2022B1TS0086P,2022,667
2023B2PS0348H,2023,700
2008A7TS0330G,2008,247
2004A3PS0115P,2004,107
2018B4TS0255H,2018,476
2012B4TS0072G,2012,333
2016A4TS0626G,2016,449
2024AAPS0732P,2024,774
2012B4TS0665G,2012,329
2018A1PS0922G,2018,478
2006B3PS0699H,2006,158
2008B5TS0945G,2008,236
2021A8PS0258G,2021,640
2004A4TS0597H,2004,111
2009B4TS0269P,2009,267
2020B1PS0833H,2020,586
2011A7PS0563G,2011,301
2013B1TS0007G,2013,366
2013B1PS0430P,2013,359
2013A1TS0126P,2013,355
2019A4TS0210G,2019,514
2005B3TS0399H,2005,135
2023AAPS0368H,2023,721
2004B1PS0951G,2004,101
2007B1PS0949H,2007,195
2012B5TS0657P,2012,344
2016B4PS0716P,2016,449
2008B1PS0466G,2008,247
2013A8PS0551H,2013,356
2016A4PS0944P,2016,444
2007B2PS0405H,2007,198
2007A3TS0790H,2007,199
2004B4PS0248G,2004,118
2011A8PS0230P,2011,314
2006A3TS0671G,2006,157
2005A3PS0815H,2005,146
2020B2TS0034G,2020,573
2011AAPS0084G,2011,304
2020A4TS0038G,2020,578
2019AAPS0106G,2019,549
2008A7PS0471H,2008,239
2009B4TS0269P,2009,257
2019B1PS0807G,2019,500
2011B3TS0768G,2011,324
2014B1TS0285H,2014,390
2010A7PS0604P,2010,295
2009A4TS0286G,2009,255
2009B2TS0839P,2009,265
2012AAPS0846H,2012,339
2004A1PS0966P,2004,120
2015A1PS0034H,2015,414
2023A4PS0303G,2023,744
2017A8PS0992H,2017,459
2010AATS0934H,2010,278
2022B4PS0564H,2022,694
2004A7PS0348P,2004,111
2017B5PS0922H,2017,452
2008A3PS0370H,2008,239
2016AATS0503G,2016,439
2012A1TS0405G,2012,331
2013A3TS0313G,2013,365
2012B3PS0219P,2012,348
2023B3TS0166P,2023,740
2008A8PS0912G,2008,239
2017A3PS0522H,2017,460
2022A1TS0509P,2022,676
2019A8PS0852P,2019,548
2004A4TS0883G,2004,113
2010B2PS0746H,2010,276
2015A1PS0071P,2015,410
2021B2TS0168P,2021,614
2014B4TS0369G,2014,390
2006B3TS0900G,2006,165
2008B2TS0327H,2008,231
2011A1TS0707P,2011,307
2009B1PS0288G,2009,259
2017B1PS0399G,2017,469
2012A8TS0864G,2012,327
2012B4TS0937P,2012,338
2018B4PS0155G,2018,482
2019B5TS0187P,2019,549
2020B2TS0967H,2020,574
2014B1PS0695G,2014,398
2006B3TS0048H,2006,151
2006B3PS0947G,2006,170
2017B1TS0696P,2017,451
2004A8PS0607G,2004,122
2011A8TS0747H,2011,324
2021A1TS0869P,2021,624
2019A7PS0813P,2019,526
2023B3PS0069H,2023,713
2011AAPS0723H,2011,319
2020A4PS0749H,2020,564
2021A8PS0601G,2021,606
2004A3PS0619P,2004,120
2019B5TS0832G,2019,529
2006B2TS0139P,2006,158
2017B5TS0090H,2017,473
2009A4PS0656P,2009,271
2021A3TS0033G,2021,646
2012A3PS0374G,2012,334
2009A3PS0730P,2009,269
2021B4PS0906P,2021,641
2007B1PS0248H,2007,191
2007B5PS0008P,2007,188
2019B3PS0874G,2019,524
2022B1PS0978H,2022,663
2008B5TS0832P,2008,241
2019A8PS0530P,2019,549
2007B2TS0057H,2007,195
2010B1TS0316P,2010,279
2012A3TS0273H,2012,349
2014B5TS0274G,2014,380
2016B2PS0404P,2016,443
2020B4TS0879P,2020,575
2005B3PS0603H,2005,134
2022B1PS0727P,2022,693
2017A3PS0197H,2017,474
2022B2PS0681G,2022,685
2011AAPS0537P,2011,322
2008A4TS0250H,2008,225
2024B1PS0836G,2024,791
2020AAPS0861G,2020,558
2015B3TS0786H,2015,420
2009A4TS0604P,2009,264
2011B3TS0333P,2011,302
2014A8TS0223H,2014,377
2020B3TS0253G,2020,589
2005B3PS0931P,2005,130
2021AAPS0655P,2021,614
2016B4PS0803P,2016,444
2005B4TS0125H,2005,133
2013B3PS0287P,2013,372
2007A7PS0803G,2007,190
2017B3TS0944P,2017,451
2010B3PS0963G,2010,290
2022B4TS0062P,2022,698
2010A1PS0446P,2010,279
2019A7TS0663G,2019,512
2009B5TS0458H,2009,265
2024A4PS0128P,2024,780
2009B4PS0954P,2009,271
2010B3PS0484H,2010,297
2013B5TS0429G,2013,354
2016B1TS0341P,2016,438
2013A8PS0303G,2013,374
2005B3TS0010G,2005,145
2016A4PS0544H,2016,427
2005A8PS0471G,2005,144
2009A7PS0536G,2009,262
2007B1PS0076H,2007,177
2022A3TS0785H,2022,666
2019B1TS0833G,2019,521
2008A7TS0583G,2008,238
2011A3PS0654G,2011,301
2018A8PS0304H,2018,485
2018A1TS0642P,2018,492
2008A7PS0292P,2008,243
2011B1PS0141H,2011,319
2018A8PS0238G,2018,481
2008AAPS0943P,2008,235
2011A1PS0474H,2011,311
2020B2PS0270P,2020,578
2015B2TS0538G,2015,402
2005AATS0566G,2005,137
2011B4TS0879P,2011,316
2015B2TS0977H,2015,402
2024B2PS0597H,2024,780
2021A4PS0302H,2021,644
2022AATS0162G,2022,668
2020B2PS0836G,2020,582
2018B2PS0341P,2018,481
2014B1TS0600G,2014,396
2007A1PS0829G,2007,191
2017B5TS0355G,2017,467
2021A1TS0530P,2021,642
2016B2PS0204G,2016,447
2024A8TS0099P,2024,772
2017B1TS0469H,2017,462
2018A8TS0141G,2018,499
2004A4PS0809G,2004,123
2016B3TS0922H,2016,446
2022A4TS0816G,2022,657
2014AATS0476P,2014,387
2022A8PS0144H,2022,677
2018A8PS0484H,2018,495
2021A3TS0830G,2021,643
2013AAPS0853G,2013,367
2013AATS0808G,2013,372
2019A7TS0392G,2019,547
2024A3PS0406P,2024,823
2018B5PS0706P,2018,475
2021B1TS0578H,2021,606
2009A8TS0790H,2009,250
2017B5TS0013H,2017,471
2022B1TS0965H,2022,687
2004B4TS0879P,2004,109
2017B2PS0070P,2017,457
2013B5TS0700G,2013,350
2022B1TS0768P,2022,661
2019A1TS0070G,2019,534
2017B5PS0658G,2017,472
2010A8PS0919G,2010,281
2011B2PS0141G,2011,316
2013A4PS0756G,2013,356
2006B5PS0648H,2006,153
2022AAPS0859H,2022,660
2021A1TS0113H,2021,636
2012B3TS0828H,2012,330
2009B1PS0463P,2009,267
2013A4TS0235H,2013,358
2020B4TS0475G,2020,597
2011A7TS0621H,2011,307
2024B2TS0066P,2024,779
2005B1PS0640G,2005,149
2023A8TS0034G,2023,735
2017A4TS0903G,2017,473
2022B5TS0027P,2022,693
2022A1PS0578H,2022,683
2011A1TS0428G,2011,307
2007B2TS0264H,2007,188
2015B4PS0381P,2015,416
2023B2TS0491G,2023,741
2006B3TS0542P,2006,150
2012A1PS0486P,2012,334
2006B4PS0754P,2006,162
2019B5TS0162H,2019,502
2008A4TS0251H,2008,237
2008B2PS0490P,2008,248
2021A4PS0656G,2021,607
2011A3PS0849P,2011,301
2011A4TS0874P,2011,324
2020A8PS0157H,2020,552
2023A3TS0636P,2023,719
2023B5TS0158G,2023,709
2014B4TS0684G,2014,385
2006A3PS0005P,2006,171
2016A8PS0632P,2016,441
2018B2PS0098P,2018,483
2020B4TS0861H,2020,563
2005A4TS0521H,2005,125
2010B2TS0387P,2010,288
2006B3TS0722G,2006,156
2005A3TS0087G,2005,133
2018A3TS0757H,2018,478
2009B5TS0104G,2009,250
2014A1PS0060P,2014,393
2021A7TS0121H,2021,639
2012A8TS0067P,2012,336
2021B4PS0023G,2021,645
2024A7PS0333H,2024,839
2004B3TS0772P,2004,107
2018B2PS0393P,2018,479
2024B3TS0927H,2024,760
2008B5TS0496G,2008,225
2018AATS0119P,2018,484
2005B4TS0163G,2005,126
2022A8TS0536H,2022,699
2014B4PS0867H,2014,395
2007B2PS0031H,2007,197
2008B5PS0164G,2008,234
2006B2PS0485G,2006,150
2010B3TS0489H,2010,295
2007B4PS0734G,2007,195
2008A8TS0089G,2008,230
2016A8PS0635P,2016,431
2020A1PS0028P,2020,571
2019A3TS0038G,2019,525
2019AAPS0472G,2019,534
2007A1PS0901H,2007,178
2004A1PS0538P,2004,100
2014B5TS0848H,2014,395
2012B4TS0933P,2012,343
2012A1PS0708H,2012,343
2024A7TS0544P,2024,805
2019B5TS0803P,2019,548
2022A7TS0917G,2022,661
2024B4PS0002P,2024,849
2004B1PS0930G,2004,115
2020A3PS0038G,2020,580
2009A8TS0702P,2009,273
2008B3PS0820G,2008,242
2022B3PS0779H,2022,653
2023AAPS0091H,2023,707
2023B2TS0839G,2023,745
2018A8PS0450G,2018,480
2010B2PS0314G,2010,276
2021A3PS0098H,2021,644
2012B1PS0107P,2012,345
2017A3PS0844H,2017,469
2017A7TS0617G,2017,450
2008AATS0540H,2008,237
2005B4TS0302P,2005,129
2021B5TS0486P,2021,644
2012A1PS0918H,2012,331
2022B5TS0421G,2022,669
2024A1PS0290H,2024,768
2005A1PS0019P,2005,140
2004A4PS0869G,2004,114
2016A8PS0195P,2016,441
2019A3PS0490G,2019,539
2011A1PS0150H,2011,321
2015A7TS0990G,2015,418
2008B4PS0494H,2008,240
2017A1PS0383H,2017,457
2012B1PS0621H,2012,325
2021A7TS0792G,2021,631
2022B3TS0668H,2022,666
2009A4PS0409G,2009,267
2016A3PS0068P,2016,429
2016B2PS0772G,2016,439
2016B5TS0645G,2016,445
2010A3TS0995H,2010,295
2008AAPS0697P,2008,228
2018B5PS0048G,2018,499
2022A7PS0690G,2022,689
2006B1TS0665G,2006,168
2005A8TS0329G,2005,142
2006B5TS0350G,2006,173
2008A1TS0949P,2008,244
2020A8PS0703H,2020,559
2005A7TS0010P,2005,137
2010A1TS0711G,2010,293
2024B3TS0442G,2024,796
2015A7TS0135G,2015,420
2008AAPS0758P,2008,236
2012A7PS0525P,2012,337
2013A3TS0909H,2013,373
2004B5PS0398G,2004,105
2011B5PS0466G,2011,322
2005AAPS0455H,2005,134
2009B4PS0868P,2009,258
2006B5PS0462P,2006,156
2006B3TS0009H,2006,156
2012A3PS0109H,2012,341
2016B5PS0927G,2016,425
2016B1PS0572G,2016,445
2024A4TS0365H,2024,804
2016B5PS0672P,2016,434
2008B1PS0899G,2008,241
2007A4PS0992G,2007,181
2020A3TS0478P,2020,576
2023B2PS0207H,2023,741
2017B4TS0639H,2017,468
2004A8PS0725P,2004,114
2006A4TS0661G,2006,150
2018A8TS0995P,2018,479
2006A3PS0065G,2006,162
2008B2PS0793G,2008,228
2014A3TS0735H,2014,393
2012B4TS0843H,2012,329
2016B2PS0632P,2016,449
2012A8TS0382H,2012,333
2007A4TS0225H,2007,181
2014B5TS0955H,2014,381
2014A8PS0757G,2014,390
2016B4PS0438H,2016,446
2014A4TS0684G,2014,397
2021A8PS0254H,2021,627
2014B3TS0191P,2014,379
2021AATS0300H,2021,601
2009A4TS0526G,2009,263
2004A7TS0740P,2004,106
2016B5PS0018G,2016,445
2005A7TS0599P,2005,126
2010B3TS0882H,2010,296
2008A1TS0801P,2008,228
2022B5PS0948P,2022,661
2024A4PS0784P,2024,828
2004A1TS0015G,2004,107
2023AAPS0191H,2023,749
2005B3TS0567G,2005,133
2023B1PS0355P,2023,704
2024B1PS0356P,2024,772
2017B3TS0715P,2017,469
2017A4TS0317H,2017,469
2012A4PS0265P,2012,337
2005A1PS0848P,2005,142
2024B2PS0530H,2024,778
2005A3TS0167P,2005,132
2010B1TS0327H,2010,283
2019A1PS0281G,2019,519
2006A3TS0743H,2006,164
2010A4PS0393H,2010,284
2019B1TS0375H,2019,531
2013B2PS0504H,2013,358
2006B3PS0445G,2006,163
2020A1PS0257H,2020,591
2024B3PS0142P,2024,792
2022A8PS0416G,2022,671
2024B1TS0616P,2024,767
2018B2PS0915H,2018,484
2013B5PS0826G,2013,357
2014A7PS0099P,2014,385
2015A3PS0308P,2015,410
2004B4PS0804H,2004,105
2010A1TS0944P,2010,287
2024B2TS0157P,2024,772
2018B5PS0271G,2018,492
2024A3TS0981G,2024,780
2007A3PS0296G,2007,175
2007A3PS0009H,2007,183
2009AAPS0228G,2009,274
2022A1TS0517P,2022,652
2015A8TS0277H,2015,414
2010B3PS0607H,2010,285
2017A1PS0207H,2017,461
2013A1PS0414G,2013,353
2004A7TS0185H,2004,100
2017B5TS0294H,2017,463
2015A3PS0203P,2015,415
2008B2TS0457G,2008,227
2022B1PS0866H,2022,653
2022A7PS0690H,2022,669
2012A4TS0873H,2012,336
2018AATS0848H,2018,495
2004B4TS0563G,2004,122
2008A8TS0201G,2008,235
2016B2PS0257P,2016,436
2011B5PS0548G,2011,314
2024B2PS0765G,2024,824
2009A3PS0868P,2009,266
2011B2TS0285H,2011,315
2015A4PS0914G,2015,415
2021A3PS0257H,2021,601
2019B4TS0153H,2019,544
2018B4PS0531G,2018,475
2023B5TS0674H,2023,723
2010B5PS0390G,2010,276
2014B2PS0029H,2014,387
2004A1PS0611P,2004,112
2010A1TS0162G,2010,282
2016B1PS0998G,2016,426
2020AAPS0668H,2020,593
2016B2PS0943H,2016,449
2022AAPS0645G,2022,684
2012A3PS0066H,2012,329
2023B5TS0847G,2023,724
2007AATS0926G,2007,190
2008A8PS0902P,2008,225
2005A3PS0566H,2005,129
2020A3TS0636P,2020,570
2023B5TS0652G,2023,726
2022A1TS0177P,2022,690
2004B3PS0794H,2004,105
2004A1PS0045H,2004,106
2017A3PS0808H,2017,462
2020B2TS0384H,2020,583
2007A1PS0667H,2007,176
2009AATS0809P,2009,274
2012AATS0363H,2012,327
2022AAPS0748G,2022,659
2012A7PS0455P,2012,334
2018B1PS0923H,2018,484
2008A1TS0571G,2008,248
2006B5TS0035H,2006,158
2008A3TS0447G,2008,242
2021A7TS0053G,2021,607
2006A8TS0606P,2006,153
2015A8TS0318G,2015,423
2017B3PS0420P,2017,451
2006B3TS0153P,2006,160
2019B1PS0248G,2019,537
2021A3TS0856G,2021,630
2023A8PS0134H,2023,726
2016A4TS0153G,2016,437
2008A3PS0256P,2008,247
2019A3PS0384G,2019,535
2008A8PS0598P,2008,235
2004AATS0077P,2004,120
2020AATS0586G,2020,576
2023A3PS0796G,2023,717
2017A3PS0010P,2017,473
2024B4PS0767P,2024,840
2011A4PS0486H,2011,307
2013A8TS0712H,2013,362
2021B2TS0873H,2021,642
2017A4PS0423P,2017,451
2010A3PS0913H,2010,280
2022AAPS0390P,2022,684
2017A3PS0260G,2017,450
2011B3TS0489P,2011,316
2022A4PS0354H,2022,686
2023AATS0851G,2023,748
2022B3TS0710P,2022,685
2007B4TS0829H,2007,193
2021B5TS0114P,2021,623
2011A8TS0062G,2011,323
2023B4TS0428P,2023,722
2005A3TS0829H,2005,139
2006B2TS0280G,2006,167
2013A3TS0625H,2013,365
2011A7TS0280G,2011,313
2010A3PS0320G,2010,293
2022A4PS0540H,2022,671
2011B5PS0772G,2011,316
2007A4TS0290G,2007,175
2022B2TS0265G,2022,683
2021B3PS0435H,2021,614
2018B5TS0816G,2018,499
2021B5PS0044P,2021,628
2008B4PS0200H,2008,230
2013A3TS0277P,2013,350
2023A3PS0824G,2023,743
2010B2PS0386H,2010,281
2007B5PS0912H,2007,183
2019A4PS0879H,2019,518
2013AATS0114H,2013,368
2020A8TS0004H,2020,577
2019B5TS0738H,2019,541
2014B3TS0471G,2014,377
2023AATS0469H,2023,734
2019B1TS0229G,2019,535
2009A1PS0174G,2009,253
2017B3PS0598G,2017,460
2019B2PS0406P,2019,503
2018B4PS0978G,2018,481
2019AATS0281H,2019,533
2016A8PS0949H,2016,434
2005B1PS0119H,2005,129
2008B5TS0725P,2008,233
2018B2PS0548G,2018,497
2020A3PS0725P,2020,565
2009A4PS0335P,2009,254
2013A7PS0698G,2013,351
2019A4PS0977G,2019,520
2004B1TS0377G,2004,120
2022A1PS0174H,2022,660
2009A7PS0315P,2009,266
2007B1TS0249G,2007,177
2012A3PS0675H,2012,341
2011A4TS0043G,2011,309
2015B3TS0459G,2015,419
2008B3PS0550P,2008,230
2009B2PS0755G,2009,270
2019A4PS0236P,2019,544
2006A7TS0845P,2006,162
2016A7TS0026H,2016,427
2018B1TS0733P,2018,490
2008B1TS0334P,2008,236
2011A4PS0508H,2011,308
2019B3PS0821G,2019,539
2023B5PS0469H,2023,732
2004B2TS0432H,2004,105
2008B2PS0914P,2008,230
2018A7PS0502H,2018,477
2010A8PS0559P,2010,275
2005B2TS0029G,2005,145
2021A3PS0695H,2021,626
2021AAPS0095H,2021,635
2022B5PS0921H,2022,658
2005B3TS0593H,2005,138
2022A7PS0239H,2022,672
2022B3PS0262H,2022,678
2004B4TS0862H,2004,112
2015AAPS0145H,2015,409
2011A7TS0920G,2011,322
2014A7TS0030G,2014,397
2012B3TS0182G,2012,340
2007A1PS0708H,2007,176
2015B2PS0604P,2015,416
2013A3PS0346H,2013,364
2024A4TS0564H,2024,751
2014B5TS0294H,2014,378
2017A3PS0392H,2017,458
2012B2TS0843P,2012,343
2007A3TS0478H,2007,197
2022A4PS0598H,2022,673
2011B1TS0568P,2011,305
2011AATS0749H,2011,308
2023B1PS0558H,2023,710
2017B4PS0627G,2017,455
2006A8TS0886G,2006,152
2021B4PS0216H,2021,635
2010A4PS0295H,2010,285
2005A3PS0215H,2005,134
2020B5PS0020P,2020,583
2023B4PS0775H,2023,738
2010B1TS0677H,2010,299
2020B1TS0935H,2020,561
2018B2PS0410H,2018,498
2022B4PS0581P,2022,680
2006B3PS0031H,2006,166
2009A3TS0124G,2009,251
2013B1PS0683H,2013,362
2012A7PS0817G,2012,335
2005B4PS0519H,2005,149
2005A4TS0080P,2005,131
2004A1PS0311H,2004,114
2006B3PS0950H,2006,172
2015A3PS0388H,2015,424
2006A4PS0054P,2006,172
2016B3PS0419G,2016,449
2017B4PS0842P,2017,457
2008B4PS0966P,2008,239
2023A4TS0295H,2023,716
2022A3TS0320H,2022,677
2007B1PS0545G,2007,175
2004B5PS0044G,2004,113
2020B4TS0478H,2020,564
2010A4PS0055P,2010,281
2022A3TS0342H,2022,695
2013B4PS0787G,2013,352
2008B3PS0316G,2008,229
2004A8PS0538G,2004,102
2013AAPS0865H,2013,367
2010A8PS0202P,2010,277
2022AATS0687H,2022,670
2006B5TS0330H,2006,171
2023B2PS0913H,2023,713
2012B1TS0375H,2012,346
2024A8PS0732H,2024,808
2010A7PS0138H,2010,299
2024B3TS0211P,2024,763
2021B4TS0844P,2021,641
2015B3PS0371G,2015,409
2004A3PS0749P,2004,101
2019B1TS0372H,2019,520
2021B3PS0590H,2021,627
2012B3TS0166G,2012,326
2019A4PS0198H,2019,532
2007B5TS0558H,2007,194
2007B4TS0725G,2007,175
2007AAPS0597P,2007,188
2014B5PS0322P,2014,398
2014A8PS0344P,2014,375
2019B3TS0744G,2019,514
2008B3TS0784H,2008,231
2011B1TS0249G,2011,304
2010B2TS0266P,2010,282
2017B1TS0794P,2017,468
2020B2PS0521G,2020,578
2020AATS0033P,2020,580
2023AATS0351H,2023,728
2005A7PS0786P,2005,149
2010A1TS0501G,2010,294
2020B1PS0926H,2020,571
2020B2TS0186H,2020,588
2017A4PS0480P,2017,462
2006A4PS0922P,2006,155
2019B4TS0879G,2019,521
2007B1PS0257P,2007,192
2013A1PS0528H,2013,365
2020AAPS0539H,2020,582
2024A7PS0927H,2024,832
2024A4PS0579H,2024,818
2019A7PS0688P,2019,531
2011A3TS0415P,2011,306
2017A3TS0579H,2017,450
2009B1PS0792H,2009,259
2020A1PS0636H,2020,572
2019A1PS0949H,2019,512
2023A1PS0944H,2023,740
2022A8PS0284H,2022,684
2008B3PS0971P,2008,231
2021A4TS0952G,2021,603
2024A3TS0223G,2024,816
2008A1PS0136P,2008,244
2014A8PS0921P,2014,382
2018B5TS0475G,2018,488
2005B5PS0314H,2005,142
2024A8TS0842H,2024,757
2017A7PS0692G,2017,471
2024B3TS0128H,2024,826
2022B3PS0154G,2022,665
2009B4PS0575P,2009,258
2006A3PS0885H,2006,170
2008B3PS0552P,2008,246
2014A8PS0330H,2014,384
2013A4PS0315G,2013,353
2014AAPS0330H,2014,384
2010A1PS0964P,2010,280
2009B2TS0264G,2009,251
2006B3PS0807P,2006,156
2019A1PS0908P,2019,524
2018B1TS0192G,2018,487
2010B5TS0173H,2010,298
2015AATS0333P,2015,413
2006B1PS0095P,2006,157
2013A4TS0432P,2013,367
2009AATS0615H,2009,255
2021B2PS0859P,2021,639
2023B5TS0329G,2023,704
2016B3PS0151H,2016,434
2022A4TS0076H,2022,678
2008A4PS0254H,2008,249
2019A8TS0399P,2019,526
2021A4PS0483H,2021,600
2024A8TS0658H,2024,804
2017B3TS0988P,2017,470
2008B4PS0591G,2008,244
2019B1TS0293H,2019,508
2015A1PS0784H,2015,402
2010B4PS0733H,2010,282
2016B2TS0764G,2016,443
2019A8TS0262G,2019,530
2007A7TS0775P,2007,183
2018A8TS0863H,2018,498
2012B1TS0822H,2012,334
2017B2PS0219G,2017,466
2024A4PS0568H,2024,809
2011A1TS0497P,2011,316
2014B4TS0024P,2014,387
2008B2TS0228G,2008,236
2012A1TS0805P,2012,342
2020B1PS0031G,2020,590
2007A3PS0628H,2007,181
2018A4PS0357G,2018,477
2014B5TS0782G,2014,387
2018AAPS0281G,2018,477
2006B2PS0954P,2006,155
2020A8TS0338H,2020,573
2016A7TS0789G,2016,435
2021B1PS0260G,2021,621
2021A1TS0483P,2021,640
2018A1PS0204G,2018,479
2020AAPS0598G,2020,557
2014B5TS0809P,2014,385
2024B3PS0932G,2024,818
2013A1PS0261P,2013,364
2017A7TS0703G,2017,467
2023A8TS0269P,2023,743
2006B5TS0050G,2006,165
2010A4TS0457H,2010,282
2019A8PS0534P,2019,525
2011A4PS0511H,2011,320
2021A7PS0701G,2021,628
2023A4TS0960H,2023,706
2010A4PS0376G,2010,277
2023A1PS0635P,2023,710
2022A3PS0062H,2022,688
2022B2TS0714H,2022,696
2024A7PS0164P,2024,782
2009B1PS0303H,2009,274
2022A8TS0507G,2022,654
2014A8PS0452P,2014,397
2011B3PS0429H,2011,323
2017AATS0249G,2017,465
2010A7TS0176P,2010,275
2020AATS0056G,2020,561
2014A1PS0772G,2014,386
2016B4TS0481H,2016,446
2024B5TS0841H,2024,768
2013A8PS0028G,2013,374
2018A8TS0251H,2018,489
2015B1TS0358G,2015,407
2007A8TS0503H,2007,182
2009B1TS0348H,2009,251
2022A4PS0596G,2022,680
2016B4PS0311P,2016,425
2014B1PS0748P,2014,380
2006B2TS0705P,2006,157
2011A1PS0386G,2011,324
2010A3TS0588H,2010,281
2007B3PS0110H,2007,177
2017AATS0879H,2017,457
2010A4TS0769G,2010,294
2004A3PS0566G,2004,119
2020A1PS0891G,2020,579
2012B4TS0585P,2012,338
2019B4TS0587G,2019,526
2009A4PS0403H,2009,274
2012A1TS0237H,2012,338
2013A3PS0675P,2013,353
2019A3PS0813P,2019,523
2016A4TS0731G,2016,441
2014A3PS0838G,2014,384
2006A4PS0067G,2006,152
2018B1PS0827H,2018,490
2022B1PS0849H,2022,682
2015AATS0138G,2015,411
2018A4TS0742P,2018,487
2012B3TS0865P,2012,330
2010A3PS0913P,2010,295
2021A7TS0734H,2021,604
2010A1PS0054P,2010,283
2008AATS0805P,2008,249
2005B4PS0303H,2005,133
2022B3TS0540P,2022,685
2017A4PS0709P,2017,472
2022B4TS0115G,2022,681
2010A3TS0533G,2010,291
2004B4TS0593P,2004,123
2018B2TS0426G,2018,493
2021B5TS0032P,2021,601
2016AATS0757G,2016,444
2016A8TS0859G,2016,432
2024B4TS0089G,2024,813
2017B4TS0468H,2017,467
2015A4TS0600P,2015,417
2010A8PS0707G,2010,287
2007B3TS0892P,2007,197
2006A7TS0234P,2006,153
2013A7PS0449P,2013,350
2014B3TS0746H,2014,390
2006A3TS0246H,2006,170
2008A4PS0237H,2008,242
2013A1PS0461P,2013,374
2004B4PS0665P,2004,104
2004B3TS0869P,2004,102
2011B1TS0057G,2011,306
2013AATS0276P,2013,373
2022B5TS0235H,2022,696
2005A7PS0985H,2005,136
2011A3TS0780G,2011,309
2020A8TS0567H,2020,583
2017B2TS0769H,2017,463
2015B2TS0147G,2015,400
2007A4PS0108P,2007,191
2011A3TS0559P,2011,318
2014A4PS0812G,2014,396
2009A3TS0256G,2009,267
2004A3PS0036G,2004,104
2009B1TS0746G,2009,257
2015AAPS0789P,2015,411
2009A1PS0580P,2009,254
2008A3PS0833G,2008,246
2023A7PS0467G,2023,734
2016AAPS0944P,2016,436
2017B3TS0344G,2017,469
2015A3PS0853G,2015,420
2011A7TS0299H,2011,302
2013B1TS0825G,2013,372
2009B4PS0598G,2009,260
2012AAPS0616P,2012,349
2005A4PS0905H,2005,136
2015A1TS0200G,2015,424
2022B1PS0747H,2022,687
2007A1PS0933H,2007,178
2015A4TS0765P,2015,407
2009A1PS0351P,2009,260
2017A3TS0547H,2017,474
2015A7TS0134H,2015,417
2022A8PS0798H,2022,669
2017A4TS0766G,2017,455
2018A7PS0266P,2018,497
2017A8TS0701P,2017,451
2022A1TS0957P,2022,683
2016A1PS0530P,2016,436
2006AATS0859G,2006,164
2016B3TS0512H,2016,444
2022A8PS0701P,2022,675
2010A1TS0485H,2010,293
2007A4PS0197H,2007,186
2009A4TS0524G,2009,273
2007A1TS0518H,2007,185
2004B5PS0550P,2004,120
2005B4TS0113H,2005,148
2012A4TS0451H,2012,331
2023AAPS0211H,2023,710
2006B5TS0452G,2006,154
2021AATS0876P,2021,626
2008B1TS0120H,2008,234
2019A4PS0574G,2019,532
2011B5PS0821P,2011,305
2007A7TS0854P,2007,188
2013B3PS0830P,2013,362
2012B1TS0560G,2012,338
2023B3TS0169P,2023,742
2014B1PS0490P,2014,385
2020A3PS0063H,2020,597
2013B1PS0357H,2013,356
2022A4PS0889G,2022,688
2004B1PS0755H,2004,108
2005A7TS0049P,2005,126
2012AATS0345G,2012,343
2005A3TS0053P,2005,142
2006A3PS0500P,2006,151
2021B3PS0443H,2021,644
2023B3TS0240H,2023,739
2007B4PS0080P,2007,193
2019A8PS0836P,2019,548
2014A1PS0546G,2014,378
2004A4TS0092G,2004,110
2023B4PS0673G,2023,730
2005A1TS0749P,2005,140
2006A3PS0186P,2006,153
2022B1TS0829H,2022,671
2020B3TS0141P,2020,594
2015AAPS0998G,2015,408
2004A1TS0607H,2004,107
2010B5TS0403H,2010,292
2024B3PS0099P,2024,802
2007B5TS0535P,2007,175
2021A7TS0874H,2021,642
2007A3PS0366G,2007,186
2018B1PS0896H,2018,489
2007A7PS0376G,2007,183
2015A1TS0649G,2015,420
2012A8PS0405H,2012,330
2020B5PS0196G,2020,558
2010AAPS0724P,2010,292
2021AATS0883P,2021,649
2020A7TS0178P,2020,586
2021A7TS0906G,2021,608
2020B3PS0237P,2020,597
2022B3PS0790P,2022,659
2012B5TS0584G,2012,341
2020B5TS0188P,2020,570
2019B5TS0995P,2019,544
2014AAPS0171H,2014,389
2009AATS0986P,2009,268
2010B2PS0563G,2010,295
2005B1PS0587G,2005,147
2013A3PS0195G,2013,363
2024A7PS0529P,2024,836
2009A3PS0634P,2009,259
2021A1TS0850G,2021,633
2010A3PS0981H,2010,294
2012B5PS0002P,2012,334
2009A4PS0916P,2009,250
2011A4PS0041H,2011,306
2011B3PS0249P,2011,300
2010A1PS0459G,2010,280
2009A4PS0365P,2009,269
2023B3TS0461H,2023,746
2005B4TS0890H,2005,144
2024A3TS0317P,2024,846
2014B1PS0913H,2014,388
2021B2PS0074H,2021,608
2021A3PS0832G,2021,624
2017A3PS0688P,2017,468
2016A3PS0390P,2016,448
2022A7PS0724P,2022,675
2012A1TS0073H,2012,329
2007A1TS0212G,2007,190
2005B4TS0543P,2005,138
2005A4PS0744P,2005,137
2015A3PS0671H,2015,411
2017B3PS0886H,2017,459
2024B2TS0482G,2024,754
2007AAPS0256H,2007,176
2014B2PS0158H,2014,391
2013B5TS0167P,2013,360
2019A8PS0490H,2019,524
2022A7PS0756P,2022,658
2007A1TS0093P,2007,194
2016A8PS0359H,2016,447
2004B1PS0338P,2004,117
2016A4PS0642G,2016,446
2015B4PS0635H,2015,407
2020A4PS0090H,2020,571
2020B2PS0172P,2020,551
2017AATS0550G,2017,468
2009A7TS0867G,2009,271
2011B3PS0752H,2011,314
2015B4PS0246H,2015,420
2020B2TS0046H,2020,559
2015B3TS0552G,2015,422
2011A8PS0137G,2011,309
2016A4TS0275G,2016,427
2019A7TS0337P,2019,502
2019A4PS0705H,2019,504
2023A3TS0905P,2023,724
2024A8PS0588G,2024,827
2020A3PS0030H,2020,598
2017A1TS0169P,2017,466
2016B1PS0436G,2016,442
2024A1TS0488P,2024,795
2013A8PS0877G,2013,351
2022B4PS0175G,2022,660
2011B1TS0684H,2011,321
2024B3TS0625H,2024,754
2007B2TS0216H,2007,186
2018B2TS0791H,2018,478
2019B1PS0798G,2019,548
2020A1PS0649P,2020,596
2021A4PS0767H,2021,639
2005A1TS0812G,2005,125
2009A7PS0560G,2009,253
2017AAPS0936P,2017,455
2012A1PS0590H,2012,345
2004A4PS0392G,2004,107
2015B2TS0403P,2015,411
2021B4PS0204H,2021,646
2022A4TS0707G,2022,698
2013A1TS0781P,2013,371
2019B2PS0704P,2019,521
2014A8PS0135P,2014,395
2005A3TS0578G,2005,146
2010A4PS0576H,2010,297
2011A4PS0563G,2011,300
2020A3TS0927H,2020,576
2007A3PS0074P,2007,192
2016B1TS0058P,2016,435
2017A4PS0289G,2017,458
2020AAPS0830H,2020,565
2018B5PS0684G,2018,491
2018B3PS0171G,2018,491
2023B2PS0186G,2023,716
2010A3PS0704H,2010,281
2007B4PS0007P,2007,175
2017A1TS0582G,2017,467
2004B2PS0308P,2004,108
2023B2TS0004H,2023,705
2013A8TS0204P,2013,351
2019A8PS0602G,2019,547
2007B4TS0187P,2007,176
2008B5PS0953P,2008,246
2011B1PS0624P,2011,319
2016A8TS0463G,2016,440
2020A1PS0980H,2020,559
2021A3TS0773P,2021,635
2015A7PS0562P,2015,400
2008A7PS0332H,2008,227
2006A4PS0309H,2006,157
2022B2TS0572G,2022,672
2023A4PS0678G,2023,737
2007A7PS0612P,2007,183
2016B5TS0887P,2016,449
2010B3TS0262G,2010,291
2023A7TS0360H,2023,731
2019A7PS0203H,2019,504
2014A3PS0597P,2014,376
2022B1PS0120P,2022,675
2013B1TS0992H,2013,370
2017AATS0442G,2017,470
2021B3TS0794H,2021,644
2004A8TS0771P,2004,104
2008B3PS0911G,2008,234
2019A3PS0697H,2019,537
2015A7TS0990H,2015,401
2006A1TS0591G,2006,155
2024A3PS0668P,2024,816
2023B4PS0544G,2023,719
2005B3TS0194H,2005,126
2022A4PS0422P,2022,675
2015A4PS0864P,2015,415
2024B3TS0716G,2024,752
2009B3PS0879P,2009,270
2012A1TS0480P,2012,338
2014A1TS0746H,2014,396
2020B2TS0724P,2020,576
2024B5PS0861G,2024,842
2004A8PS0977P,2004,120
2011A7TS0353P,2011,318
2020A4PS0379P,2020,599
2011B4PS0191P,2011,303
2007A3PS0600G,2007,179
2008B4PS0824P,2008,242
2017B4TS0446G,2017,464
2017B1TS0527P,2017,452
2008B3TS0453P,2008,226
2012A4TS0784G,2012,341
2020AATS0770P,2020,584
2014A4TS0027P,2014,399
2004B1TS0843G,2004,115
2016AATS0955G,2016,448
2013AAPS0760G,2013,371
2004B5TS0434G,2004,115
2004B2PS0026P,2004,123
2013AATS0041G,2013,368
2005A7TS0023H,2005,125
2019A8PS0497H,2019,534
2007A3TS0732P,2007,182
2012B5TS0369H,2012,338
2017B2TS0394G,2017,458
2020B2TS0996P,2020,599
2015B2PS0140P,2015,414
2006B2PS0152H,2006,169
2023B1TS0728H,2023,715
2016A4TS0597P,2016,439
2018B1PS0502H,2018,497
2010AAPS0614H,2010,295
2013A3TS0851G,2013,372
2022A4PS0073H,2022,663
2020B4TS0066G,2020,565
2024A7PS0077P,2024,834
2024B2TS0614G,2024,801
2005B1PS0247H,2005,147
2018A8PS0068P,2018,489
2010B3PS0247H,2010,295
2016A3PS0555P,2016,435
2008A1TS0198H,2008,225
2017A1PS0693P,2017,462
2006B4PS0580P,2006,168
2008A4PS0179G,2008,234
2006B2TS0946G,2006,158
2011A8PS0712P,2011,315
2009A8PS0229G,2009,269
2018B5PS0592P,2018,481
2014A3PS0709P,2014,381
2021A4PS0021G,2021,617
2017A3PS0624H,2017,455
2011B5PS0646G,2011,308
2004A7PS0025P,2004,119
2013AAPS0630H,2013,366
2017B5PS0824H,2017,473
2015B5PS0313H,2015,421
2006A8TS0110H,2006,154
2024B3TS0315H,2024,774
2017B5PS0658G,2017,465
2017A7TS0738G,2017,473
2014A3PS0937H,2014,391
2006AATS0342G,2006,161
2011B2TS0725P,2011,323
2014A4PS0838P,2014,381
2006A4TS0636H,2006,174
2019A4PS0821P,2019,532
2022B2PS0811H,2022,682
2019A8PS0722H,2019,543
2009B3TS0733H,2009,270
2013AATS0124G,2013,366
2011A8PS0161H,2011,309
2008B3PS0715G,2008,236
2008B5TS0882G,2008,241
2013B1PS0885P,2013,366
2008B2PS0329H,2008,231
2005A4TS0901P,2005,131
2012B5TS0559H,2012,325
2024B1TS0841P,2024,789
2007A3TS0273P,2007,191
2004B3PS0911G,2004,116
2010B5TS0653G,2010,276
2011B5TS0747G,2011,311
2008A1TS0080H,2008,241
2011B4PS0485H,2011,305
2011B1TS0894H,2011,300
2021AATS0855P,2021,633
2019AATS0914H,2019,524
2012A3PS0082H,2012,337
2017B5PS0469H,2017,464
2006B3TS0166G,2006,171
2018B1TS0763H,2018,477
2014B5PS0922G,2014,390
2008A7TS0993H,2008,236
2007A8PS0841G,2007,183
2018B3PS0396P,2018,484
2008A1TS0329G,2008,241
2011AAPS0248H,2011,308
2017B5TS0736H,2017,463
2016B4TS0564H,2016,433
2023A7TS0742H,2023,732
2013A3PS0201H,2013,360
2020B4TS0136G,2020,591
2020B3TS0409G,2020,584
2023B5TS0526G,2023,731
2012AAPS0086H,2012,336
2018AAPS0008G,2018,495
2020B4TS0704G,2020,555
2015B1PS0583G,2015,412
2007A3TS0288H,2007,184
2005B4PS0168P,2005,146
2021B2TS0431P,2021,638
2004AATS0686H,2004,122
2009B2TS0389G,2009,259
2012A1PS0925H,2012,336
2023B4PS0525H,2023,722
2006B2PS0595G,2006,172
2013B2PS0298P,2013,356
2014B2PS0094H,2014,389
2023B1PS0895H,2023,738
2022A3PS0928P,2022,679
2018B2TS0355G,2018,476
2008B4PS0442G,2008,249
2020B5TS0249G,2020,598
2015B2TS0721H,2015,423
2013B2PS0496H,2013,363
2021A7PS0522P,2021,639
2012AAPS0721P,2012,333
2024A3PS0025H,2024,814
2014B3PS0228H,2014,398
2018A1TS0608G,2018,477
2006A1TS0937P,2006,166
2005A1TS0358G,2005,138
2013A4TS0296H,2013,354
2022A4PS0597H,2022,698
2008B4TS0702H,2008,240
2023B2PS0256P,2023,728
2017A8TS0226H,2017,459
2006A3PS0996H,2006,162
2021B1PS0557H,2021,608
2006B5PS0636P,2006,164
2013B2TS0426H,2013,354
2007B1PS0732H,2007,190
2010A3PS0001H,2010,275
2009A3TS0480H,2009,254
2018AATS0930P,2018,476
2016A8TS0724P,2016,432
2008A4PS0425P,2008,226
2024A1PS0333G,2024,802
2006A4PS0906G,2006,153
2011A1PS0862H,2011,322
2019A7TS0105P,2019,507
2008AAPS0728G,2008,229
2015A3PS0785P,2015,406
2021B4PS0274H,2021,628
2019B4PS0281G,2019,505
2022A4PS0130H,2022,661
2006B3TS0865P,2006,166
2015B4PS0472G,2015,415
2008B5TS0096G,2008,226
2019A8TS0163H,2019,537
2005A4TS0615G,2005,138
2008B1TS0143P,2008,231
2004B5PS0782P,2004,123
2019A4TS0929G,2019,545
2019AAPS0721P,2019,541
2024A3TS0137P,2024,792
2012A3PS0861P,2012,330
2005B3PS0911G,2005,128
2004A8PS0691P,2004,108
2008B1PS0187H,2008,245
2015A8PS0467P,2015,408
2008B5PS0401H,2008,234
2009A7PS0091H,2009,274
2020B4PS0875G,2020,551
2005B2PS0640P,2005,138
2009A4PS0609G,2009,274
2016A4PS0545G,2016,435
2024A8PS0953P,2024,815
2019B2TS0546P,2019,542
2013B4TS0675H,2013,353
2021AATS0147H,2021,604
2024A7PS0111G,2024,799
2004A7TS0730G,2004,108
2017B1TS0279P,2017,471
2011B4PS0599G,2011,301
2014A1TS0210P,2014,386
2013A3PS0785G,2013,352
2014A8TS0729G,2014,390
2020A3PS0609G,2020,584
2019AATS0059G,2019,541
2018B5TS0731G,2018,484
2022A3PS0830H,2022,672
2021A1TS0832H,2021,618
2018B5PS0392H,2018,489
2014B3TS0592G,2014,389
2020A1TS0378G,2020,599
2019B2TS0038H,2019,527
2021A1TS0395H,2021,605
2007A1TS0771H,2007,195
2022B4PS0931P,2022,692
2014B4PS0825P,2014,380
2023A8TS0787P,2023,746
2014A4PS0792P,2014,382
2008B4PS0595H,2008,227
2016A1TS0029H,2016,427
2015AAPS0086P,2015,412
2014A7PS0286G,2014,384
2020B3PS0589P,2020,557
2005A8PS0866H,2005,137
2004AATS0919P,2004,113
2024A4TS0197P,2024,826
2022A8PS0658P,2022,680
2022AATS0560G,2022,666
2012B1TS0258G,2012,325
2021B3TS0651G,2021,621
2009A4PS0500P,2009,269
2004A7TS0417H,2004,120
2010B2TS0534H,2010,299
2016B2PS0519P,2016,445
2007A8TS0571H,2007,196
2007AATS0280P,2007,175
2020B2TS0695G,2020,554
2023B2PS0897H,2023,734
2016B5PS0095P,2016,446
2017A3TS0498H,2017,472
2016A1TS0637G,2016,426
2006AAPS0864P,2006,160
2011A8TS0905H,2011,322
2021B5TS0619G,2021,625
2016B1PS0904P,2016,432
2010AAPS0311P,2010,295
2005B1PS0095G,2005,143
2011B2PS0295G,2011,316
2017B1PS0727H,2017,463
2024A4PS0659P,2024,841
2024A3TS0215P,2024,768
2018B5TS0289H,2018,487
2015A3TS0627P,2015,416
2009A8PS0272H,2009,258
2011A4PS0885G,2011,310
2017A1TS0266G,2017,471
2015B1PS0888H,2015,412
2007A4TS0313G,2007,188
2022B2PS0416H,2022,653
2013A7PS0484P,2013,356
2013B2TS0320G,2013,355
2022A1PS0073H,2022,683
2017B5PS0282G,2017,451
2008B3TS0720G,2008,228
2017A7TS0988H,2017,458
2020B1PS0632G,2020,575
2011A3PS0900P,2011,311
2018B3PS0555G,2018,480
2011B4PS0991P,2011,320
2023A3TS0724G,2023,738
2018B5TS0634G,2018,487
2011A8PS0222H,2011,322
2019B3TS0426H,2019,507
2006A4PS0500G,2006,154
2016B4TS0312H,2016,425
2007AATS0456H,2007,180
2004B1TS0128H,2004,118
2010A4TS0905P,2010,276
2007B5PS0525H,2007,176
2018B1TS0325G,2018,480
2022A4PS0133P,2022,699
2014A4PS0453P,2014,395
2016B2TS0515H,2016,428
2023A7TS0746G,2023,700
2021B1TS0389P,2021,630
2022B4PS0413H,2022,651
2005AATS0360G,2005,148
2006A8PS0800G,2006,164
2015B4TS0536P,2015,419
2024A3TS0131G,2024,811
2018B1PS0467G,2018,492
2017B1TS0693G,2017,452
2018A3PS0543G,2018,497
2014A4PS0928P,2014,375
2016A7TS0236H,2016,439
2019B5PS0812G,2019,529
2012A3PS0652H,2012,345
2023B5PS0151G,2023,721
2021AATS0186H,2021,628
2013A1PS0200P,2013,352
2006A3TS0484G,2006,166
2005B2PS0879P,2005,147
2012B4TS0026G,2012,325
2013A4TS0001G,2013,364
2022B3TS0570P,2022,675
2007B5PS0882G,2007,176
2020AAPS0038G,2020,565
2012B2TS0676P,2012,331
2008B1PS0025H,2008,244
2012A4TS0166P,2012,328
2007A7TS0294H,2007,191
2023B5PS0786H,2023,725
2021B3PS0765H,2021,600
2018A1PS0807G,2018,479
2007B3TS0358H,2007,175
2008B3TS0466P,2008,242
2017B1PS0922G,2017,461
2013B2TS0241H,2013,373
2006A1PS0990P,2006,170
2009B5TS0459H,2009,255
2004AATS0826P,2004,124
2012A1TS0710H,2012,329
2004B2TS0904H,2004,103
2022A4TS0518G,2022,686
2023B5TS0124H,2023,724
2014A7TS0682G,2014,398
2021AAPS0298H,2021,635
2018B4TS0776H,2018,478
2009B4TS0261H,2009,258
2014A4TS0092P,2014,379
2008B2TS0290H,2008,228
2012A4TS0582G,2012,344
2024AATS0390P,2024,790
2021A1PS0649G,2021,636
2016A7TS0496P,2016,447
2016AATS0586G,2016,447
2005A4PS0754G,2005,149
2020A3TS0558H,2020,561
2020A8PS0283H,2020,582
2021AAPS0504P,2021,605
2020A1TS0524H,2020,591
2023A7PS0137G,2023,713
2009B5PS0014G,2009,252
2023A4TS0587P,2023,709
2017B2PS0625G,2017,463
2023AATS0653P,2023,733
2024A1PS0214P,2024,818
2007A7TS0815P,2007,194
2018B1PS0604G,2018,478
2018A8PS0684H,2018,498
2013A7TS0349G,2013,352
2021A3TS0682G,2021,628
2023B1TS0888G,2023,710
2007B1TS0737H,2007,183
2014A8TS0245H,2014,391
2015B4PS0923H,2015,404
2020B5TS0373G,2020,586
2008A4PS0844P,2008,225
2018B4TS0011P,2018,498
2014A7PS0119H,2014,390
2006A3PS0368H,2006,154
2015A3TS0986P,2015,424
2017B2TS0624H,2017,471
2016A1PS0043H,2016,444
2013A1TS0890G,2013,370
2009B4PS0896G,2009,262
2009A8PS0210G,2009,272
2019A7TS0439P,2019,528
2022AATS0128G,2022,687
2017A7TS0160H,2017,461
2015A4PS0368G,2015,417
2004B2TS0497P,2004,124
2005B4PS0965H,2005,147
2023A1PS0967P,2023,743
2016B4PS0003H,2016,439
2020A8PS0478H,2020,570
2021A4PS0670H,2021,627
2016B1PS0774G,2016,430
2007A8TS0483H,2007,183
2011B2PS0828H,2011,302
2017A1PS0227G,2017,453
2008A1PS0274H,2008,236
2019B2PS0320P,2019,533
2015A1TS0724G,2015,424
2014B3PS0463P,2014,383
2010B5TS0760H,2010,275
2013B3TS0341P,2013,356
2019A4PS0315H,2019,541
2012A3PS0874H,2012,332
2021A8TS0216H,2021,648
2017AATS0001G,2017,471
2004AAPS0602H,2004,120
2019A8TS0785H,2019,507
2024B2TS0679P,2024,845
2024A1TS0030H,2024,757
2020B3PS0161P,2020,567
2024B5PS0327G,2024,755
2007B5PS0146P,2007,195
2006B5TS0306P,2006,174
2007A1PS0971H,2007,196
2023B2PS0466H,2023,725
2005A7PS0961P,2005,148
2004B4PS0851G,2004,101
2005A3PS0910P,2005,147
2024AATS0267G,2024,751
2005A8PS0277H,2005,126
2018B2PS0727G,2018,482
2008B3PS0569P,2008,226
2010A4TS0294P,2010,284
2017B1PS0887P,2017,464
2004A1PS0779G,2004,121
2011AAPS0885H,2011,311
2023A1PS0608G,2023,735
2005A1TS0416H,2005,148
2013B3PS0267H,2013,363
2004B4TS0485P,2004,118
2009A3PS0373P,2009,250
2008A1PS0149H,2008,246
2011A1TS0231H,2011,300
2004B5TS0086H,2004,115
2012B1PS0243H,2012,333
2023B1TS0124G,2023,735
2017A3PS0698G,2017,470
2014A3PS0456G,2014,386
2012A1PS0182P,2012,334
2023A3TS0850P,2023,742
2018B1PS0097G,2018,477
2009B2PS0525H,2009,255
2022A4TS0202G,2022,675
2017A7TS0260G,2017,474
2015A4PS0060G,2015,400
2018B4PS0346P,2018,482
2008B5PS0492P,2008,248
2008A3TS0522P,2008,226
2018B4PS0297G,2018,484
2018A7TS0376G,2018,487
2015B3PS0950P,2015,423
2022B5PS0114H,2022,652
2015B5TS0555H,2015,423
2012AAPS0573P,2012,329
2015B4TS0888H,2015,401
2015AAPS0600G,2015,412
2014A7TS0840G,2014,382
2024AAPS0792G,2024,786
2005B2PS0152H,2005,132
2014B1PS0597H,2014,398
2017A7PS0345H,2017,464
2012AATS0600G,2012,334
2010B5PS0090G,2010,295
2013B1PS0897H,2013,362
2010A4PS0765G,2010,299
2024B2PS0954P,2024,751
2024B4TS0843H,2024,805
2017AAPS0505H,2017,455
2011A7TS0940H,2011,313
2004A8TS0646P,2004,108
2019A7TS0839P,2019,532
2005B3PS0690G,2005,145
2023B5PS0167P,2023,731
2012A3TS0011G,2012,328
2017A8TS0625G,2017,457
2024B2PS0677P,2024,833
2006B1PS0198H,2006,173
2009A3PS0998P,2009,269
2021AAPS0439G,2021,647
2013B4PS0641H,2013,366
2023A7PS0297H,2023,737
2021A3TS0141P,2021,635
2022AAPS0156H,2022,680
2018B1TS0193G,2018,475
2005B5TS0478G,2005,139
2009A8PS0884G,2009,261
2009B4PS0604G,2009,268
2010A7TS0059H,2010,275
2006B5PS0098G,2006,164
2007A4PS0023H,2007,189
2010AAPS0758G,2010,281
2016A3TS0502G,2016,428
2011B4PS0385G,2011,305
2019A7TS0233G,2019,546
2014B5TS0776G,2014,395
2011A7PS0425P,2011,304
2019A4TS0301P,2019,537
2009A3PS0388P,2009,258
2014B5PS0238G,2014,378
2018A3PS0585P,2018,484
2020B3TS0129H,2020,587
2005A4TS0644H,2005,138
2019A8PS0784P,2019,545
2015B3TS0704P,2015,403
2013A1PS0809G,2013,368
2015A8TS0539H,2015,401
2019A3PS0503G,2019,533
2013A4TS0058H,2013,371
2019B4TS0622P,2019,519
2020A3PS0313G,2020,585
2013B1PS0402H,2013,366
2006B1PS0606H,2006,157
2019B3TS0178P,2019,538
2018A7TS0867H,2018,486
2009A8TS0236P,2009,251
2020B3TS0700H,2020,554
2021A4TS0277G,2021,621
2012A3PS0416P,2012,342
2009A4TS0225G,2009,272
2017A7TS0780H,2017,451
2017A1PS0712P,2017,458
2008B1TS0675P,2008,230
2008A8PS0833P,2008,229
2005A4PS0374P,2005,138
2023A3TS0332G,2023,726
2013A1PS0320P,2013,366
2024A8TS0876P,2024,778
2017A3TS0534G,2017,466
2023A4TS0050G,2023,731
2011A3TS0375G,2011,317
2018A8TS0939H,2018,496
2007B5PS0398G,2007,184
2023A8TS0545H,2023,749
2007A4PS0416H,2007,178
2014B2TS0695G,2014,396
2013A3PS0792P,2013,360
2014AAPS0105H,2014,375
2012B1PS0794P,2012,336
2010AATS0109H,2010,293
2024A7PS0117H,2024,823
2019B5PS0573P,2019,540
2012A4TS0986H,2012,336
2024AATS0469G,2024,822
2011B1PS0982P,2011,312
2014B2PS0493P,2014,386
2017A3TS0436H,2017,454
2013B1PS0511H,2013,356
2012A3PS0248P,2012,325
2005AAPS0272P,2005,144
2019B1PS0803P,2019,547
2006B4PS0895G,2006,174
2011B1PS0735G,2011,310
2004A3TS0733H,2004,103
2012A7PS0275H,2012,347
2008AATS0323G,2008,229
2006A8PS0133G,2006,162
2004B3TS0847G,2004,102
2015A3TS0248H,2015,421
2015A3PS0126P,2015,423
2010A1TS0089H,2010,276
2023B2PS0647G,2023,722
2017B2TS0256P,2017,453
2022A7TS0568P,2022,663
2013B5TS0866P,2013,352
2019B4PS0802G,2019,537
2011B2PS0196G,2011,309
2009AATS0908H,2009,264
2012B5TS0367H,2012,335
2015A1PS0963P,2015,416
2006B2TS0710G,2006,164
2007B2PS0833P,2007,199
2008A4TS0272P,2008,247
2013A3PS0103G,2013,353
2024A8TS0147G,2024,771
2014B5TS0032P,2014,380
2012B4TS0865H,2012,339
2017A1PS0442H,2017,471
2023A7TS0341H,2023,739
2024A4TS0836G,2024,835
2017A8PS0396P,2017,472
2008A7TS0612P,2008,231
2006A3TS0804G,2006,165
2014A7PS0717P,2014,379
2005A1PS0148P,2005,144
2014B1TS0981P,2014,392
2017A3TS0729H,2017,453
2016A4TS0279H,2016,444
2011B5PS0860H,2011,306
2011A4TS0186H,2011,303
2016B1PS0215G,2016,440
2016A8PS0025P,2016,435
2008A4TS0220G,2008,240
2004A4PS0187P,2004,117
2024B5TS0091P,2024,762
2006AATS0583H,2006,165
2009A3TS0202P,2009,258
2023A3PS0276H,2023,703
2011B3TS0034H,2011,316
2023AAPS0019P,2023,702
2020B1TS0432P,2020,575
2009B2PS0446G,2009,252
2024B2PS0145H,2024,797
2018A1TS0914H,2018,479
2017A8PS0598P,2017,460
2022B1TS0358G,2022,657
2019A1TS0988H,2019,518
2004B5PS0830P,2004,102
2006A4PS0389H,2006,169
2008A1PS0186G,2008,225
2017B1PS0056G,2017,467
2012A1PS0639G,2012,342
2020B1TS0737G,2020,551
2018A4PS0749H,2018,484
2023B4PS0535H,2023,748
2018A8TS0787P,2018,497
2014B3TS0175G,2014,398
2008A4TS0926P,2008,234
2016B4PS0978P,2016,430
2004B3TS0052H,2004,122
2018AAPS0794G,2018,489
2024B3TS0796G,2024,798
2007A3TS0469H,2007,188
2019B4TS0122G,2019,523
2007B5TS0159P,2007,193
2005A8PS0661P,2005,128
2006B4PS0332P,2006,163
2021B4TS0313G,2021,641
2012A7TS0701P,2012,343
2013B3TS0303P,2013,350
2004AATS0881P,2004,123
2005B5TS0758G,2005,145
2017B2PS0670H,2017,462
2022B5TS0478G,2022,679
2023B2PS0404G,2023,740
2018AAPS0748G,2018,482
2009A4TS0786G,2009,256
2011B4TS0902P,2011,310
2008A7PS0306H,2008,225
2016A1TS0953P,2016,430
2017A1TS0972H,2017,469
2009A4TS0880P,2009,268
2018B3TS0145G,2018,479
2019AAPS0362H,2019,500
2009A3PS0571H,2009,272
2017B5TS0721G,2017,454
2009B2PS0552G,2009,262
2015AATS0481G,2015,413
2012B5TS0708H,2012,338
2022A8TS0566P,2022,659
2005B2PS0542G,2005,144
2004A1PS0735G,2004,108
2010A3TS0531G,2010,289
2010B2PS0044P,2010,297
2014A8TS0711G,2014,391
2016A1PS0054H,2016,441
2020A7TS0042P,2020,581
2012B5PS0002H,2012,330
2015A1PS0911G,2015,423
2013AATS0398P,2013,362
2013A4PS0835G,2013,355
2005B2TS0312H,2005,127
2015A1TS0395H,2015,419
2013A3PS0158G,2013,351
2009AATS0553G,2009,262
2009AAPS0023G,2009,252
2005B3TS0197H,2005,127
2015B4PS0337P,2015,409
2018A1PS0228G,2018,480
2019A7TS0312H,2019,546
2020B3TS0317G,2020,570
2013B4PS0592H,2013,351
2012A7TS0840P,2012,338
2006A7TS0124H,2006,151
2024A7TS0472G,2024,842
2018B1TS0214P,2018,476
2019B4PS0861G,2019,524
2006A7PS0189G,2006,152
2020A8PS0817P,2020,554
2024B4PS0492P,2024,834
2016A7PS0892G,2016,429
2011A7PS0309H,2011,309
2015A8TS0449H,2015,408
2010B3PS0606G,2010,295
2007A1PS0707P,2007,180
2013B1TS0528H,2013,365
2023A7PS0012G,2023,745
2024A1TS0984P,2024,831
2020A1PS0426P,2020,596
2004A1TS0644G,2004,121
2010A3PS0913P,2010,298
2008A3PS0112P,2008,245
2024A8TS0359P,2024,848
2020B2TS0168P,2020,554
2012A8TS0889G,2012,327
2019B3PS0580H,2019,501
2020B1PS0147H,2020,570
2011A8TS0109P,2011,324
2006A1TS0440G,2006,152
2016A8TS0883H,2016,428
2010B3PS0255P,2010,296
2006B1TS0897G,2006,154
2015A1TS0873G,2015,423
2022B3PS0892G,2022,690
2020AATS0695P,2020,595
2004B3PS0674G,2004,119
2006A8TS0317H,2006,154
2016B3PS0461P,2016,430
2015B5PS0167G,2015,401
2014A4TS0880P,2014,384
2013B1PS0770G,2013,355
2011A4TS0989H,2011,307
2004B3TS0367G,2004,109
2024AAPS0697H,2024,785
2010A7TS0197P,2010,294
2007B1TS0443G,2007,189
2018A7TS0797P,2018,495
2011AAPS0244H,2011,314
2019B2TS0212P,2019,539
2008B5TS0641P,2008,235
2021B2TS0377P,2021,619
2010A7PS0440H,2010,275
2024B4PS0942P,2024,796
2005A8TS0798H,2005,137
2007B5TS0238P,2007,199
2004A7TS0868H,2004,111
2011AATS0298P,2011,324
2004A4TS0011P,2004,118
2012B5TS0472G,2012,329
2005A8TS0712G,2005,134
2021A8TS0058H,2021,649
2006A3PS0109P,2006,170
2022A8PS0373H,2022,685
2024A8PS0026G,2024,823
2004B5PS0578H,2004,112
2022B3TS0581G,2022,658
2023A8TS0930P,2023,732
2008A8TS0929G,2008,249
2005A3TS0176G,2005,147
2011A3PS0460G,2011,301
2018A4TS0469H,2018,486
2011A3TS0906H,2011,309
2005A4TS0173H,2005,131
2021B1TS0221G,2021,613
2010B4PS0784G,2010,285
2020A7TS0316H,2020,582
2018B4PS0702P,2018,485
2018A7PS0407P,2018,493
2004AATS0513H,2004,102
2015A4PS0617H,2015,413
2017A8TS0445H,2017,456
2020A3TS0606G,2020,583
2021B5TS0581G,2021,600
2011AAPS0940G,2011,304
2015A4PS0796H,2015,406
2023B4TS0757G,2023,703
2011A3TS0484H,2011,308
2019B1TS0889P,2019,506
2020A1TS0100P,2020,569
2009A1TS0529P,2009,273
2011A7PS0622P,2011,316
2013A7TS0483P,2013,351
2010B4PS0656H,2010,285
2016B4PS0263P,2016,431
2006A4TS0510G,2006,161
2013A3PS0279H,2013,353
2018B4PS0863P,2018,479
2010A4TS0973P,2010,280
2020B4TS0178G,2020,569
2008A3PS0645P,2008,226
2015A7PS0999H,2015,403
2021B5TS0818H,2021,645
2015AAPS0823P,2015,400
2016B5PS0922P,2016,437
2010A1PS0305H,2010,297
2019B2PS0949P,2019,500
2008B2TS0487H,2008,225
2004A8PS0925H,2004,123
2013B2TS0395G,2013,364
2004AATS0201P,2004,106
2004AAPS0445H,2004,115
2006A8TS0357H,2006,169
2008B1PS0935G,2008,240
2010B1PS0781G,2010,280
2005B2TS0147G,2005,126
2015A3TS0718P,2015,401
2022A8TS0709H,2022,656
2021A1PS0837H,2021,635
2009A3PS0801H,2009,251
2005B3PS0318H,2005,127
2004A1PS0872P,2004,117
2013A1PS0595P,2013,362
2015A3TS0565P,2015,421
2005A3PS0620P,2005,128
2024B3TS0053G,2024,840
2008A7TS0714H,2008,229
2019A3PS0811H,2019,537
2016A1TS0334P,2016,447
2006A4PS0235G,2006,170
2004B2PS0136P,2004,117
2021B2PS0394G,2021,638
2011A1TS0819H,2011,300
2024B3PS0995G,2024,769
2006A3TS0277G,2006,170
2018B5TS0468G,2018,492
2020B4PS0011G,2020,553
2017B2PS0654H,2017,453
2010B2TS0777P,2010,297
2008B3TS0436P,2008,243
2021A8TS0215G,2021,649
2019A7PS0605P,2019,523
2008AATS0230P,2008,226
2013B1TS0743G,2013,360
2005AATS0795H,2005,139
2024B4PS0237H,2024,773
2017A4PS0400G,2017,457
2024B3TS0249G,2024,768
2016B1PS0805P,2016,434
2008AAPS0150H,2008,245
2016B4TS0321G,2016,437
2017B4PS0540P,2017,474
2006A8TS0760H,2006,173
2016A4TS0935P,2016,448
2017B2TS0084H,2017,463
2011B4PS0220G,2011,323
2009B1PS0631P,2009,250
2017B2TS0784H,2017,467
2015B3PS0555G,2015,424
2016A8PS0161H,2016,430
2017B3TS0279P,2017,462
2023B2TS0506H,2023,734
2005B1PS0757P,2005,133
2020B2PS0378H,2020,592
2024B5TS0849G,2024,793
2013B1TS0306P,2013,371
2016A4PS0870G,2016,439
2022A4TS0036P,2022,673
2019B4PS0396P,2019,536
2013A1PS0862P,2013,350
2017B5TS0145H,2017,472
2018B4TS0762H,2018,488
2016B2TS0398G,2016,429
2013A7TS0773P,2013,350
2005A3PS0921P,2005,132
2013B4PS0197P,2013,350
2010A8PS0311H,2010,278
2014B5TS0478G,2014,381
2021A7PS0780P,2021,641
2004B4PS0965P,2004,109
2013B1PS0732P,2013,352
2018A4PS0907P,2018,478
2005A7TS0362G,2005,144
2018B2PS0378H,2018,499
2006B4PS0628H,2006,151
2022AAPS0027H,2022,675
2009B4PS0885G,2009,252
2022B2PS0862H,2022,688
2019A7TS0333H,2019,508
2007A3TS0481G,2007,175
2011B2PS0917H,2011,313
2012B2TS0141H,2012,347
2019A3TS0901P,2019,520
2023B1PS0886P,2023,736
2007B1PS0916P,2007,188
2012B5TS0576G,2012,342
2012A7TS0010G,2012,329
2020A4PS0372P,2020,580
2006AATS0243G,2006,169
2007B5PS0543G,2007,193
2020B4PS0649H,2020,590
2023B1PS0815H,2023,718
2021B4TS0527P,2021,602
2008B5PS0973P,2008,231
2010B3TS0227H,2010,283
2005B4PS0723P,2005,138
2018B3TS0886G,2018,477
2018AATS0351H,2018,481
2005A1TS0508G,2005,125
2008B3PS0593G,2008,245
2012A3PS0890G,2012,325
2020A4TS0513P,2020,553
2007AATS0533H,2007,191
2021A8PS0922H,2021,608
2012B4TS0589P,2012,347
2008A7PS0244P,2008,248
2006B1PS0462G,2006,158
2005B2PS0668G,2005,138
2006AATS0194G,2006,167
2020A7PS0198G,2020,592
2013A7PS0735P,2013,364
2015B3PS0134G,2015,407
2004A4PS0819G,2004,105
2019A4TS0553H,2019,517
2005A7PS0881G,2005,134
2006AATS0091G,2006,164
2023B4PS0359H,2023,729
2020A1TS0194P,2020,593
2016A4TS0858H,2016,445
2022B1PS0327P,2022,652
2022AAPS0374P,2022,658
2009A4PS0437P,2009,264
2019B2TS0965G,2019,503
2020A8PS0319P,2020,597
2010A1TS0998G,2010,295
2010A3TS0349H,2010,276
2024B1TS0298H,2024,805
2023AATS0585P,2023,707
2006B4PS0796P,2006,157
2012B1PS0712H,2012,332
2011A3PS0672H,2011,315
2009A4TS0130H,2009,254
2010AATS0544H,2010,294
2016A8TS0020G,2016,441
2009B4PS0217P,2009,250
2018AATS0653G,2018,481
2013AAPS0419G,2013,364
2009B4PS0712H,2009,260
2009B5PS0364H,2009,274
2022B2TS0563H,2022,669
2015A1TS0132H,2015,424
2006B2TS0890H,2006,171
2020B5PS0792H,2020,576
2021B3PS0300P,2021,638
2005B4TS0798H,2005,135
2011A3PS0656P,2011,314
2005A8PS0075H,2005,142
2019A8PS0987P,2019,511
2024B1PS0816G,2024,769
2015A8PS0402G,2015,414
2019AATS0591H,2019,517
2021B5TS0364G,2021,606
2019B4PS0894G,2019,516
2019B1TS0873G,2019,537
2011B5TS0046H,2011,312
2020A3TS0741G,2020,599
2007B4PS0428P,2007,198
2012A3TS0618G,2012,346
2019A4TS0096G,2019,507
2007A3PS0475H,2007,185
2005A3PS0826G,2005,147
2019A4TS0304P,2019,544
2009B4PS0637G,2009,263
2019B2TS0050G,2019,542
2013B1TS0684H,2013,351
2009A4TS0951P,2009,267
2009A3PS0335P,2009,271
2012A1TS0156H,2012,327
2007A1PS0065P,2007,176
2011A8PS0250G,2011,307
2013A7TS0759G,2013,366
2004A3TS0394P,2004,101
2011B3PS0726H,2011,316
2005A4PS0953H,2005,143
2013A4PS0972H,2013,364
2007A8TS0628G,2007,180
2013A7TS0194H,2013,351
2015AATS0529H,2015,400
2019A8TS0549P,2019,511
2018B5TS0559H,2018,480
2024A7TS0889P,2024,833
2013A8PS0896H,2013,364
2021B2PS0603G,2021,608
2005B5PS0691H,2005,129
2021A1PS0403G,2021,640
2019A8PS0357H,2019,512
2014AAPS0852H,2014,381
2022B1PS0132H,2022,653
2009B2PS0324G,2009,256
2011A1PS0732H,2011,323
2013B4PS0840H,2013,373
2021A1PS0578H,2021,604
2024A7PS0413G,2024,774
2012B2TS0307G,2012,349
2020B2PS0240H,2020,597
2015A4PS0841G,2015,406
2021B3TS0855H,2021,613
2023A8PS0039P,2023,713
2024A8TS0176P,2024,752
2017A3TS0639P,2017,456
2021B4TS0568H,2021,639
2020A8PS0288P,2020,589
2011B5TS0963G,2011,314
2005B2PS0063P,2005,147
2016A8TS0259H,2016,439
2022B2PS0395G,2022,699
2013B3TS0295P,2013,353
2022A1TS0125G,2022,691
2016B3TS0312H,2016,443
2021B3PS0625P,2021,609
2020B3PS0311H,2020,587
2024AAPS0851H,2024,832
2004B2PS0486H,2004,118
2018AAPS0814P,2018,479
2021B4PS0811G,2021,637
2022B1PS0490P,2022,686
2023B5PS0317P,2023,744
2015A3PS0137H,2015,404
2017B2PS0898P,2017,471
2005A8PS0299G,2005,130
2013A4PS0874P,2013,373
2021A8TS0568P,2021,601
2009A4PS0678H,2009,264
2015B4TS0542G,2015,412
2017B2PS0973P,2017,467
2022A7TS0304P,2022,681
2016A3TS0344P,2016,437
2020B4TS0883P,2020,565
2010A8TS0497H,2010,287
2015B2TS0638P,2015,413
2007A8PS0894G,2007,177
2012A7PS0670H,2012,349
2013B2TS0246H,2013,367
2024A7PS0188P,2024,807
2015B3TS0371H,2015,409
2014B1PS0058G,2014,390
2021A8TS0707H,2021,614
2011B1PS0616P,2011,308
2018B2PS0363P,2018,486
2004A3TS0490G,2004,124
2021B4PS0614H,2021,610
2006A4TS0543H,2006,163
2009A8TS0340G,2009,259
2015B1PS0630P,2015,415
2013B4PS0579P,2013,363
2020B2TS0855G,2020,550
2009B3TS0249H,2009,271
2015A8PS0281H,2015,418
2013B3TS0783P,2013,359
2017A1TS0418P,2017,457
2011B5PS0556G,2011,305
2015B4PS0773P,2015,403
2019A8PS0417H,2019,513
2010A4PS0141H,2010,293
2021AAPS0123H,2021,601
2016A3TS0560P,2016,446
2013B5PS0071H,2013,354
2014B4TS0233H,2014,383
2009A7TS0731G,2009,273
2024A4PS0253P,2024,828
2024A8TS0251G,2024,818
2007A3PS0445H,2007,183
2012A7TS0578H,2012,341
2004A1PS0572H,2004,118
2024B3TS0007P,2024,847
2022B1PS0042H,2022,669
2010B5TS0464G,2010,279
2011B2PS0002P,2011,302
2009B5PS0749P,2009,255
2021B5TS0054H,2021,605
2015B5TS0495H,2015,414
2013B4PS0824H,2013,360
2015B2TS0570G,2015,413
2009B2PS0295H,2009,258
2007B5TS0748G,2007,178
2019B3PS0207G,2019,528
2018A4TS0213P,2018,489
2022A4TS0926H,2022,676
2020B4TS0792P,2020,572
2022A8PS0319G,2022,656
2014B5TS0401H,2014,389
2015A1PS0066P,2015,420
2022B5TS0385G,2022,674
2020A7PS0605G,2020,597
2016AAPS0416P,2016,427
2015B3TS0277H,2015,410
2014A3PS0785G,2014,397
2020B3PS0176G,2020,571
2007B4PS0448H,2007,189
2019A4PS0911H,2019,528
2024A7PS0100G,2024,792
2020A7TS0829H,2020,565
2008A8PS0566H,2008,239
2007B5TS0544G,2007,179
2024A3TS0657H,2024,791
2009B4TS0941G,2009,258
2017A7PS0350H,2017,459
2005A8TS0627G,2005,149
2022B1PS0970G,2022,678
2019A7PS0862G,2019,508
2024A8TS0236P,2024,816
2017A4TS0016G,2017,465
2018B3PS0357H,2018,487
2015A7TS0398H,2015,400
2017B4PS0408H,2017,450
2022A7TS0233P,2022,669
2023AAPS0227G,2023,700
2018A8TS0803H,2018,481
2015B4TS0812P,2015,422
2011A1TS0534G,2011,304
2006A4PS0476H,2006,162
2016B2TS0956H,2016,437
2009B1TS0662P,2009,272
2024B2TS0941H,2024,800
2011A7TS0848P,2011,303
2019B3PS0170G,2019,529
2021A4TS0807G,2021,648
2008B2PS0417H,2008,242
2010AAPS0277P,2010,299
2007A3TS0393P,2007,175
2015B3PS0752H,2015,417
2010AAPS0117P,2010,297
2023A3TS0381P,2023,715
2012B3TS0667H,2012,335
2012B1TS0423H,2012,342
2022B2TS0237H,2022,676
2021B5PS0381G,2021,638
2022B1PS0454G,2022,672
2012A3PS0849H,2012,328
2009A3PS0370H,2009,262
2006B4PS0341P,2006,155
2015A3TS0630H,2015,400
2013A7PS0760P,2013,364
2019B5TS0324H,2019,525
2024B2PS0962G,2024,806
2021A1TS0205G,2021,628
2009A3PS0280P,2009,263
2005B2TS0166G,2005,144
2006A1TS0359P,2006,165
2012A8PS0077G,2012,339
2007AAPS0637H,2007,184
2021B3PS0153P,2021,639
2018A1PS0375H,2018,483
2018B2TS0320H,2018,486
2007A7PS0148H,2007,189
2005B1TS0889P,2005,138
2014B4TS0476P,2014,387
2007A3PS0559H,2007,181
2019A1TS0164H,2019,528
2023A3TS0294P,2023,704
2008B4PS0906G,2008,227
2005B2PS0325P,2005,143
2019A7PS0569P,2019,532
2024B3PS0983G,2024,810
2017B5TS0780G,2017,460
2007A8TS0233P,2007,184
2017A1TS0084G,2017,474
2013A4PS0415G,2013,362
2023A4PS0260G,2023,736
2008B5PS0381G,2008,235
2023A8PS0869G,2023,744
2013B5TS0829H,2013,358
2024A8PS0031G,2024,757
2005A1TS0273G,2005,144
2021B5PS0289P,2021,645
2006A8TS0994G,2006,166
2007A4TS0121H,2007,199
2009A3PS0046H,2009,266
2017A7TS0981G,2017,466
2020B2TS0005P,2020,569
2016B1TS0782H,2016,433
2021AAPS0790P,2021,622
2024B1TS0091G,2024,762
2023A8PS0616P,2023,702
2023B5TS0762G,2023,718
2024B3TS0113P,2024,763
2024A7PS0656G,2024,812
2010AAPS0665H,2010,280
2008B4TS0340P,2008,236
2006B5PS0388G,2006,155
2011B4PS0258H,2011,314
2005A8PS0297H,2005,147
2015A1TS0748G,2015,414
2015AATS0153P,2015,418
2020B5TS0712G,2020,559
2015A8TS0085G,2015,414
2024A7TS0777H,2024,814
2008AAPS0642H,2008,236
2011B5PS0383P,2011,316
2007AATS0231H,2007,187
2011A1PS0662H,2011,314
2021B1TS0707G,2021,642
2010B4TS0446H,2010,275
2023A3PS0126P,2023,746
2008B1TS0540G,2008,237
2019B4PS0819G,2019,510
2004B4TS0288P,2004,100
2023A4TS0317P,2023,744
2017A7PS0186P,2017,458
2008A8TS0046G,2008,229
2017B4TS0149P,2017,460
2012B1TS0718P,2012,335
2005A3TS0789G,2005,125
2022B4TS0902P,2022,673
2021AATS0882G,2021,645
2008B4TS0923G,2008,246
2007B1PS0275G,2007,193
2005A1TS0855G,2005,146
2019B2PS0675G,2019,507
2012A7TS0332H,2012,334
2014B3PS0899P,2014,387
2006A1TS0872H,2006,153
2022B5TS0259G,2022,675
2018B4TS0147G,2018,482
2005A3TS0768G,2005,136
2007A4PS0358P,2007,193
2016B3TS0131G,2016,434
2006A1PS0392H,2006,164
2020A1PS0291P,2020,564
2020AATS0900H,2020,599
2017B2TS0199P,2017,462
2009A1PS0337G,2009,266
2005AATS0538P,2005,128
2020A4TS0617P,2020,579
2018A7PS0170H,2018,480
2017A3PS0712H,2017,460
2014B2PS0417H,2014,375
2011B5PS0601P,2011,321
2021A3TS0479H,2021,609
2021B5TS0253P,2021,628
2006B3PS0941P,2006,165
2010A3TS0741P,2010,276
2015A4TS0540H,2015,417
2014A8PS0729H,2014,384
2013B1TS0051P,2013,366
2018A4TS0519P,2018,475
2019A7TS0911G,2019,529
2008A8PS0037G,2008,227
2018A3TS0663H,2018,481
2005A3TS0404H,2005,139
2016B2TS0546G,2016,444
2012A8TS0622G,2012,325
2022A1PS0197P,2022,652
2012B5TS0948G,2012,336
2010B4PS0452P,2010,295
2021AAPS0697H,2021,608
2011A4PS0021H,2011,302
2023A3PS0534P,2023,712
2016A4PS0760P,2016,435
2016A7PS0075H,2016,433
2021A1TS0867G,2021,607
2012A1TS0986H,2012,337
2012A7TS0737P,2012,334
2020B3PS0815P,2020,582
2012A8PS0176P,2012,349
2020B4TS0767P,2020,553
2010A1TS0062H,2010,296
2020A3TS0053G,2020,588
2021B4TS0010H,2021,606
2020A1PS0491G,2020,554
2019A4PS0721H,2019,530
2012B5PS0641H,2012,340
2022A4TS0165G,2022,690
2010A7PS0909G,2010,279
2015B3PS0635H,2015,411
2022A3PS0124P,2022,669
2018B3PS0368H,2018,493
2016A3PS0700G,2016,448
2021B3PS0860H,2021,600
2007A8TS0842H,2007,178
2004AATS0083P,2004,105
2007B2TS0189G,2007,179
2021B5PS0341G,2021,629
2020A8PS0615P,2020,562
2008A3TS0580H,2008,241
2018A3TS0913G,2018,482
2006B5PS0841G,2006,169
2021A8PS0177G,2021,610
2014A3TS0493G,2014,388
2011B1PS0057H,2011,312
2009AATS0279H,2009,253
2005B2PS0305H,2005,143
2012A7TS0815H,2012,348
2023B4TS0811H,2023,708
2013B2PS0014H,2013,353
2007A7PS0449P,2007,185
2017AAPS0363H,2017,456
2019A8TS0215P,2019,504
2004B4PS0457P,2004,104
2006B3TS0294P,2006,165
2024B5PS0354H,2024,799
2005A3PS0703G,2005,136
2018B5TS0734H,2018,498
2016AAPS0909H,2016,426
2006B4PS0258G,2006,171
2017A7TS0654G,2017,450
2014B2PS0240H,2014,375
2006B5TS0765G,2006,160
2009A7TS0398P,2009,255
2011B4PS0695P,2011,300
2005A8PS0485G,2005,139
2015B2PS0950H,2015,400
2019A8PS0687G,2019,542
2023A4TS0456H,2023,706
2006A8PS0024G,2006,162
2005AAPS0822G,2005,125
2014B2TS0582P,2014,376
2017AATS0107H,2017,472
2024B5PS0307P,2024,846
2007AAPS0427G,2007,186
2009A3TS0456P,2009,261
2018B2PS0729G,2018,483
2022A1PS0546H,2022,672
2012A8TS0805P,2012,336
2006A8TS0112G,2006,174
2022A7TS0173P,2022,675
2024B5TS0409G,2024,783
2019A7PS0641P,2019,500
2004B2TS0390H,2004,122
2010AATS0368H,2010,295
2009AATS0600H,2009,270
2024A8PS0916P,2024,774
2006A3PS0450P,2006,154
2019A8PS0470H,2019,549
2017A7TS0850G,2017,455
2024A1TS0122P,2024,763
2011A3TS0380H,2011,314
2012B1TS0768G,2012,328
2004B3TS0636H,2004,103
2014AATS0096G,2014,396
2008A7PS0253H,2008,230
2005A3TS0903G,2005,129
2006B4TS0245G,2006,151
2008B5TS0093H,2008,241
2009A3TS0670H,2009,270
2022AATS0632G,2022,679
2024B4TS0613P,2024,757
2008B3TS0579H,2008,244
2015A4TS0799P,2015,408
2013A7TS0707H,2013,363
2004A3PS0488G,2004,112
2022A1TS0702P,2022,650
2006B1PS0875P,2006,170
2007B4TS0620G,2007,186
2018A3TS0203G,2018,486
2014B5TS0187P,2014,395
2008A3TS0255P,2008,231
2011A4TS0124H,2011,323
2013A7TS0870G,2013,362
2004B2TS0384G,2004,114
2004A8TS0523H,2004,117
2016A3PS0674G,2016,449
2015A3PS0091G,2015,404
2004B3TS0127H,2004,116
2022B2TS0461H,2022,697
2023B1PS0409H,2023,702
2008B5PS0461H,2008,236
2007B4TS0815G,2007,186
2008A3TS0070H,2008,226
2017B2PS0565P,2017,466
2020AAPS0475P,2020,580
2006A8PS0654H,2006,152
2024B1PS0661P,2024,783
2010B2TS0958G,2010,288
2021B5TS0426G,2021,627
2015A7PS0328P,2015,421
2014A8PS0702G,2014,393
2014B3TS0717G,2014,392
2004B3TS0220G,2004,109
2007B4PS0132H,2007,195
2013A8TS0494G,2013,367
2012B4TS0977H,2012,342
2009B3TS0379P,2009,258
2021A1PS0912H,2021,625
2005A8PS0886H,2005,139
2013B1PS0703G,2013,365
2005B4PS0552G,2005,125
2011A4PS0370G,2011,319
2019B4PS0890H,2019,517
2017A7PS0646P,2017,456
2018AAPS0196H,2018,489
2024A7PS0771G,2024,771
2022B4PS0731P,2022,671
2024B4PS0816H,2024,766
2007A3TS0478H,2007,182
2006B5PS0657G,2006,168
2010A8TS0717H,2010,298
2020B3PS0633P,2020,597
2017B5PS0456G,2017,468
2017AAPS0081P,2017,469
2021A7PS0104H,2021,609
2009A7PS0812H,2009,265
2017A7PS0925G,2017,452
2004B5TS0320G,2004,123
2016B5TS0284H,2016,437
2019A7TS0242P,2019,542
2014A4TS0063P,2014,398
2023AAPS0312G,2023,706
2006A3PS0659P,2006,169
2004AAPS0524G,2004,107
2004B5TS0203G,2004,113
2022A8TS0435G,2022,662
2007AAPS0314P,2007,175
2019B3TS0218H,2019,527
2010A3PS0212H,2010,298
2007B1TS0859G,2007,176
2023B1TS0233H,2023,732
2004A3TS0101P,2004,109
2018B4PS0003H,2018,492
2020B4TS0080H,2020,593
2021B4TS0945G,2021,616
2012B2TS0172H,2012,339
2020A1TS0067P,2020,563
2011A7PS0958H,2011,323
2015A1TS0281H,2015,417
2013A1PS0713H,2013,354
2015B4TS0708G,2015,406
2024A1PS0295H,2024,788
2021A3PS0593H,2021,631
2019A8PS0400G,2019,523
2017B2TS0541P,2017,456
2015B4TS0240G,2015,418
2011A7PS0807H,2011,317
2011B1TS0555G,2011,318
2005A7PS0999P,2005,131
2022A7PS0550G,2022,673
2005A8TS0437P,2005,138
2013B1TS0288H,2013,363
2015B2TS0497P,2015,400
2018B5PS0793H,2018,484
2015A7PS0811P,2015,415
2012A4TS0045P,2012,347
2012A4PS0617P,2012,331
2011A7PS0551G,2011,310
2005A4TS0768H,2005,129
2020B4PS0130H,2020,585
2009A1TS0895H,2009,273
2019A4PS0039H,2019,545
2020AATS0588P,2020,567
2008B1PS0759H,2008,228
2008A8TS0102P,2008,240
2008A1PS0236P,2008,231
2008AAPS0816G,2008,226
2022B1TS0666H,2022,688
2019B2PS0214P,2019,500
2023A7TS0684P,2023,732
2018A4TS0899G,2018,475
2021B2PS0997P,2021,622
2023A3PS0593P,2023,717
2024B4PS0391H,2024,764
2008A1PS0828P,2008,247
2009B2PS0350P,2009,261
2024B5PS0120H,2024,829
2024AATS0213G,2024,831
2021B2TS0092H,2021,643
2005B3PS0050H,2005,144
2011B4PS0712G,2011,309
2020B5TS0181H,2020,587
2020A3PS0412H,2020,569
2013A1PS0142P,2013,357
2019A1TS0698P,2019,510
2014B4PS0156H,2014,378
2012A1PS0671H,2012,335
2022A7TS0689G,2022,674
2015A4TS0372G,2015,408
2008B4PS0015H,2008,231
2019B5TS0515P,2019,519
2017B3TS0500H,2017,456
2021B3PS0181P,2021,642
2015A7TS0599H,2015,411
2023B5PS0995G,2023,704
2019A3TS0813H,2019,535
2012A8PS0978H,2012,327
2008A8TS0759P,2008,238
2024A3PS0659H,2024,763
2024B4TS0744H,2024,798
2021A7TS0575G,2021,609
2007B5TS0916P,2007,178
2018B2TS0656G,2018,478
2009A8PS0704G,2009,251
2024B1PS0381P,2024,820
2022A8TS0826H,2022,652
2015A7TS0685P,2015,411
2009A8TS0182G,2009,267
2010B2TS0891G,2010,291
2021B5PS0468G,2021,615
2010A3PS0742H,2010,298
2022A4PS0158H,2022,679
2008AATS0240G,2008,228
2024A1PS0665P,2024,766
2023AAPS0636P,2023,707
2005A3PS0037H,2005,127
2019B5TS0582H,2019,508
2009A8PS0070P,2009,270
2017A1TS0193G,2017,462
2010A8PS0399G,2010,282
2019B4TS0422G,2019,524
2019A7TS0221H,2019,548
2015AAPS0675P,2015,415
2012B3TS0710H,2012,343
2010A7PS0567H,2010,299
2008A3TS0864G,2008,230
2011A7PS0029H,2011,303
2016B1PS0698G,2016,427
2004A3TS0508G,2004,107
2023AATS0089P,2023,735
2022B3TS0422H,2022,674
2013AAPS0031H,2013,372
2011AAPS0893G,2011,315
2020A4PS0839P,2020,588
2018B2TS0277H,2018,483
2009A4TS0654G,2009,274
2007B2TS0793P,2007,186
2017B2PS0250P,2017,468
2009A8PS0832P,2009,266
2021B5PS0735H,2021,642
2019AAPS0855G,2019,529
2020A3TS0554G,2020,593
2011B3TS0889P,2011,303
2021B5PS0864H,2021,614
2015A4TS0522G,2015,406
2008B1TS0316H,2008,227
2024A1TS0270G,2024,842
2017B1TS0043H,2017,463
2006A1PS0013H,2006,161
2024B3PS0731H,2024,809
2015B3TS0484H,2015,411
2006AATS0135G,2006,151
2014AAPS0900G,2014,377
2020B3TS0363H,2020,550
2021B1TS0994H,2021,627
2013A7PS0269G,2013,356
2011AATS0999G,2011,316
2020B5TS0850H,2020,584
2019AATS0548P,2019,514
2011AAPS0362G,2011,313
2012A7TS0905G,2012,345
2012A1PS0142G,2012,333
2009AATS0447P,2009,272
2024B4PS0965G,2024,828
2006B2TS0884H,2006,159
2018B2PS0905H,2018,486
2010B4PS0586G,2010,292
2014A1TS0955G,2014,380
2006B5TS0461H,2006,156
2021A7TS0720P,2021,615
2009B5PS0502H,2009,254
2021B5TS0670G,2021,647
2015B2PS0627P,2015,411
2017AAPS0483P,2017,452
2017A7TS0579H,2017,463
2018B1PS0365G,2018,497
2010B1PS0139H,2010,289
2014B5PS0824P,2014,394
2011A7PS0647H,2011,306
2019A7PS0895G,2019,523
2007A1PS0278H,2007,181
2015B4PS0536G,2015,402
2004B3TS0262G,2004,111
2023AAPS0712P,2023,738
2009B4TS0030G,2009,260
2010A4TS0695P,2010,277
2017A3TS0164P,2017,468
2004A1PS0321H,2004,121
2010B1TS0494H,2010,299
2005A1PS0505H,2005,126
2019A4TS0270G,2019,529
2012B5TS0375H,2012,328
2024AAPS0765H,2024,824
2009B4TS0832G,2009,260
2018B4TS0753P,2018,485
2011A3TS0916G,2011,303
2019B3PS0825G,2019,532
2011A7TS0109P,2011,322
2015A1PS0952H,2015,423
2016A7TS0824G,2016,446
2024B5PS0408P,2024,766
2018B3TS0263G,2018,479
2021A1TS0655P,2021,629
2009A7TS0112H,2009,265
2017B1TS0477G,2017,452
2005A1TS0231P,2005,137
2014B2PS0680P,2014,396
2013B5PS0175H,2013,366
2009B2PS0037G,2009,251
2005B4TS0343G,2005,146
2014AATS0601H,2014,387
2013B3TS0646H,2013,367
2006B3TS0939H,2006,166
2009A4TS0447P,2009,263
2021A1PS0032P,2021,601
2014AAPS0323G,2014,387
2022B1TS0686G,2022,673
2012A4TS0024G,2012,341
2006AAPS0538P,2006,166
2009B2PS0613P,2009,273
2022B1PS0709G,2022,652
2022B3TS0793P,2022,675
2010A3TS0235G,2010,299
2023B4TS0173P,2023,717
2022B2PS0192H,2022,697
2024AATS0595G,2024,840
2012B1PS0233H,2012,339
2004AATS0542G,2004,114
2005B3TS0161P,2005,144
2016B4PS0626H,2016,432
2008A3PS0043H,2008,232
2014B4TS0555G,2014,378
2015A4TS0451H,2015,412
2012AATS0074G,2012,327
2021B2TS0733P,2021,608
2011AAPS0762P,2011,303
2006A1TS0616G,2006,153
2007B3TS0282G,2007,175
2013B4TS0299G,2013,364
2008B4TS0623H,2008,246
2023A4PS0718P,2023,701
2009B4TS0036P,2009,254
2007A3PS0895P,2007,176
2015B3TS0771G,2015,406
2009B5TS0023P,2009,260
2021B4TS0948P,2021,616
2007A7PS0948H,2007,183
2019A7TS0614H,2019,538
2010A1PS0156G,2010,277
2006A4TS0385H,2006,150
2007B5TS0177H,2007,177
2012A4TS0857P,2012,333
2016A3PS0697H,2016,449
2005B5PS0093G,2005,139
2012A1PS0537H,2012,329
2011B3PS0421G,2011,311
2010A7PS0145G,2010,281
2009B5TS0183H,2009,271
2016B2TS0214G,2016,432
2019A8PS0471P,2019,508
2011B4PS0069P,2011,315
2016A8PS0498G,2016,443
2021A8PS0262H,2021,644
2012B4PS0279H,2012,341
2004B4PS0840H,2004,113
2007B5TS0915H,2007,181
2014AATS0382P,2014,390
2012A8TS0704P,2012,335
2013B4TS0512H,2013,364
2023B1TS0713P,2023,731
2008A7PS0846G,2008,225
2013B4PS0839P,2013,371
2020A8PS0813P,2020,592
2019B4PS0851H,2019,525
2004B3PS0549G,2004,103
2007A7TS0104H,2007,191
2017B1TS0177H,2017,474
2019A8PS0727P,2019,544
2008B2PS0841P,2008,249
2005B1PS0929G,2005,133
2020B5PS0581G,2020,554
2020B2TS0158G,2020,572
2012A7PS0285H,2012,337
2008A1TS0841H,2008,247
2005A4TS0069H,2005,132
2008A4TS0991P,2008,247
2010A3TS0357G,2010,284
2018AATS0685H,2018,497
2010AATS0008H,2010,295
2019B2TS0066P,2019,513
2012B3TS0938P,2012,335
2022A1PS0229H,2022,664
2008A4PS0806G,2008,247
2024A3PS0273H,2024,833
2011A4TS0634G,2011,323
2014AAPS0963H,2014,385
2008B4PS0695P,2008,247
2011AATS0640G,2011,321
2021B2TS0895H,2021,642
2016B4TS0484P,2016,429
2018B2PS0768G,2018,475
2006B5PS0718H,2006,166
2020B1TS0163G,2020,557
2006B2PS0678G,2006,150
2019B1TS0392P,2019,527
2010AATS0076G,2010,287
2005B4TS0559G,2005,130
2018B5PS0224G,2018,494
2023A4PS0684H,2023,722
2013A8PS0595H,2013,358
2024A3PS0823G,2024,820
2019B2TS0830P,2019,532
2021A3PS0552H,2021,605
2009A7TS0555H,2009,262
2019B1TS0654G,2019,536
2015B1PS0516P,2015,411
2019A8TS0431G,2019,547
2017A8PS0096P,2017,461
2016B3PS0964H,2016,427
2008A8PS0243P,2008,233
2007A4TS0188G,2007,191
2013A8TS0074P,2013,372
2005A3TS0283P,2005,131
2021A7TS0942P,2021,614
2020A1PS0126H,2020,556
2016A4PS0557P,2016,441
2014B3PS0528H,2014,376
2009A8PS0771P,2009,262
2009B1TS0010P,2009,262
2013A3TS0428H,2013,374
2011A1PS0690G,2011,318
2024A8TS0790P,2024,835
2010B4TS0725H,2010,299
2008B3TS0841P,2008,249
2008A8TS0281G,2008,233
2022A7PS0966G,2022,673
2009B5TS0848G,2009,274
2020B4PS0692H,2020,552
2011A7TS0934P,2011,322
2009B2PS0265P,2009,259
2018A8PS0929H,2018,489
2011B5PS0170G,2011,320
2007B1TS0723G,2007,183
2012B3TS0211P,2012,336
2015B1PS0273P,2015,418
2015A7PS0298H,2015,404
2006AATS0137G,2006,174
2017A1TS0075H,2017,453
2016B5TS0710P,2016,440
2022B1TS0701H,2022,679
2019AAPS0326H,2019,533
2019B4PS0315G,2019,521
2013AATS0435H,2013,367
2023A4PS0795H,2023,740
2012AAPS0639P,2012,337
2008A1TS0241P,2008,247
2019A1PS0180G,2019,544
2005B2TS0942H,2005,129
2012B1TS0567P,2012,331
2006A3PS0580H,2006,150
2004B3PS0410P,2004,120
2015AAPS0867H,2015,421
2018B5PS0588H,2018,492
2022B1PS0686G,2022,687
2018B1PS0184H,2018,492
2010A7PS0503H,2010,283
2007A7TS0862G,2007,192
2013A7PS0451P,2013,370
2024B2PS0497H,2024,835
2009B2PS0623P,2009,251
2021A1PS0139H,2021,607
2024AAPS0434H,2024,833
2009A8PS0970G,2009,250
2008B5PS0548G,2008,234
2007A7PS0410P,2007,191
2017B3TS0783H,2017,465
2004B3PS0722G,2004,100
2007A7PS0731H,2007,190
2006B3TS0933H,2006,160
2019B4TS0789H,2019,528
2014A8TS0027P,2014,376
2021A1PS0878P,2021,637
2017B4PS0129H,2017,470
2019B5PS0307G,2019,540
2015B4TS0558H,2015,423
2007A4PS0657H,2007,187
2008A1TS0516G,2008,226
2015B4TS0115P,2015,417
2004B5TS0813G,2004,115
2004B2TS0685P,2004,101
2016B1PS0477P,2016,438
2021A7TS0226G,2021,603
2011B2PS0313G,2011,305
2024B5TS0917P,2024,775
2004B4TS0575H,2004,114
2013A1PS0983H,2013,364
2021AATS0158G,2021,605
2021A7TS0235G,2021,647
2012B3PS0079P,2012,342
2018A3PS0607G,2018,476
2020A1TS0732H,2020,576
2013A4PS0688G,2013,370
2019A3TS0690P,2019,525
2014B1TS0401G,2014,383
2015B1PS0446G,2015,420
2017A7TS0670G,2017,457
2008A3TS0515H,2008,230
2006B3TS0635P,2006,152
2004B2PS0969G,2004,123
2009A3TS0315H,2009,255
2022B5PS0627P,2022,659
2010A4PS0372H,2010,298
2021A3PS0703G,2021,601
2009A3PS0712P,2009,263
2016A1TS0076G,2016,449
2011B5PS0894G,2011,320
2020A8PS0034P,2020,588
2010AATS0604G,2010,282
2017AATS0973P,2017,451
2007B3PS0969H,2007,181
2011B2PS0315P,2011,300
2013A3TS0223H,2013,356
2019B3TS0122G,2019,543
2006A1TS0737G,2006,153
2005A1TS0371H,2005,130
2013A1PS0143H,2013,353
2004AAPS0084H,2004,102
2023A8PS0350P,2023,744
2006B4TS0442P,2006,155
2013A7TS0922G,2013,372
2023AATS0212H,2023,741
2016B3PS0596H,2016,440
2023B5TS0197H,2023,733
2009A1PS0969H,2009,256
2008A3PS0043H,2008,249
2004B4TS0235H,2004,111
2005B2TS0146H,2005,144
2013A8PS0846G,2013,354
2022B5TS0747H,2022,682
2022A1TS0433P,2022,671
2011A8PS0335P,2011,323
2007B4TS0734G,2007,189
2017A1PS0346P,2017,455
2023B4PS0342G,2023,749
2017B2TS0455H,2017,462
2008A7PS0261P,2008,236
2011B1TS0357P,2011,319
2010B2TS0134H,2010,290
2010A3PS0035H,2010,294
2006A1PS0179P,2006,158
2022A3PS0108P,2022,696
2017B3TS0304P,2017,460
2013B3PS0983P,2013,365
2006B4TS0978H,2006,172
2008B5PS0385H,2008,232
2013B5TS0705G,2013,353
2009AAPS0942G,2009,262
2009B4TS0519P,2009,272
2004A8PS0189H,2004,111
2006A3TS0237H,2006,160
2022B2PS0806P,2022,667
2012B5TS0167G,2012,325
2021B3TS0250P,2021,636
2014B5PS0345P,2014,386
2024B3TS0650G,2024,780
2024A1PS0642H,2024,839
2019B1TS0587P,2019,509
2017A7TS0792H,2017,452
2018B4PS0765P,2018,489
2014B2PS0143H,2014,397
2008B5PS0058P,2008,232
2022B1TS0693H,2022,693
2017B2PS0990G,2017,469
2014A8TS0859H,2014,380
2004B1PS0924G,2004,113
2021B5TS0730P,2021,614
2018A4PS0116P,2018,488
2013B5TS0355P,2013,359
2020A8PS0933P,2020,562
2017B5TS0391P,2017,472
2021A3TS0999G,2021,614
2015A4PS0046H,2015,419
2024B2TS0887P,2024,827
2019A4PS0823G,2019,513
2007B1PS0043H,2007,178
2020A3PS0039H,2020,582
2014A3PS0894P,2014,392
2012A4TS0548P,2012,326
2018A8TS0226G,2018,483
2010A8TS0389H,2010,285
2011A4TS0172H,2011,302
2009B2PS0714H,2009,262
2013A4TS0719P,2013,358
2009B5TS0120P,2009,264
2020AAPS0614G,2020,559
2023B4PS0227P,2023,718
2015B3TS0299G,2015,421
2018A1TS0464G,2018,475
2018B5TS0564P,2018,492
2004A7TS0240H,2004,111
2008B5TS0909P,2008,237
2007A7TS0471H,2007,183
2018A3PS0952G,2018,479
2020A7PS0711H,2020,584
2011B1PS0684H,2011,308
2018AAPS0237G,2018,476
2004AAPS0501H,2004,117
2021B1TS0417H,2021,609
2014A7TS0358G,2014,385
2023B4PS0681P,2023,710
2014AATS0296H,2014,397
2005B5TS0738G,2005,145
2017B2PS0389P,2017,469
2013A8PS0383G,2013,364
2014B3PS0203G,2014,397
2008A3TS0646P,2008,229
2008B3PS0925H,2008,233
2024A3TS0514G,2024,778
2013B2PS0212H,2013,351
2021B2TS0568G,2021,607
2008A1PS0447H,2008,243
2019B5PS0263P,2019,534
2011A3PS0279G,2011,302
2013B1TS0835H,2013,365
2020A4TS0944H,2020,589
2010A4PS0689G,2010,288
2010A8TS0317P,2010,286
2022B5PS0141G,2022,654
2016B1TS0227H,2016,447
2015B5PS0329G,2015,414
2004A3PS0913G,2004,119
2006B2TS0139H,2006,168
2005B5TS0846G,2005,140
2017B3TS0671G,2017,460
2018A3TS0784G,2018,485
2005B1TS0363G,2005,130
2022B5PS0772P,2022,690
2007A1TS0075G,2007,183
2016A8PS0678H,2016,431
2023B5PS0959G,2023,709
2017AAPS0889P,2017,472
2023A3TS0055P,2023,705
2021A8PS0185G,2021,605
2010B3PS0753H,2010,291
2015B4PS0565H,2015,411
2014A8PS0251P,2014,386
2010B2TS0451P,2010,278
2020B5PS0983G,2020,591
2022B5TS0590H,2022,668
2024B2PS0655P,2024,837
2024A4PS0681H,2024,841
2023AAPS0499G,2023,716
2015B3TS0744G,2015,413
2014B3PS0342H,2014,385
2009B5PS0161P,2009,268
2019B3PS0155H,2019,546
2005A7PS0546G,2005,126
2022A8PS0813H,2022,681
2005A8TS0156P,2005,135
2019A4PS0192H,2019,508
2022B1TS0564H,2022,671
2017A7PS0350P,2017,472
2012B1TS0467G,2012,345
2007A1PS0556P,2007,180
2013B2PS0797G,2013,350
2008A3TS0060H,2008,237
2012B4TS0658H,2012,344
2014A8PS0373G,2014,386
2007B1TS0229H,2007,183
2018B4TS0174H,2018,496
2004A4PS0843P,2004,114
2021A7PS0555P,2021,621
2014B2PS0017H,2014,388
2022B3TS0470G,2022,681
2022A8PS0190H,2022,667
2008B3TS0196G,2008,232
2010A1PS0233G,2010,297
2018A3PS0826H,2018,490
2006A3TS0428P,2006,167
2020B3TS0095G,2020,594
2020A7PS0684P,2020,588
2020A1TS0500G,2020,579
2012A4TS0906H,2012,338
2023A4TS0312G,2023,745
2010A1TS0450P,2010,294
2018A7TS0913G,2018,481
2006B3TS0470P,2006,166
2014B5TS0686P,2014,397
2012B2TS0801H,2012,326
2009B5PS0508H,2009,272
2006B2PS0002P,2006,170
2019A1PS0053G,2019,514
2018B1TS0241G,2018,493
2004B1TS0222P,2004,118
2018A1TS0233H,2018,495
2016B1TS0995H,2016,442
2011B3PS0125G,2011,307
2023AATS0641H,2023,704
2024B4TS0566P,2024,848
2017AATS0086G,2017,472
2009B3TS0553H,2009,273
2008AAPS0600H,2008,249
2016A4TS0170G,2016,432
2007B4PS0526H,2007,185
2022A7TS0684H,2022,667
2024B2PS0932P,2024,763
2014B4TS0069G,2014,387
2010B5TS0219P,2010,295
2024A3TS0319G,2024,770
2011A3TS0647P,2011,318
2016B4PS0045H,2016,448
2012A4TS0651H,2012,348
2005A7TS0140H,2005,133
2024B4PS0828G,2024,778
2019AATS0470P,2019,536
2012A7PS0013P,2012,329
2011A7TS0567H,2011,319
2023B4PS0556P,2023,707
2009B5PS0030P,2009,262
2009B4PS0863H,2009,252
2019B1TS0050G,2019,546
2024A1PS0860H,2024,832
2019AATS0234G,2019,502
2012B3TS0077P,2012,333
2016A8PS0551H,2016,441
2015A7PS0772G,2015,406
2013AAPS0711P,2013,370
2008B4PS0507H,2008,237
2007A8PS0622P,2007,188
2016A1PS0064P,2016,436
2012AATS0575H,2012,332
2010A3PS0862H,2010,297
2017A1TS0900H,2017,459
2017B2TS0771G,2017,457
2004A8PS0374H,2004,108
2015B3TS0313H,2015,418
2005A7PS0789H,2005,125
2011B4PS0700P,2011,308
2019A7PS0034H,2019,523
2024A1TS0635P,2024,784
2013A7PS0574H,2013,353
2007A1PS0846H,2007,188
2015B3PS0645H,2015,421
2008A4TS0416H,2008,245
2023A3TS0900G,2023,709
2006A3TS0123G,2006,161
2005B3PS0816H,2005,126
2005B4PS0885G,2005,137
2020A1TS0494H,2020,569
2022A1PS0414G,2022,686
2008AAPS0702H,2008,238
2019A7PS0466G,2019,508
2009A4PS0445P,2009,257
2014A4TS0389G,2014,387
2015B2TS0942H,2015,407
2005A7TS0232G,2005,145
2020A7TS0069H,2020,563
2016A1PS0892G,2016,429
2013A8TS0064H,2013,354
2004B5PS0056G,2004,121
2019A3PS0110G,2019,525
2015A1TS0735H,2015,417
2005B4PS0992H,2005,145
2006B1TS0477G,2006,170
2016B3PS0838G,2016,432
2022B4PS0852P,2022,698
2022A1PS0440G,2022,686
2023A3TS0397G,2023,736
2021A4PS0752H,2021,611
2024B2PS0646H,2024,798
2018B2PS0503G,2018,482
2016A1TS0566H,2016,447
2022A4PS0886P,2022,694
2004A8TS0240G,2004,109
2014B3TS0328P,2014,377
2007AAPS0482G,2007,181
2018B4PS0393G,2018,478
2005B4TS0932G,2005,132
2021A1TS0288H,2021,645
2024B1TS0728H,2024,758
2024B4TS0616H,2024,764
2005A3PS0683G,2005,125
2024B2PS0278H,2024,790
2020A4TS0170H,2020,576
2014A3TS0836H,2014,387
2018A7PS0848P,2018,481
2006B1TS0926P,2006,172
2021A8TS0205P,2021,633
2014B4TS0772G,2014,397
2005B2PS0927H,2005,139
2012A1TS0419P,2012,347
2011A4PS0912H,2011,308
2008A4TS0472H,2008,225
2007A3TS0311P,2007,193
2020B4TS0086H,2020,571
2006A7PS0884H,2006,166
2004A7TS0227H,2004,108
2019B3TS0676H,2019,527
2011A7TS0653P,2011,310
2018A4PS0981G,2018,491
2006B3PS0986G,2006,165
2019B4PS0216P,2019,504
2011B3TS0985G,2011,319
2014B4TS0681P,2014,393
2019AATS0851G,2019,530
2011A1PS0155P,2011,302
2020B1TS0508G,2020,574
2012B4PS0634H,2012,325
2019B2TS0094P,2019,500
2024B1TS0986P,2024,801
2006B2TS0128H,2006,151
2020A4PS0377G,2020,589
2009A8PS0196G,2009,255
2009A7PS0444P,2009,268
2012A1TS0352G,2012,339
2008B4TS0473H,2008,239
2010A3TS0774H,2010,275
2022B4TS0470P,2022,695
2006B2TS0574G,2006,151
2008B4TS0210P,2008,243
2015B3TS0961P,2015,403
2013B5TS0763G,2013,358
2024B2PS0324P,2024,763
2004B2PS0585P,2004,111
2012A4TS0227H,2012,325
2006A1TS0809H,2006,164
2005B1PS0684P,2005,147
2009A7PS0210H,2009,264
2007A3TS0658P,2007,188
2009A4PS0305P,2009,270
2013A8TS0324G,2013,351
2008B1PS0790P,2008,238
2009B1PS0626P,2009,263
2021B4PS0668P,2021,643
2012A1PS0800H,2012,348
2011B5PS0150P,2011,313
2016B3TS0527G,2016,436
2019AATS0486H,2019,536
2004B4PS0396P,2004,115
2015B3TS0467P,2015,424
2004B2TS0723G,2004,122
2005A4TS0120G,2005,145
2023A7TS0079P,2023,700
2021A3PS0222H,2021,607
2023A4PS0245H,2023,704
2018A4PS0469P,2018,482
2018B1TS0921H,2018,480
2006B4PS0096G,2006,160
2010B4TS0984G,2010,299
2019A4TS0350G,2019,503
2007A8PS0465H,2007,194
2021B5PS0071G,2021,625
2008B2PS0538G,2008,247
2015AAPS0066H,2015,422
2011B1TS0621G,2011,301
2020A7TS0089P,2020,560
2006B5TS0433G,2006,169
2015A8TS0568P,2015,420
2024AATS0494G,2024,797
2013AAPS0677H,2013,363
2007A1PS0493P,2007,176
2008A8TS0668G,2008,238
2019A1TS0951P,2019,517
2010AATS0868P,2010,278
2023B2PS0839G,2023,714
2015A1PS0878G,2015,413
2023A1TS0395P,2023,714
2009A7TS0015G,2009,261
2015B2TS0749P,2015,422
2016B4TS0120P,2016,436
2017A1TS0154P,2017,462
2024A1PS0590P,2024,762
2019A4PS0814G,2019,509
2021A1TS0109H,2021,631
2011A8PS0421H,2011,308
2014AATS0170P,2014,382
2010AATS0968G,2010,292
2011A8PS0578H,2011,315
2021A1TS0113H,2021,624
2013B4PS0058P,2013,353
2006B4PS0090H,2006,158
2023A1TS0387P,2023,747
2019A8TS0246H,2019,523
2006A3PS0332H,2006,158
2012AAPS0047G,2012,339
2020A8PS0080G,2020,575
2014B5PS0047G,2014,386
2024A7TS0990P,2024,833
2024B4PS0540P,2024,801
2024A3TS0455P,2024,847
2013A8TS0262G,2013,362
2020A4PS0568P,2020,561
2005A8TS0153H,2005,127
2014B4PS0086G,2014,389
2010B2TS0694G,2010,289
2023AAPS0703P,2023,707
2008B1TS0993G,2008,230
2017A1PS0012G,2017,456
2021B5PS0508G,2021,610
2016A7TS0300H,2016,431
2005B5TS0418P,2005,128
2014A7PS0702G,2014,396
2005B1TS0061P,2005,127
2019B3PS0898P,2019,539
2017B1TS0744H,2017,455
2012B4TS0876P,2012,328
2021B3PS0977G,2021,614
2008AATS0005G,2008,247
2008B4PS0086P,2008,243
2019B3TS0478P,2019,505
2004AATS0931P,2004,113
2014B4PS0921H,2014,387
2010B4TS0052P,2010,287
2005B5TS0947H,2005,135
2024B1PS0077P,2024,773
2010B5PS0190H,2010,293
2009A3PS0394H,2009,270
2018B1PS0463H,2018,495
2008B1TS0671H,2008,236
2006B3TS0847P,2006,174
2021AAPS0864G,2021,617
2020B2PS0136G,2020,596
2009B2PS0776G,2009,262
2015B3TS0739P,2015,401
2014B4PS0302G,2014,386
2006A7TS0664H,2006,167
2014B3PS0658P,2014,390
2008B3TS0859G,2008,234
2015AAPS0812P,2015,406
2015A1TS0606G,2015,415
2015B5PS0050H,2015,412
2004B2TS0376P,2004,100
2014B4TS0098P,2014,385
2021B5PS0044H,2021,615
2017A7PS0670P,2017,474
2016A7PS0220G,2016,440
2012A4TS0775H,2012,338
2014AATS0765P,2014,396
2007A3TS0273P,2007,198
2009A1TS0505P,2009,272
2004B5TS0704P,2004,120
2020A1TS0126P,2020,573
2020B5PS0273H,2020,557
2022B4TS0750P,2022,660
2007A1PS0085P,2007,183
2020A1PS0553P,2020,566
2021B1TS0663P,2021,630
2011A4PS0321G,2011,312
2012A8TS0171P,2012,348
2010A8TS0496H,2010,286
2024B1PS0658P,2024,802
2009B4TS0531P,2009,262
2016AATS0309G,2016,434
2020A1TS0562H,2020,576
2022A3PS0502G,2022,674
2011B3PS0300G,2011,323
2024A8PS0142H,2024,784
2016A4PS0940G,2016,432
2010B3TS0497H,2010,298
2006AAPS0667H,2006,155
2004B4TS0978P,2004,107
2008A4TS0378H,2008,244
2022B1TS0134P,2022,696
2018A1PS0202H,2018,475
2015B3TS0054P,2015,422
2006B5PS0064H,2006,171
2004B2TS0569G,2004,118
2023B1TS0835H,2023,727
2011B4TS0462G,2011,320
2023B5TS0745H,2023,715
2005A8TS0444H,2005,132
2017B1PS0087P,2017,467
2018B3TS0487H,2018,494
2022B1PS0527G,2022,682
2011B3TS0952P,2011,315
2011A7PS0626H,2011,312
2020B4PS0348G,2020,588
2009A4TS0800P,2009,252
2010A1TS0265P,2010,297
2024B1TS0532H,2024,794
2023A1PS0964P,2023,701
2010A4TS0321G,2010,297
2022B1TS0112H,2022,697
2014A7PS0500P,2014,389
2011B5TS0965H,2011,305
2011A8TS0531P,2011,319
2020A4PS0986H,2020,565
2008AATS0540G,2008,244
2018AAPS0726H,2018,476
2008A3PS0998P,2008,229
2012A7TS0004P,2012,328
2015AAPS0294P,2015,412
2018A7TS0010G,2018,488
2021A7TS0334P,2021,610
2020B4TS0931G,2020,551
2021A4TS0997P,2021,626
2006A1TS0973H,2006,159
2018B4PS0887H,2018,484
2009B2PS0222G,2009,266
2011B3TS0716G,2011,319
2012B5PS0722P,2012,345
2014A3TS0807P,2014,376
2012A1TS0654H,2012,328
2018B2TS0919G,2018,483
2016A8TS0527G,2016,435
2008A1TS0137G,2008,239
2011A7TS0997G,2011,315
2009B3TS0015H,2009,253
2010A7TS0573P,2010,298
2014A1PS0757P,2014,375
2019A8TS0450H,2019,523
2009A3TS0434G,2009,256
2024B1PS0931H,2024,786
2006A7PS0491P,2006,154
2008B2TS0985P,2008,233
2018B3PS0885P,2018,498
2008B2PS0429H,2008,229
2011B4TS0039G,2011,312
2010A3PS0057H,2010,288
2009A4TS0764G,2009,255
2007A7PS0840P,2007,181
2011AATS0112P,2011,307
2005B3PS0718H,2005,127
2017B3TS0432H,2017,469
2023B4PS0860H,2023,746
2014A3TS0134P,2014,385
2019B4TS0860G,2019,525
2023B1TS0456P,2023,737
2006B3TS0285G,2006,155
2014AATS0635H,2014,394
2011B1TS0167P,2011,312
2004A4PS0922P,2004,124
2020B2TS0964H,2020,556
2016A3TS0047P,2016,449
2013B5TS0566G,2013,360
2023A1PS0570G,2023,721
2018B1TS0232P,2018,495
2020A4PS0656P,2020,598
2008B3TS0273P,2008,238
2013B3TS0880H,2013,373
2024A1PS0507G,2024,767
2011A8TS0206H,2011,324
2007A8TS0813H,2007,176
2017A4TS0805P,2017,465
2005B4PS0548P,2005,138
2004B4TS0305G,2004,119
2022A3PS0370H,2022,691
2020A8TS0289H,2020,592
2008B4PS0367P,2008,236
2023A4TS0807G,2023,744
2012B3PS0975G,2012,344
2011B4PS0091H,2011,309
2005B4TS0442P,2005,143
2009A8TS0859H,2009,260
2024B2PS0209G,2024,759
2013AAPS0372G,2013,363
2005B4TS0206H,2005,131
2012A3TS0333H,2012,343
2017B5PS0464G,2017,462
2009B3PS0731H,2009,271
2023A3TS0881G,2023,748
2024B4PS0548G,2024,757
2021B1TS0892P,2021,642
2007B1PS0090P,2007,179
2019AATS0280H,2019,519
2004A7TS0622G,2004,115
2024B1TS0938P,2024,807
2020B1TS0963H,2020,598
2014A7TS0199G,2014,380
2009A3PS0555G,2009,259
2017B2PS0330H,2017,451
2008A8PS0053H,2008,235
2015B2PS0637G,2015,406
2005A7PS0283G,2005,144
2019B3TS0584H,2019,541
2023A7TS0147P,2023,729
2019B2TS0209P,2019,507
2005B5TS0952G,2005,130
2023B3TS0529P,2023,721
2008A1TS0744H,2008,244
2008AATS0431G,2008,246
2023A7PS0962P,2023,701
2019A4PS0452H,2019,540
2014AATS0378G,2014,385
2019B3TS0700P,2019,532
2007A4TS0055G,2007,193
2015A1PS0700G,2015,409
2013B3TS0404H,2013,364
2009A1PS0636G,2009,263
2004B5PS0338P,2004,102
2023A7PS0981H,2023,731
2022B1TS0645P,2022,660
2021B3PS0156H,2021,624
2011B5TS0903P,2011,320
2019B3PS0971G,2019,515
2009A7PS0418P,2009,269
2010B3TS0449P,2010,290
2009A4PS0997G,2009,267
2017B3TS0912H,2017,470
2019A8TS0618P,2019,530
2024AATS0381P,2024,801
2010A7PS0593P,2010,288
2024A1PS0008H,2024,774
2009B5PS0336P,2009,256
2022A3TS0509G,2022,668
2016B4TS0037P,2016,441
2022B5PS0499H,2022,688
2009B5TS0170G,2009,265
2017B4PS0238H,2017,464
2016B4PS0131H,2016,445
2007B3PS0063G,2007,190
2006A7TS0516P,2006,153
2021A4PS0541H,2021,624
2008B1TS0674G,2008,227
2019A7TS0391G,2019,522
2007B5TS0654P,2007,197
2006A8PS0438G,2006,173
2006AAPS0855H,2006,170
2011B2TS0489G,2011,313
2007A3PS0463H,2007,192
2018AATS0378P,2018,480
2004B2TS0489G,2004,117
2017B2TS0540G,2017,472
2013A1PS0364P,2013,365
2020A1TS0444G,2020,555
2006A4TS0859P,2006,162
2006A4TS0561H,2006,172
2015A4TS0882H,2015,403
2023AATS0822P,2023,712
2015A4PS0735G,2015,422
2005B4PS0768P,2005,126
2023B4PS0608G,2023,719
2014B5TS0400P,2014,393
2018A4PS0778G,2018,478
2015A1TS0187H,2015,411
2023A3PS0001G,2023,749
2014A7TS0604G,2014,396
2004A3TS0911H,2004,114
2013A4PS0402G,2013,368
2021A4PS0190H,2021,622
2010B4TS0915P,2010,297
2013B3PS0030G,2013,368
2008B5TS0346P,2008,227
2024B4PS0779H,2024,775
2017A3TS0203G,2017,450
2020B4PS0713G,2020,574
2018A4TS0496G,2018,491
2010A3PS0013P,2010,286
2014B2TS0009P,2014,385
2011B5PS0567P,2011,305
2018A1PS0417G,2018,480
2004B4PS0802G,2004,112
2011B3PS0177P,2011,319
2021B3TS0302H,2021,645
2005AAPS0875H,2005,148
2024B3TS0921P,2024,785
2015B4TS0188G,2015,411
2021A8PS0370P,2021,633
2014B3TS0381G,2014,387
2022A4PS0191G,2022,684
2007B1TS0634P,2007,193
2019B5PS0028H,2019,547
2017B3TS0087H,2017,466
2013A4PS0205P,2013,365
2009A1PS0992G,2009,254
2023B3PS0447G,2023,748
2005B5PS0074H,2005,132
2005B1TS0337P,2005,126
2024B5PS0220P,2024,805
2019A1PS0023P,2019,513
2008AATS0533P,2008,226
2021A7PS0806P,2021,644
2013B1PS0646P,2013,363
2006B5TS0978P,2006,173
2018A8PS0566P,2018,491
2015B5TS0699G,2015,419
2015B4TS0952P,2015,400
2018B3PS0218G,2018,497
2021A1TS0833G,2021,601
2016A1TS0754G,2016,446
2017B2TS0180P,2017,470
2023B1TS0166G,2023,709
2014A3TS0744H,2014,399
2004AATS0518H,2004,100
2022B2PS0455H,2022,661
2014AATS0425P,2014,391
2010B3PS0653G,2010,276
2023B1PS0018G,2023,732
2013A3TS0686P,2013,370
2015A4TS0030G,2015,412
2008B3TS0620G,2008,242
2005B2PS0738G,2005,142
2022A7TS0168P,2022,696
2013A4PS0647H,2013,369
2010A8TS0626G,2010,275
2004B5PS0557H,2004,119
2014A7TS0324H,2014,384
2011A7PS0663P,2011,309
2023A3TS0521P,2023,721
2015A3TS0453H,2015,410
2015A4TS0632G,2015,422
2006A3TS0641H,2006,152
2018B4PS0155H,2018,477
2006A4TS0389P,2006,169
2016A3TS0119P,2016,439
2010B2PS0843P,2010,290
2012A4PS0448G,2012,337
2015A1TS0673P,2015,420
2005A3PS0390P,2005,133
2006B3PS0686P,2006,159
2021B4PS0309P,2021,641
2005A1TS0878H,2005,145
2006A3TS0011P,2006,173
2018B3PS0096G,2018,481
2024B5PS0883P,2024,845
2020A1PS0066H,2020,578
2010B3PS0352G,2010,278
2005B1TS0721H,2005,149
2010A1TS0471H,2010,299
2004B3PS0416H,2004,115
2009A4TS0102H,2009,258
2023A4PS0270H,2023,722
2008A7PS0228G,2008,248
2015A3PS0414P,2015,406
2024A4TS0912P,2024,802
2010B3TS0188G,2010,296
2006B3TS0329G,2006,174
2015B1PS0646G,2015,418
2007B3PS0277H,2007,177
2021B2TS0142G,2021,634
2020A7PS0904H,2020,567
2014B3TS0923G,2014,398
2006A7PS0695H,2006,153
2024A1TS0469H,2024,804
2021B2TS0685P,2021,637
2010A8PS0351P,2010,299
2013A4PS0901P,2013,369
2005B4TS0235P,2005,148
2020A7PS0852P,2020,569
2006A1PS0571G,2006,155
2021B5TS0624P,2021,613
2017AATS0182G,2017,471
2010B1TS0544G,2010,292
2023A8PS0604H,2023,720
2017A3TS0731P,2017,470
2011A7PS0950H,2011,312
2020A1TS0584H,2020,572
2017A4TS0503P,2017,451
2011B3PS0724H,2011,321
2019A3PS0663H,2019,515
2005A3TS0612H,2005,139
2013A8PS0591G,2013,373
2004A1TS0061G,2004,117
2016A1TS0485P,2016,435
2015B3PS0382P,2015,404
2019A4TS0836G,2019,540
2009A4TS0167H,2009,256
2023B1TS0430G,2023,743
2010A4PS0671G,2010,277
2012A4PS0653H,2012,348
2014A1TS0083H,2014,380
2015B3TS0803G,2015,423
2020A1PS0006H,2020,567
2022A4TS0060G,2022,686
2006B4PS0718H,2006,158
2012B3TS0124H,2012,348
2013A4TS0169H,2013,365
2020A8TS0230H,2020,573
2016A1PS0046P,2016,444
2020AATS0776G,2020,598
2015A8TS0528P,2015,412
2005A3TS0811G,2005,141
2013A3TS0712G,2013,374
2013B2TS0731H,2013,374
2016B1PS0885G,2016,436
2024B4PS0641H,2024,791
2020B4PS0625P,2020,551
2013A7TS0989G,2013,361
2006A4TS0908P,2006,171
2014B1PS0008H,2014,381
2024AAPS0187H,2024,789
2012AAPS0980H,2012,329
2017B1PS0495G,2017,473
2018B2PS0398P,2018,492
2016B5PS0811P,2016,428
2014B3PS0260G,2014,384
2022B3TS0780H,2022,688
2009A3PS0874P,2009,270
2020AAPS0196H,2020,560
2010A4TS0301H,2010,292
2014B2TS0634H,2014,380
2017A8PS0351G,2017,453
2023B1TS0725P,2023,729
2017A1PS0980H,2017,458
2012A7PS0888G,2012,345
2014B5PS0116G,2014,393
2006A8TS0908H,2006,150
2012AATS0257H,2012,329
2006A3PS0002G,2006,172
2010B4PS0332P,2010,286
2008A1TS0086H,2008,249
2010B5TS0750H,2010,298
2023A8TS0808H,2023,719
2020AAPS0923H,2020,581
2022A4TS0854H,2022,650
2022B2PS0124H,2022,672
2007A8TS0437H,2007,175
2023B5PS0240G,2023,717
2013B4PS0908G,2013,367
2021B1PS0224H,2021,631
2024AAPS0457H,2024,754
2009AAPS0400H,2009,264
2017B5TS0269H,2017,471
2014B4TS0056H,2014,389
2009B5PS0543H,2009,256
2006B2PS0321G,2006,174
2024B2TS0981P,2024,776
2016AAPS0745G,2016,433
2008A7PS0953H,2008,249
2016AAPS0888P,2016,430
2012AAPS0549P,2012,328
2014A1TS0262H,2014,377
2016A1PS0336G,2016,449
2010A8PS0472P,2010,296
2004B1PS0862G,2004,123
2010B1TS0968H,2010,289
2011B4TS0346P,2011,321
2015B4TS0965G,2015,401
2019B4TS0253H,2019,525
2012A8PS0789G,2012,337
2005A1PS0969G,2005,145
2017B3TS0291G,2017,473
2021AAPS0798G,2021,622
2010B5PS0620G,2010,283
2015B2PS0113H,2015,412
2017A7PS0869H,2017,469
2015A7PS0524P,2015,417
2023B4TS0434P,2023,745
2008B5TS0502P,2008,244
2013B4PS0741H,2013,372
2007A1PS0888P,2007,184
2007B5PS0531H,2007,190
2015AATS0058P,2015,404
2021A1TS0380G,2021,646
2007B4PS0861G,2007,178
2013A1PS0004H,2013,364
2023B4PS0790H,2023,710
2005B1TS0550G,2005,135
2007A8TS0146P,2007,179
2017B1TS0886G,2017,452
2010B3PS0586H,2010,287
2014A4PS0251P,2014,397
2024B3TS0786P,2024,767
2017AAPS0527G,2017,472
2017B5PS0037H,2017,461
2004A4TS0663G,2004,106
2004B3TS0823G,2004,108
2007AATS0517P,2007,183
2011B4TS0651H,2011,307
2007B1PS0906G,2007,191
2022B5TS0991G,2022,665
2006B1TS0124P,2006,160
2007B3PS0246P,2007,181
2010A4PS0422H,2010,299
2006A8PS0360P,2006,161
2006A1PS0426G,2006,163
2011A7TS0920P,2011,301
2015B2PS0481H,2015,415
2010B5TS0658H,2010,293
2017A8PS0260H,2017,452
2018A3PS0345P,2018,480
2007A1PS0949P,2007,197
2013AAPS0847G,2013,351
2010A1PS0576G,2010,279
2021AAPS0523G,2021,612
2018B1TS0488H,2018,494
2023A8TS0249P,2023,744
2012A3TS0915H,2012,333
2005B4TS0323H,2005,138
2004B2TS0940G,2004,123
2008B3PS0578P,2008,238
2018B4TS0111H,2018,492
2014A1PS0518H,2014,381
2011B4PS0145G,2011,304
2017B1PS0076P,2017,474
2004A7TS0889G,2004,115
2004B1PS0454P,2004,116
2014AAPS0728P,2014,377
2017B5PS0209P,2017,452
2016B1TS0382P,2016,425
2022B4TS0125H,2022,687
2006B2TS0055H,2006,164
2013B3PS0465H,2013,353
2010A4TS0566H,2010,290
2012B2PS0156G,2012,348
2019A1TS0687G,2019,514
2008B5PS0074G,2008,233
2016A3TS0709P,2016,445
2004A1TS0122P,2004,104
2014A3PS0224G,2014,395
2010AAPS0662P,2010,288
2013A3PS0678H,2013,370
2021B1PS0466P,2021,615
2007AATS0360G,2007,185
2022B5TS0076P,2022,661
2010A7PS0497P,2010,287
2012B5TS0812H,2012,346
2011B2TS0747G,2011,324
2021B1PS0274P,2021,621
2009A1PS0813H,2009,253
2009A1PS0156G,2009,264
2007AATS0972P,2007,185
2009A3PS0695G,2009,264
2009A3TS0399G,2009,259
2018A1PS0783P,2018,481
2010B4TS0963P,2010,293
2023B2PS0508G,2023,733
2021A8PS0086G,2021,629
2008A7TS0924H,2008,246
2009B2TS0426P,2009,273
2024A3TS0773H,2024,764
2009B5TS0686G,2009,256
2022B1PS0052H,2022,675
2006A1PS0707H,2006,160
2024B1TS0150P,2024,759
2006A7PS0382H,2006,150
2016B3TS0175H,2016,449
2008B1PS0340P,2008,234
2019A4TS0121P,2019,509
2023A1TS0346P,2023,702
2015AATS0147H,2015,413
2006A1TS0468H,2006,167
2018A3TS0168H,2018,487
2005A3TS0898P,2005,140
2009B4PS0213H,2009,270
2016B2PS0562P,2016,426
2005A4PS0439G,2005,136
2009B3TS0575G,2009,271
2022A4TS0346P,2022,672
2015A3PS0781H,2015,404
2016B5TS0339H,2016,442
2018A4TS0452H,2018,484
2020B5PS0273G,2020,559
2013A7TS0675P,2013,354
2011A3TS0656P,2011,309
2018A4PS0974P,2018,495
2018B4TS0054G,2018,489
2014B4TS0953P,2014,393
2004A4PS0107G,2004,115
2017B5TS0756H,2017,451
2011A4TS0847H,2011,324
2017B5PS0713G,2017,453
2021A3PS0021G,2021,630
2008B3TS0164P,2008,227
2004B3PS0521H,2004,107
2006A3TS0145G,2006,156
2020A1PS0540H,2020,581
2012A7PS0473H,2012,343
2015B1TS0965G,2015,409
2006B3PS0192H,2006,160
2007AAPS0007H,2007,188
2016A1TS0912P,2016,443
2024A1TS0875G,2024,774
2008A4PS0263G,2008,241
2014B4PS0034H,2014,387
2018B2TS0366P,2018,489
2014A1PS0085P,2014,396
2009A4PS0166G,2009,253
2016A7PS0292G,2016,428
2022B4PS0725G,2022,696
2014AAPS0292H,2014,392
2012B1PS0612G,2012,337
2023A1TS0040P,2023,705
2012B2PS0123G,2012,337
2018B4TS0348G,2018,478
2009B2TS0181G,2009,273
2009A8TS0961H,2009,260
2017A3PS0937H,2017,468
2007B4TS0792H,2007,182
2014B3PS0609P,2014,385
2022A1TS0858G,2022,667
2024B1PS0248P,2024,762
2018B4TS0003G,2018,482
2022B5PS0699H,2022,666
2023A7TS0212G,2023,719
2018A3TS0676P,2018,498
2006A3TS0188H,2006,157
2023B3PS0465P,2023,726
2014A4PS0466H,2014,392
2013A3TS0766H,2013,364
2024A8PS0542G,2024,802
2014B1PS0388P,2014,394
2008B4TS0999H,2008,247
2014A8TS0363H,2014,376
2005A4PS0486H,2005,133
2013B2TS0602G,2013,361
2024AATS0667P,2024,823
2020AATS0290P,2020,587
2013B3TS0188G,2013,357
2016A7PS0038P,2016,425
2022B5TS0888G,2022,669
2022A8TS0925P,2022,678
2023B3PS0761G,2023,726
2014B4PS0029G,2014,377
2006B2TS0291G,2006,150
2004B2TS0049G,2004,105
2014A3TS0905G,2014,390
2018B3TS0370H,2018,492
2017AATS0456H,2017,451
2017B5PS0667H,2017,450
2006A7PS0739P,2006,167
2014A1TS0196G,2014,382
2004B2PS0879G,2004,123
2022B2TS0287P,2022,675
2022B5TS0584P,2022,695
2018B4PS0451H,2018,476
2018A4PS0554G,2018,493
2022A7PS0733H,2022,653
2007B3PS0151G,2007,182
2020A3TS0231G,2020,556
2009A8TS0658G,2009,265
2008B5TS0152P,2008,237
2024A1TS0989P,2024,779
2008AATS0673G,2008,233
2021B3PS0889G,2021,623
2019B4PS0953G,2019,528
2014A1PS0368P,2014,382
2017B2PS0075G,2017,455
2023B1PS0744H,2023,705
2010A4TS0288P,2010,293
2019B2PS0541H,2019,547
2009AATS0135G,2009,272
2005A3TS0167P,2005,140
2024B3PS0546H,2024,844
2021A4TS0091G,2021,628
2010B1PS0415G,2010,297
2012B1PS0086G,2012,338
2010A7TS0466G,2010,279
2016B1PS0078H,2016,440
2017A7PS0828G,2017,460
2015A1TS0365G,2015,402
2012B1TS0342P,2012,332
2007B5TS0466H,2007,185
2014AATS0395H,2014,386
2004B4TS0573P,2004,100
2006AAPS0345P,2006,163
2004B1TS0612P,2004,100
2016A8PS0354H,2016,435
2005B3TS0772G,2005,126
2016A1TS0894G,2016,432
2010A4PS0393P,2010,277
2010A8TS0701P,2010,279
2016B3PS0940P,2016,442
2021A7TS0022H,2021,630
2023B3PS0660P,2023,719
2018A1TS0604H,2018,478
2012A1PS0427G,2012,335
2006A1TS0232H,2006,150
2023A1TS0689P,2023,741
2019B2PS0817P,2019,502
2011A1TS0123H,2011,308
2024A4PS0216P,2024,800
2020A7PS0089H,2020,575
2019A4PS0714G,2019,538
2011B4TS0441G,2011,313
2005B5TS0904P,2005,132
2021A4PS0880P,2021,620
2009B3TS0120H,2009,253
2011B5TS0652H,2011,316
2011B2TS0426H,2011,318
2006B5TS0609H,2006,167
2023B5PS0086P,2023,731
2020B5TS0177G,2020,564
2005A7PS0175P,2005,132
2019B3TS0424G,2019,549
2020B4PS0572H,2020,565
2021B2TS0228H,2021,643
2018AATS0037P,2018,493
2015A3TS0720H,2015,401
2016AATS0667P,2016,440
2011A3TS0141P,2011,306
2012AAPS0405H,2012,326
2014B3TS0665G,2014,395
2018B5PS0363P,2018,491
2012B1TS0955P,2012,327
2011A8PS0053H,2011,318
2006A1TS0019G,2006,158
2004B5PS0098G,2004,103
2013A4PS0047H,2013,371
2006B1PS0372G,2006,160
2016A1PS0431P,2016,448
2024B3TS0322H,2024,796
2008AATS0254G,2008,229
2020B2TS0099G,2020,552
2009B5TS0172H,2009,255
2018B3PS0729G,2018,499
2009A3PS0877H,2009,263
2023B2PS0068H,2023,700
2011B5PS0438G,2011,306
2019A1PS0691G,2019,504
2007B3PS0619G,2007,184
2018B2PS0192P,2018,477
2014AATS0453H,2014,387
2023B4TS0982H,2023,720
2009B3PS0082P,2009,250
2021A1TS0345G,2021,611
2014A3TS0375P,2014,385
2022A1TS0270G,2022,673
2011A8TS0622H,2011,317
2013A8PS0761G,2013,374
2012AAPS0130G,2012,347
2024A4PS0603G,2024,803
2012B2PS0367G,2012,348
2024B1PS0161H,2024,753
2018B2TS0518P,2018,487
2008AAPS0318H,2008,234
2023A1PS0326P,2023,705
2007B3TS0750H,2007,193
2010B1TS0556G,2010,280
2023A8PS0638P,2023,716
2019A1PS0347P,2019,524
2005A3TS0320H,2005,129
2007B5PS0548H,2007,193
2021A8PS0388P,2021,603
2015A3TS0373P,2015,420
2015B4PS0678G,2015,419
2015A4PS0531G,2015,420
2019A7TS0628P,2019,523
2024B4PS0374H,2024,780
2005A4PS0928H,2005,149
2019B4TS0374H,2019,501
2004A4TS0117H,2004,106
2017B5TS0329P,2017,451
2010A8TS0322H,2010,280
2023B4PS0092G,2023,720
2006B5TS0500G,2006,167
2015B4TS0292P,2015,415
2023B2TS0701P,2023,713
2004B1TS0157P,2004,117
2006B2TS0038H,2006,160
2016A1TS0739H,2016,447
2017B4PS0820P,2017,458
2012B1PS0714P,2012,332
2010B1TS0976P,2010,293
2023B3TS0031P,2023,738
2006A4TS0665P,2006,158
2012AATS0592H,2012,341
2006A1PS0930G,2006,174
2024B3TS0688G,2024,796
2017A1PS0252P,2017,454
2009A7PS0636P,2009,270
2023B5PS0961G,2023,709
2007A3TS0803P,2007,191
2022A3PS0406G,2022,656
2015B3PS0851H,2015,422
2020B4PS0085P,2020,573
2006A1PS0504H,2006,170
2023A3TS0625G,2023,725
2012B1PS0191H,2012,343
2004A3PS0875G,2004,120
2010B3TS0843G,2010,292
2023B5TS0892H,2023,739
2009AAPS0763G,2009,255
2008A8TS0630H,2008,242
2023A8TS0284H,2023,742
2011B4PS0625G,2011,304
2013A3TS0539H,2013,361
2017A3TS0689H,2017,460
2012A7TS0203G,2012,349
2012A3PS0100P,2012,337
2011B2PS0525G,2011,307
2022A3TS0078G,2022,656
2006B5PS0372H,2006,161
2019B5TS0500H,2019,511
2011B4TS0131G,2011,309
2006A3PS0034P,2006,160
2023A7TS0622H,2023,709
2014A7TS0953H,2014,386
2007B2PS0088H,2007,187
2021AAPS0506G,2021,643
2015A8PS0417H,2015,422
2012B2PS0131P,2012,338
2004B2TS0970G,2004,107
2007A1PS0003H,2007,191
2005A7TS0379P,2005,129
2007A4PS0334P,2007,182
2018B3PS0606G,2018,484
2013AATS0678H,2013,362
2008A7PS0655P,2008,229
2004B2PS0930G,2004,112
2004AATS0490P,2004,112
2013B4PS0630G,2013,366
2007A4PS0566H,2007,189
2024B3TS0672H,2024,758
2012AATS0466P,2012,346
2006B5PS0379G,2006,163
2004A8TS0741P,2004,117
2019A4TS0248H,2019,538
2018B5PS0096H,2018,483
2006A7TS0505P,2006,156
2007A4TS0552H,2007,180
2020B1PS0825G,2020,571
2022A3TS0784P,2022,690
2022B1TS0923P,2022,684
2005A7PS0439H,2005,140
2011B3PS0309G,2011,305
2012A8PS0575P,2012,332
2015B1PS0257H,2015,411
2004A8PS0268P,2004,114
2008B1PS0304G,2008,240
2019AATS0336H,2019,501
2013B2TS0655G,2013,361
2023A8PS0943G,2023,727
2012A1TS0913P,2012,336
2024B3PS0624P,2024,764
2005A4TS0985H,2005,146
2008A7TS0518G,2008,237
2012A7PS0110P,2012,326
2020A4PS0253H,2020,575
2012A3TS0458G,2012,335
2008B3PS0226H,2008,227
2013A8PS0992H,2013,374
2009A7TS0811P,2009,250
2009AAPS0829G,2009,250
2017A7TS0879P,2017,462
2015B1TS0684P,2015,412
2019B1TS0128P,2019,549
2016A8TS0799G,2016,429
2020A7PS0597H,2020,578
2024A3TS0347P,2024,768
2022A1TS0074G,2022,654
2020A4PS0289H,2020,587
2006AAPS0737H,2006,159
2016AAPS0212P,2016,437
2005A8TS0639P,2005,138
2024A4TS0398G,2024,846
2007B4PS0706H,2007,179
2010AATS0779H,2010,283
2015AAPS0944G,2015,421
2024A7PS0168G,2024,842
2019A7TS0321P,2019,529
2014B3TS0568G,2014,395
2024B1PS0426P,2024,800
2020A3TS0562H,2020,585
2019A3TS0199H,2019,548
2017A7PS0479G,2017,452
2016B5TS0487P,2016,440
2009AATS0381P,2009,267
2004A7TS0783G,2004,118
2010B1TS0874P,2010,292
2021A7TS0447H,2021,621
2024A3TS0392H,2024,776
2009A7TS0920G,2009,273
2011A4PS0728G,2011,313
2008A1PS0175G,2008,245
2019A7PS0987G,2019,534
2006B1TS0089H,2006,168
2021B1TS0541G,2021,606
2022B5PS0937P,2022,676
2024A8PS0564P,2024,792
2013A8TS0824P,2013,358
2005A4TS0455P,2005,148
2010B1PS0677P,2010,284
2012A8TS0330H,2012,333
2019B4PS0822H,2019,522
2017B3TS0063G,2017,451
2007B3PS0945G,2007,183
2018A8TS0256P,2018,479
2010B5TS0108G,2010,291
2014B1PS0148P,2014,377
2016B3TS0433G,2016,435
2007B1TS0840P,2007,193
2005A3PS0253P,2005,141
2009B2TS0723P,2009,267
2022A4PS0897G,2022,664
2011B2PS0318P,2011,322
2017A7TS0928P,2017,462
2008B2TS0981G,2008,227
2010A1PS0560P,2010,288
2013A4PS0142G,2013,351
2005A3PS0266G,2005,141
2016A1TS0111H,2016,441
2019A3PS0936H,2019,549
2009B1PS0515G,2009,256
2022B4PS0911P,2022,655
2008B4TS0780P,2008,237
2015A1TS0559G,2015,406
2006A4TS0030P,2006,157
2023B3TS0474P,2023,718
2024A7PS0318P,2024,793
2023B5TS0071H,2023,726
2010B3TS0984H,2010,275
2021B2TS0794G,2021,615
2004AAPS0315P,2004,119
2024B5PS0317H,2024,773
2009A4PS0660H,2009,261
2020B4PS0731H,2020,574
2016B5TS0427G,2016,429
2023B4TS0157H,2023,709
2004A7PS0146H,2004,123
2011A8TS0185P,2011,301
2024A8PS0433P,2024,766
2012A1TS0537H,2012,347
2018A7TS0027P,2018,479
2010B5PS0802H,2010,296
2015A8PS0675H,2015,423
2005A1PS0809G,2005,127
2010B4TS0911P,2010,296
2017B4PS0417P,2017,450
2014AATS0687G,2014,390
2022A7TS0838P,2022,673
2004B5PS0353P,2004,107
2019B1TS0493H,2019,519
2021B1TS0319H,2021,635
2018A1TS0847H,2018,499
2023AAPS0732G,2023,702
2016A7TS0118H,2016,438
2018AATS0357H,2018,489
2016B4TS0747G,2016,427
2012B1PS0501H,2012,347
2021B4TS0608P,2021,621
2017A7PS0920H,2017,471
2013B4TS0847P,2013,363
2012B3TS0780G,2012,345
2023A8TS0434G,2023,731
2008A4PS0088P,2008,231
2024B1PS0774H,2024,800
2022A7TS0701H,2022,668
2018A3TS0808H,2018,476
2024A1TS0865H,2024,754
2022B2TS0918H,2022,693
2015A8TS0003P,2015,404
2007B5TS0684G,2007,175
2004B3PS0679P,2004,109
2010A7TS0532P,2010,275
2014A7PS0352G,2014,385
2020B4PS0023H,2020,573
2019B2PS0779G,2019,516
2024B4TS0152G,2024,803
2013A1TS0594H,2013,354
2014A3PS0525P,2014,388
2022B3PS0616P,2022,697
2019A8TS0499G,2019,544
2009AATS0061G,2009,252
2019B4TS0719G,2019,526
2019B2PS0696H,2019,509
2024B1PS0597G,2024,795
2014B1PS0342P,2014,379
2012B3TS0126P,2012,339
2018B2PS0867G,2018,495
2010A1PS0959G,2010,279
2018A8PS0245G,2018,483
2023A4PS0514G,2023,745
2014B2PS0165G,2014,379
2009B1PS0769G,2009,271
2023B1TS0066G,2023,720
2018B4TS0547H,2018,490
2012B3TS0184H,2012,349
2011A8PS0080G,2011,313
2010B5PS0537H,2010,296
2005A3PS0583G,2005,134
2016A8PS0943P,2016,449
2009B3PS0952P,2009,264
2020B1PS0974P,2020,591
2024A3PS0882H,2024,840
2018A4PS0632H,2018,492
2007A3PS0192P,2007,188
2004B5TS0723P,2004,108
2006A3PS0841H,2006,154
2011AAPS0920H,2011,322
2013A4TS0753G,2013,355
2007B3PS0679H,2007,190
2009A3TS0851H,2009,268
2010B5TS0223P,2010,286
2015A3TS0317G,2015,407
2005B1PS0359G,2005,144
2023A1PS0957P,2023,713
2006B2TS0220G,2006,164
2019B5TS0462G,2019,537
2020B5TS0552P,2020,566
2024A1TS0032H,2024,828
2023A7PS0044P,2023,703
2005A8PS0573P,2005,134
2013B1PS0076P,2013,368
2007A4TS0549H,2007,198
2020B1PS0331P,2020,560
2008A8PS0527H,2008,239
2012A3TS0998H,2012,338
2011A8PS0097H,2011,319
2018AAPS0190G,2018,480
2012B5PS0516P,2012,347
2014A1PS0119P,2014,383
2021B4TS0487H,2021,614
2008A8PS0779P,2008,240
2017B1TS0495G,2017,464
2007B1PS0820H,2007,188
2023B4PS0143P,2023,719
2018A4PS0383P,2018,476
2011A3PS0671P,2011,308
2021B3TS0837H,2021,615
2007A3TS0973H,2007,191
2014B5TS0069H,2014,378
2019A7PS0572P,2019,506
2016B3TS0937G,2016,435
2015B5TS0891G,2015,409
2005A4TS0912P,2005,130
2018A7TS0571H,2018,482
2012B4TS0907G,2012,329
2009A1PS0426G,2009,271
2012B4PS0727P,2012,349
2023A3TS0049P,2023,709
2010B3PS0724H,2010,295
2007A4PS0634G,2007,189
2015B5TS0584H,2015,402
2011A7TS0569G,2011,314
2024B2PS0426H,2024,817
2005B1PS0563G,2005,142
2022A3TS0935G,2022,696
2020A7TS0595G,2020,584
2006A3TS0298H,2006,169
2009B4TS0682G,2009,256
2010A1PS0422P,2010,285
2018B1TS0252H,2018,492
2010B4PS0506G,2010,278
2008B1TS0172H,2008,244
2019B3PS0537H,2019,548
2013B1TS0618P,2013,361
2015A3PS0711G,2015,414
2022A4PS0552P,2022,671
2024B2TS0045H,2024,799
2007B1PS0106P,2007,185
2011B5TS0432H,2011,305
2024A8TS0491H,2024,780
2020B3TS0328G,2020,594
2024A4PS0009H,2024,795
2024A8PS0964G,2024,785
2007B2TS0917H,2007,196
2021AAPS0129G,2021,624
2010A3TS0492G,2010,292
2013A7TS0733G,2013,357
2009B4PS0424H,2009,253
2005A7PS0032H,2005,141
2007B3PS0861H,2007,185
2019B5PS0327P,2019,535
2019A7PS0724G,2019,543
2008A1PS0828P,2008,244
2010A8PS0127G,2010,275
2010A1PS0743H,2010,279
2015B5PS0216G,2015,416
2023AATS0432H,2023,717
2017A4TS0708G,2017,453
2023B3TS0923P,2023,732
2017A3PS0260P,2017,454
2015B1TS0416P,2015,422
2014A4PS0470G,2014,387
2006B4PS0982P,2006,163
2006B3PS0953G,2006,172
2023B3TS0412H,2023,738
2021A7TS0387G,2021,617
2012A1PS0748G,2012,346
2008AAPS0051H,2008,237
2018A1TS0276H,2018,486
2016A7TS0769G,2016,449
2008A8PS0357H,2008,226
2008B1TS0574H,2008,242
2013A1PS0643P,2013,366
2021A4PS0789P,2021,639
2022A8PS0135P,2022,676
2004AATS0142P,2004,103
2024A4PS0744G,2024,818
2017AAPS0980P,2017,460
2007B1TS0784H,2007,176
2012A3TS0372G,2012,346
2006B5PS0444P,2006,172
2005B2TS0497H,2005,148
2004B1TS0023G,2004,111
2022A3TS0835P,2022,676
2023B3TS0281P,2023,717
2008A3PS0226G,2008,246
2007B2PS0573G,2007,198
2005AAPS0140H,2005,149
2008A4PS0273H,2008,240
2013B2PS0554G,2013,356
2004B3TS0156G,2004,112
2021A4PS0463P,2021,615
2019AAPS0756P,2019,526
2006A4TS0558H,2006,163
2018A3PS0417H,2018,477
2023A8PS0131H,2023,735
2010A4TS0561H,2010,295
2005A3TS0462G,2005,125
2009B4TS0362H,2009,263
2009A3TS0901G,2009,253
2014A7TS0953G,2014,393
2017A8TS0955H,2017,466
2021B2TS0700P,2021,606
2009A7PS0957H,2009,250
2005A8TS0016G,2005,135
2017A7TS0843P,2017,474
2014A8PS0125H,2014,399
2008A8PS0190G,2008,245
2024AAPS0867P,2024,780
2010A8PS0647P,2010,288
2021B4PS0263H,2021,606
2017B1TS0094P,2017,468
2015AAPS0416P,2015,415
2010B1TS0930G,2010,278
2017A7TS0903H,2017,451
2009B3TS0970P,2009,256
2010AAPS0128G,2010,290
2024A3PS0804P,2024,768
2021A1TS0078G,2021,603
2005A7PS0102H,2005,131
2016B3PS0735G,2016,441
2013B3TS0838H,2013,364
2012A8TS0276G,2012,331
2013A4PS0604P,2013,355
2011B2PS0164H,2011,312
2009A3TS0679P,2009,265
2005B3PS0347P,2005,141
2024A7PS0861H,2024,783
2014B5PS0620P,2014,387
2022A3TS0538H,2022,662
2019A4PS0798H,2019,509
2004A4PS0138G,2004,124
2009B1TS0665P,2009,272
2006A7TS0577G,2006,169
2009B1PS0984H,2009,257
2023B2TS0369G,2023,701
2012B4PS0450H,2012,338
2019A3PS0467P,2019,510
2012B1TS0153H,2012,332
2018B2PS0947H,2018,490
2023A8TS0639H,2023,701
2015AATS0412H,2015,412
2013B3PS0330G,2013,350
2016A3TS0575G,2016,442
2006AAPS0937H,2006,173
2007AATS0830P,2007,195
2008B4TS0452H,2008,244
2018B5TS0483G,2018,484
2017A7TS0043P,2017,462
2013A1TS0642P,2013,367
2008A4PS0431H,2008,232
2021A3TS0880P,2021,623
2011B5TS0162G,2011,306
2010B4PS0134P,2010,289
2016A4PS0645P,2016,428
2012AATS0870H,2012,340
2018A4TS0731P,2018,477
2007AATS0243G,2007,195
2011AATS0252G,2011,303
2005B1TS0169H,2005,135
2004A8PS0384G,2004,111
2023B2PS0228G,2023,703
2007B2TS0109G,2007,195
2014B1TS0876P,2014,391
2010AAPS0698G,2010,277
2020B5PS0890P,2020,597
2021A8PS0293G,2021,643
2021A1PS0288G,2021,620
2012A7PS0920P,2012,325
2006A8PS0201H,2006,157
2024A3PS0934P,2024,800
2014B5TS0316P,2014,383
2013A7PS0913G,2013,351
2004A7PS0783G,2004,124
2006B1PS0037P,2006,173
2024B4PS0965H,2024,834
2004AAPS0058H,2004,114
2008B3PS0876H,2008,225
2024A1PS0906H,2024,755
2011B5PS0106H,2011,307
2010A4PS0578G,2010,299
2005B4TS0955H,2005,131
2021A8TS0467P,2021,648
2015AAPS0302P,2015,404
2005B3TS0889H,2005,142
2017AAPS0918P,2017,464
2015B1TS0511P,2015,414
2021B3TS0169P,2021,628
2009A7PS0164G,2009,273
2018B3PS0065G,2018,488
2010B4PS0601G,2010,290
2015AAPS0417G,2015,417
2010A4PS0323G,2010,287
2018B2TS0812G,2018,491
2024B2TS0078P,2024,765
2020A3PS0323G,2020,553
2005A8TS0683P,2005,145
2005AAPS0248P,2005,149
2004A3PS0496P,2004,106
2019B5TS0103P,2019,508
2020B5PS0452H,2020,581
2021A1PS0708H,2021,630
2004B2TS0610P,2004,121
2019B2TS0655G,2019,515
2020B3PS0341P,2020,573
2015B4PS0342G,2015,423
2010A3TS0278H,2010,278
2015B3TS0336G,2015,401
2004B5PS0122H,2004,116
2019B3TS0766H,2019,523
2023A8TS0649P,2023,721
2024B3TS0528G,2024,751
2005A1PS0253P,2005,141
2017B2PS0125P,2017,465
2017A3PS0793H,2017,470
2020B3TS0813G,2020,566
2016A4TS0080P,2016,446
2004B5TS0453P,2004,110
2022B2PS0835P,2022,698
2016A1TS0040G,2016,442
2016B3TS0862H,2016,434
2024B4TS0660H,2024,825
2009AATS0128H,2009,258
2004A1TS0313P,2004,103
2021B2TS0670G,2021,647
2008A8TS0095H,2008,244
2014B4PS0744P,2014,384
2016B4PS0095P,2016,446
2013AAPS0115P,2013,364
2020B2TS0540H,2020,569
2020A7TS0628P,2020,560
2019A1TS0120H,2019,502
2004B2PS0794H,2004,112
2008B1PS0101P,2008,239
2014A1PS0860H,2014,388
2023B4PS0821G,2023,741
2012A4PS0601H,2012,326
2012A3PS0738P,2012,334
2015B1TS0317H,2015,415
2016B3TS0837G,2016,446
2015B1PS0136H,2015,406
2019B3TS0814P,2019,515
2021A3TS0737H,2021,638
2006B1PS0301P,2006,163
2023A8PS0786P,2023,705
2021A4PS0726G,2021,610
2023B1TS0716H,2023,724
2009A7TS0666G,2009,274
2009AAPS0522H,2009,265
2011A8TS0506P,2011,321
2017B2PS0944G,2017,474
2012A3PS0507G,2012,329
2007A8PS0321P,2007,196
2009B3PS0864H,2009,274
2021A7PS0193H,2021,629
2005B3PS0944H,2005,140
2007B5PS0813P,2007,194
2005B1TS0306P,2005,128
2020B4TS0794P,2020,562
2019AATS0810H,2019,502
2019B1PS0031G,2019,503
2019B3TS0922H,2019,514
2010B4PS0837H,2010,276
2021A4PS0033H,2021,618
2010B1TS0509G,2010,297
2016A1PS0650G,2016,428
2011B4PS0427P,2011,320
2006A7PS0450P,2006,170
2009B4TS0372H,2009,272
2019B1PS0449H,2019,539
2013AAPS0022H,2013,352
2012B3PS0424P,2012,333
2012A3PS0601P,2012,345
2018B2PS0266G,2018,480
2010A7PS0541P,2010,279
2011B2TS0841P,2011,315
2010B5TS0187G,2010,278
2021B1TS0979H,2021,642
2013B2TS0355G,2013,353
2005B2TS0209P,2005,144
2006A7TS0438H,2006,172
2004A8PS0110G,2004,116
2020B2TS0764G,2020,583
2020B3PS0264H,2020,586
2007A4TS0487H,2007,177
2009B2TS0406G,2009,258
2013B3PS0300P,2013,352
2013B1TS0224G,2013,356
2008A7PS0381G,2008,238
2009B4TS0958P,2009,255
2020B4TS0366G,2020,577
2008B3TS0976G,2008,248
2013A4TS0654G,2013,351
2019A1PS0007G,2019,535
2018A1TS0626P,2018,475
2010B3PS0649G,2010,289
2017AATS0206P,2017,456
2019B1TS0677G,2019,515
2021B5PS0350G,2021,603
2011B3PS0430P,2011,307
2020B5PS0400P,2020,562
2011B4PS0066G,2011,302
2015A7TS0103P,2015,403
2018B3TS0177H,2018,482
2005A4PS0723P,2005,133
2010A1PS0462G,2010,295
2021A3PS0016P,2021,625
2011B4PS0879G,2011,310
2024A1TS0143H,2024,771
2009B2TS0341H,2009,264
2009A8PS0726G,2009,273
2023B3PS0359G,2023,724
2018A4TS0275P,2018,478
2008A8TS0999H,2008,234
2023B1PS0064P,2023,742
2020AATS0250G,2020,580
2014B1TS0440H,2014,399
2016B5PS0786G,2016,446
2015B3PS0344P,2015,420
2010A4TS0764H,2010,293
2016B1PS0759H,2016,442
2018A7TS0316P,2018,499
2019A7TS0130G,2019,526
2020A3TS0710G,2020,558
2023A8PS0948G,2023,742
2005B4PS0426H,2005,133
2008A4PS0656P,2008,226
2018B3TS0054H,2018,478
2010B4PS0500P,2010,293
2024A4PS0866H,2024,763
2020A7TS0894G,2020,564
2004B1PS0629G,2004,119
2014A4PS0189H,2014,381
2022A1PS0483P,2022,661
2016B4PS0204H,2016,446
2020A4PS0611H,2020,568
2023B2TS0242H,2023,702
2024A7TS0561H,2024,836
2009A8PS0193H,2009,273
2020A1PS0926G,2020,555
2010A7TS0262H,2010,291
2007B2PS0388G,2007,194
2023B3TS0703P,2023,716
2004B5TS0170H,2004,102
2004B5TS0549H,2004,101
2012A8PS0776P,2012,333
2019B3PS0970P,2019,536
2023B3PS0832H,2023,725
2008B3TS0475P,2008,229
2014A4TS0750H,2014,380
2011B3TS0281G,2011,320
2004B5TS0761H,2004,109
2014A3TS0773G,2014,393
2023A7TS0994H,2023,735
2006B2PS0403P,2006,165
2005B2PS0772P,2005,149
2019A8TS0106H,2019,511
2010B1TS0872G,2010,291
2005B1PS0140G,2005,142
2023A7PS0073G,2023,746
2013AAPS0817P,2013,352
2007A3TS0425P,2007,195
2013B4TS0824P,2013,365
2005B2TS0056H,2005,125
2016B1PS0075G,2016,427
2011B4TS0752P,2011,307
2014B2PS0131P,2014,395
2008A1TS0252H,2008,248
2009B1PS0795P,2009,263
2014B5TS0012P,2014,386
2016A7PS0573P,2016,428
2023B4TS0284P,2023,735
2011A1PS0005H,2011,313
2018A3TS0976P,2018,477
2013B2PS0813P,2013,365
2024A3PS0584P,2024,757
2005B2PS0766P,2005,129
2009B2PS0507H,2009,272
2014B1PS0216H,2014,395
2022B3TS0105G,2022,656
2011A4PS0780H,2011,309
2011B1TS0420P,2011,303
2022A4PS0774H,2022,669
2008A8PS0873P,2008,225
2023A3TS0047H,2023,712
2020A8PS0091G,2020,564
2018A4PS0360G,2018,486
2020A3PS0295P,2020,552
2018B1PS0815H,2018,495
2016B2PS0696P,2016,438
2011A7PS0052G,2011,308
2004A7PS0416P,2004,122
2012B1PS0913H,2012,325
2009B5TS0248H,2009,256
2024B1PS0325G,2024,840
2013A7PS0610P,2013,355
2011B3TS0186P,2011,313
2009B2PS0831G,2009,269
2007A4PS0972G,2007,176
2011A8TS0542G,2011,309
2022A7PS0600P,2022,688
2014B4TS0840G,2014,390
2004A4PS0369G,2004,116
2014B4PS0642H,2014,388
2022B1PS0507P,2022,676
2021A3TS0406G,2021,613
2008AAPS0045P,2008,225
2015A3PS0036H,2015,421
2009AAPS0099G,2009,255
2009A3TS0882G,2009,262
2008A8TS0650H,2008,237
2012A3PS0909G,2012,327
2011A7PS0954G,2011,321
2019B1TS0203G,2019,501
2013B3TS0157P,2013,363
2004AATS0540G,2004,102
2012B1TS0682G,2012,342
2016B4PS0250G,2016,437
2024A7PS0021P,2024,819
2023A3PS0814P,2023,719
2022A7PS0473P,2022,692
2016AATS0631H,2016,433
2014B4PS0677P,2014,392
2024B5TS0299H,2024,804
2023B3TS0111G,2023,708
2009A4PS0231G,2009,256
2008AAPS0401H,2008,238
2016B5TS0654G,2016,447
2023B3PS0965H,2023,736
2017B2PS0187G,2017,469
2016B1PS0309H,2016,436
2017AAPS0128H,2017,452
2008A8TS0096G,2008,248
2020A1TS0689G,2020,558
2014A1TS0021H,2014,382
2022A8PS0954G,2022,671
2023B5PS0234H,2023,712
2020A7TS0170G,2020,563
2023AAPS0394P,2023,728
2023A3PS0297P,2023,708
2013B5TS0190G,2013,371
2020B1TS0818G,2020,577
2011B1TS0483P,2011,314
2007A4TS0294P,2007,179
2012A4PS0656G,2012,338
2016B1PS0234G,2016,427
2022A1PS0102H,2022,669
2004AATS0984G,2004,112
2019A4TS0498H,2019,542
2023A3TS0798P,2023,701
2011A4PS0300G,2011,319
2015B3PS0713P,2015,424
2011A4TS0140P,2011,302
2007B3PS0667H,2007,199
2020B4PS0262H,2020,591
2013A1PS0729G,2013,367
2011A1TS0260G,2011,321
2005B3PS0280H,2005,139
2021A1TS0242P,2021,637
2005A7PS0204H,2005,146
2018B5PS0970H,2018,478
2006A4TS0518H,2006,154
2018B5PS0883H,2018,495
2021B1TS0459H,2021,602
2022A7PS0775H,2022,672
2018A8TS0973P,2018,485
2015B4PS0565G,2015,411
2024B2PS0326P,2024,763
2024B2TS0809H,2024,829
2007B2TS0527G,2007,175
2019B5TS0201H,2019,518
2011B4TS0825H,2011,319
2016AATS0390H,2016,438
2019A1PS0774H,2019,541
2005B1TS0091P,2005,147
2005A4TS0096H,2005,143
2006B2TS0590G,2006,167
2015A1PS0102P,2015,418
2018B5TS0991G,2018,478
2021B1TS0531H,2021,627
2016A1PS0395G,2016,434
2024AATS0491H,2024,800
2006B2PS0001H,2006,170
2017A1PS0825H,2017,464
2014A7PS0220G,2014,377
2012B2TS0815P,2012,334
2007AAPS0964H,2007,180
2005B1PS0391H,2005,145
2018B1TS0382H,2018,487
2011A7PS0062H,2011,304
2020AAPS0895G,2020,560
2018A3PS0216P,2018,478
2004B4TS0832G,2004,101
2004B1TS0350P,2004,119
2022A8PS0847G,2022,656
2012B3PS0105P,2012,332
2008B1TS0551H,2008,237
2017A8PS0481G,2017,472
2011A7PS0184P,2011,320
2015A1TS0886P,2015,424
2022B5TS0224G,2022,677
2015A7TS0973H,2015,424
2016B4PS0575P,2016,443
2023B5PS0054G,2023,726
2020B2TS0718H,2020,590
2019B4TS0876H,2019,529
2006A1TS0682P,2006,169
2012B4PS0117H,2012,348
2012B2PS0840H,2012,341
2015A8TS0166P,2015,420
2016A8TS0594P,2016,444
2012B5PS0207H,2012,328
2013B2PS0030H,2013,352
2010B5PS0683G,2010,277
2014B4PS0300G,2014,378
2022A1TS0150H,2022,696
2010A8TS0974P,2010,287
2013B4PS0668G,2013,354
2018B3PS0102P,2018,486
2017A3TS0675P,2017,470
2023A7TS0505P,2023,737
2017B4PS0887H,2017,451
2022A7PS0789P,2022,686
2008B5PS0341G,2008,231
2022B4TS0212H,2022,679
2018B2PS0921G,2018,489
2015A8TS0276H,2015,407
2013A3PS0479G,2013,363
2017B3PS0276P,2017,459
2021A7PS0379G,2021,602
2024B2TS0975H,2024,800
2018B2PS0391H,2018,481
2009AAPS0950G,2009,260
2005B4TS0682P,2005,141
2008A1PS0169P,2008,229
2015A8TS0110P,2015,401
2012A3TS0941H,2012,337
2008B3PS0713G,2008,246
2022A8PS0239P,2022,663
2024A4PS0709P,2024,806
2007A7PS0861G,2007,196
2018B1TS0589H,2018,491
2004B2PS0425G,2004,114
2022B3TS0461H,2022,652
2023B4PS0339H,2023,709
2016B1TS0199H,2016,430
2014B2TS0863G,2014,377
2021A4TS0050H,2021,608
2010AAPS0459P,2010,294
2009AATS0156H,2009,251
2022B2PS0944H,2022,652
2008B5PS0971P,2008,249
2007B5TS0026P,2007,189
2006A4PS0278H,2006,164
2011A8PS0815H,2011,312
2007A1TS0928G,2007,181
2015A4TS0448P,2015,409
2008A1TS0060P,2008,241
2005B4TS0411H,2005,137
2014AAPS0437G,2014,397
2014B5TS0420G,2014,391
2022B3TS0406P,2022,672
2017B2TS0666H,2017,466
2004B5PS0508H,2004,100
2014AATS0026H,2014,375
2009A7PS0672P,2009,265
2013B5TS0724H,2013,373
2008A7TS0447G,2008,228
2019B5TS0816G,2019,502
2013A7TS0022G,2013,350
2010A4PS0491G,2010,285
2008B1TS0949G,2008,243
2011A3PS0842H,2011,301
2014A8PS0473H,2014,383
2005B4TS0143P,2005,146
2012B4PS0205H,2012,343
2019B3TS0057G,2019,541
2018AAPS0503H,2018,491
2008B2PS0087H,2008,233
2022A3TS0382P,2022,680
2015B2TS0504P,2015,415
2015A3PS0708H,2015,403
2015B4TS0400G,2015,405
2014A4TS0855H,2014,391
2008B5TS0229G,2008,241
2004B4PS0311G,2004,121
2009B4PS0725P,2009,274
2005A1PS0783G,2005,134
2009AAPS0950P,2009,259
2016A3TS0341G,2016,432
2024A4PS0461H,2024,760
2005A4TS0158G,2005,128
2020A8PS0153H,2020,570
2017B4PS0438P,2017,467
2020B1PS0372P,2020,592
2015A4TS0727G,2015,406
2004A4TS0291P,2004,110
2019A4TS0396G,2019,518
2007A4PS0284H,2007,188
2023A4TS0258H,2023,732
2023B5TS0329P,2023,711
2008A8TS0598P,2008,234
2013A3PS0697G,2013,366
2018A4TS0224P,2018,495
2011B3PS0944G,2011,318
2016B2TS0920P,2016,443
2022B3TS0354G,2022,694
2024B3PS0253H,2024,759
2007A4TS0238P,2007,176
2015A1PS0571H,2015,414
2013B3PS0740G,2013,366
2019B5PS0405H,2019,528
2023A3TS0207H,2023,718
2010B4TS0855G,2010,278
2014B1TS0933H,2014,386
2019B4PS0379G,2019,536
2012B3PS0530P,2012,341
2019AAPS0754P,2019,514
2005B5PS0930P,2005,144
2008AATS0452H,2008,240
2022AATS0723G,2022,670
2009A7PS0412H,2009,268
2010A1PS0557H,2010,286
2023B1PS0739H,2023,721
2018A3TS0300G,2018,486
2022A7TS0243P,2022,691
2024B4PS0005P,2024,810
2006B4PS0648H,2006,158
2005A7PS0348G,2005,129
2018B3TS0912G,2018,493
2010A3PS0024P,2010,287
2016A3PS0821G,2016,436
2006B5TS0931H,2006,167
2017A1TS0588P,2017,472
2015A4TS0756P,2015,400
2006B4TS0683H,2006,172
2009B3TS0665P,2009,252
2008B4TS0011G,2008,235
2023B3TS0411P,2023,729
2014A3TS0202P,2014,391
2023B5PS0650G,2023,739
2005A8TS0935G,2005,129
2011A4TS0363H,2011,322
2017A4PS0787P,2017,474
2013B5TS0047G,2013,351
2014B5PS0229P,2014,383
2006AATS0125G,2006,166
2021B2TS0665P,2021,617
2012AAPS0870H,2012,332
2016B1TS0820H,2016,435
2014B1TS0585H,2014,393
2014B1TS0694H,2014,382
2015B1TS0725P,2015,421
2022B2PS0428G,2022,652
2023B4PS0125G,2023,703
2018B4TS0645G,2018,478
2012B3TS0148H,2012,343
2021A4PS0924H,2021,600
2014A1TS0223G,2014,383
2016A3PS0299P,2016,448
2009A7PS0926G,2009,267
2012B3PS0911G,2012,330
2013A4PS0056P,2013,372
2008A4PS0194P,2008,244
2020B3PS0064G,2020,565
2019A7PS0522G,2019,508
2006A3PS0007G,2006,168
2019AAPS0549G,2019,515
2016B3TS0111P,2016,429
2017B2TS0586P,2017,470
2012A8TS0810P,2012,339
2024B1PS0747P,2024,780
2008A7TS0268H,2008,230
2015A7TS0242P,2015,405
2014A8TS0785G,2014,385
2007B4TS0485G,2007,185
2020B3TS0532G,2020,583
2013A4TS0317P,2013,364
2023AATS0028P,2023,735
2021B2TS0948G,2021,604
2023B2TS0640H,2023,703
2016B4PS0886H,2016,436
2008B5TS0702P,2008,227
2023A4PS0488P,2023,747
2022A1PS0426H,2022,654
2022B1TS0936P,2022,679
2010A7PS0706H,2010,285
2006B2TS0299H,2006,158
2011A8TS0682P,2011,305
2022B3TS0522H,2022,686
2023A3PS0516G,2023,737
2006A3TS0571H,2006,151
2007B2PS0994G,2007,187
2010B1PS0293P,2010,281
2018B4TS0790H,2018,495
2019B3TS0841H,2019,503
2023B2PS0519P,2023,726
2006B2TS0033G,2006,161
2022B2TS0188P,2022,664
2018B1PS0567G,2018,480
2022A1TS0329G,2022,663
2016A1PS0946G,2016,441
2014B2PS0558G,2014,385
2008B2TS0973G,2008,244
2024B3PS0256H,2024,842
2022A4PS0171H,2022,689
2024AAPS0648G,2024,820
2010A1TS0339G,2010,276
2017B3PS0745P,2017,457
2013A4PS0909H,2013,369
2004A1TS0976H,2004,109
2017B2TS0856P,2017,469
2007A1TS0641P,2007,186
2021A8PS0972P,2021,644
2017B3TS0519H,2017,450
2008A7TS0349P,2008,227
2004B2PS0010H,2004,104
2014A3PS0472P,2014,379
2015B1TS0614G,2015,414
2008B3PS0249G,2008,233
2004A4TS0545H,2004,107
2018A3PS0449G,2018,490
2024B3PS0728P,2024,813
2023A3PS0267P,2023,723
2022B4TS0408P,2022,664
2016A8PS0347P,2016,427
2020B3PS0332P,2020,595
2009B3TS0362H,2009,258
2007B2TS0275H,2007,188
2010A1TS0057H,2010,296
2008AAPS0520H,2008,243
2020B2PS0032G,2020,581
2009A3PS0171P,2009,260
2018A3PS0755G,2018,491
2019AATS0683P,2019,507
2018A3PS0541P,2018,494
2011AATS0464P,2011,312
2005B5PS0561G,2005,144
2020B4TS0204G,2020,571
2015A4PS0961P,2015,423
2013A7PS0279G,2013,362
2007AAPS0696H,2007,196
2008AATS0977P,2008,229
2008B4TS0169G,2008,230
2021B5TS0760G,2021,639
2005A7PS0024P,2005,148
2023A4TS0011H,2023,749
2008A8TS0210H,2008,243
2007B2TS0337H,2007,186
2008B4PS0720P,2008,237
2022A8TS0887G,2022,659
2018A7PS0483G,2018,491
2014B2PS0117P,2014,393
2023A4TS0814H,2023,738
2024B1PS0730P,2024,817
2007B1PS0814H,2007,187
2015AATS0865P,2015,419
2020B1PS0490P,2020,579
2012A7TS0001G,2012,347
2018B1TS0926P,2018,482
2017A7PS0297G,2017,461
2019B1PS0521G,2019,534
2011B4PS0947P,2011,323
2022B4TS0084G,2022,668
2019B4TS0471H,2019,545
2018A7TS0768P,2018,479
2022B2TS0362H,2022,679
2004B1TS0695H,2004,113
2018A1TS0537H,2018,498
2007AATS0759P,2007,192
2017B5PS0557G,2017,473
2019A7PS0607G,2019,523
2006A7TS0749G,2006,153
2006B4PS0707G,2006,173
2011B2TS0795G,2011,317
2023A3TS0818P,2023,742
2015B5PS0052P,2015,418
2004AAPS0512H,2004,103
2013A4PS0295P,2013,374
2004A3PS0861H,2004,106
2024B3TS0056H,2024,824
2006A8PS0118H,2006,154
2008B5PS0809P,2008,228
2009A4TS0152G,2009,261
2009B2PS0039G,2009,252
2008B5PS0581G,2008,225
2015A3PS0070P,2015,414
2024AATS0431G,2024,750
2017A3PS0584H,2017,459
2018A1TS0696H,2018,476
2011A4PS0853H,2011,318
2007AAPS0318G,2007,190
2018AAPS0744H,2018,490
2009A1TS0130P,2009,267
2014A3TS0810G,2014,394
2014AAPS0173P,2014,382
2018A8PS0909G,2018,496
2015A3PS0273H,2015,402
2016A8TS0837G,2016,435
2007B1PS0583H,2007,190
2013B1PS0439H,2013,356
2018B5PS0315H,2018,488
2019A1PS0780H,2019,516
2005B2TS0340H,2005,129
2005A3TS0912H,2005,125
2004B5PS0349H,2004,123
2006B1PS0189G,2006,155
2014B1TS0087H,2014,395
2018AATS0545G,2018,484
2006AAPS0033H,2006,162
2020B1PS0990G,2020,590
2018B5TS0551G,2018,490
2016A3TS0374G,2016,425
2024A3TS0287H,2024,842
2009A7TS0151P,2009,273
2017A3TS0610P,2017,473
2004AATS0328H,2004,102
2020A8TS0727G,2020,597
2013A7TS0237H,2013,350
2010B3TS0318G,2010,297
2017B4TS0234G,2017,471
2008B3PS0259H,2008,247
2009A3PS0765H,2009,268
2014B5PS0092P,2014,396
2006B1TS0118G,2006,170
2012B4TS0059G,2012,340
2023B2PS0495P,2023,738
2018B4PS0355H,2018,498
2009B4PS0625G,2009,259
2007A4PS0280G,2007,189
2012B1PS0816P,2012,334
2013A1TS0257H,2013,360
2022B5TS0813G,2022,694
2011A3TS0325G,2011,301
2014B5TS0680G,2014,375
2024A4PS0194P,2024,816
2004A1PS0311G,2004,102
2018A1PS0411H,2018,487
2023AATS0716G,2023,734
2021A4PS0734H,2021,604
2021B5TS0351P,2021,629
2006A7PS0904P,2006,159
2012B3TS0176G,2012,336
2010A1TS0302G,2010,287
2012A4TS0332H,2012,343
2021A7PS0364H,2021,607
2010A4PS0967G,2010,291
2010B2PS0132G,2010,296
2015A8TS0583G,2015,414
2010B2PS0003P,2010,294
2021B3PS0721H,2021,607
2006B3TS0224G,2006,162
2005A4PS0041H,2005,134
2009AATS0232P,2009,274
2019A4PS0262H,2019,530
2019B3TS0017H,2019,542
2010B5TS0593H,2010,279
2014B5TS0863G,2014,395
2020B5TS0544G,2020,581
2016B2PS0473P,2016,425
2022A3TS0208P,2022,684
2004A8PS0656H,2004,110
2013B2TS0274P,2013,364
2020B5TS0147P,2020,554
2016A1TS0820H,2016,446
2014B2PS0287H,2014,376
2005A4PS0354P,2005,140
2015B4PS0206G,2015,423
2023B5PS0669P,2023,724
2009A1PS0384G,2009,258
2024B3TS0846P,2024,800
2019B5PS0187H,2019,548
2017A4PS0312H,2017,457
2004B1PS0455P,2004,116
2021B2PS0473H,2021,620
2012B4PS0917H,2012,329
2024B4PS0877G,2024,823
2013B4PS0715P,2013,368
2014B1TS0282P,2014,383
2008B4PS0518G,2008,245
2022B2PS0099P,2022,683
2024B5PS0059H,2024,822
2016B5TS0278G,2016,444
2008A7TS0609H,2008,241
2019B1TS0315G,2019,533
2022AATS0307H,2022,679
2008A4PS0729G,2008,232
2014A4PS0111H,2014,397
2007A3TS0848H,2007,199
2015A8PS0487H,2015,423
2008A4TS0306H,2008,240
2006B5TS0736H,2006,155
2011A8TS0780H,2011,314
2018B3PS0317P,2018,497
2005B2PS0969P,2005,125
2018A4PS0506G,2018,475
2008A8TS0778P,2008,236
2019AATS0568G,2019,546
2006B1TS0269H,2006,163
2014A3PS0862H,2014,376
2008B4TS0257P,2008,234
2021B1PS0493G,2021,622
2017A4TS0170P,2017,465
2010B4TS0986H,2010,296
2024A4PS0398G,2024,824
2012A4TS0211H,2012,342
2014A7TS0882P,2014,394
2019AAPS0735G,2019,519
2005AAPS0679H,2005,129
2020AAPS0693P,2020,556
2006A8PS0443P,2006,159
2017A3TS0968H,2017,468
2019A7PS0668G,2019,544
2020A8TS0514H,2020,581
2022B5PS0575G,2022,661
2023A7PS0558P,2023,724
2008B5PS0814G,2008,236
2023A4TS0978H,2023,701
2009A3TS0810G,2009,272
2013AATS0367H,2013,370
2007A8PS0437H,2007,193
2024A3PS0296H,2024,763
2019A8PS0326H,2019,509
2015A8PS0026H,2015,412
2014AAPS0643H,2014,375
2023B1PS0664H,2023,703
2018A3PS0409P,2018,496
2010AATS0572H,2010,285
2020B1PS0969G,2020,565
2022B5PS0415G,2022,694
2013B4PS0502G,2013,371
2010A4PS0976G,2010,285
2015B4TS0564H,2015,415
2022B4PS0547G,2022,677
2023B1TS0509H,2023,715
2011A1TS0947P,2011,302
2023AAPS0349G,2023,747
2017A4TS0909G,2017,455
2005A3TS0987G,2005,148
2010B2PS0194G,2010,294
2012A7PS0635P,2012,335
2006B5TS0082G,2006,161
2018B2PS0523H,2018,475
2011A1PS0123G,2011,300
2011B2TS0824P,2011,300
2011B2PS0928G,2011,319
2012B2TS0873P,2012,341
2021B1TS0620P,2021,631
2017B5TS0137P,2017,464
2021A7PS0139G,2021,627
2010B1PS0360P,2010,296
2020B5PS0789P,2020,565
2013B1TS0895H,2013,355
2011A3TS0364H,2011,324
2016B3TS0434P,2016,436
2018B4TS0223P,2018,481
2009B5TS0544P,2009,255
2024B2TS0035H,2024,793
2011A8PS0926H,2011,310
2021A1TS0444P,2021,624
2021A8TS0906G,2021,637
2020B1PS0266H,2020,569
2010A1PS0263P,2010,297
2022A7TS0129H,2022,686
2017B2TS0389H,2017,465
2022A3PS0414P,2022,688
2009A1PS0444P,2009,266
2017A4TS0754P,2017,458
2010AAPS0792G,2010,299
2010AATS0807P,2010,293
2014A7TS0351P,2014,384
2004A3TS0464H,2004,108
2004A4TS0997G,2004,109
2004B1PS0815P,2004,108
2022A7TS0683G,2022,656
2019B1TS0908G,2019,540
2006B3PS0919H,2006,156
2020B1PS0871H,2020,553
2013A4TS0101P,2013,359
2004B2PS0856H,2004,117
2021B1PS0244P,2021,624
2013B2TS0242H,2013,357
2022AATS0372H,2022,656
2017A1TS0395H,2017,468
2021B4TS0390G,2021,619
2014A1PS0665H,2014,378
2023A4TS0136P,2023,729
2014A1PS0922G,2014,381
2011B1PS0607G,2011,301
2006A3TS0450H,2006,165
2010B1TS0079P,2010,281
2022AAPS0962H,2022,696
2019B1TS0107H,2019,511
2023B2TS0635P,2023,744
2009A8TS0694P,2009,273
2024B3PS0429G,2024,773
2020A7TS0509P,2020,555
2016B5TS0183H,2016,431
2009A4PS0671G,2009,256
2010B1TS0564G,2010,287
2021B5PS0886G,2021,641
2005B4PS0410G,2005,131
2018A3TS0318G,2018,476
2018A3PS0580P,2018,489
2012B1PS0855G,2012,349
2004AAPS0739H,2004,111
2021B1TS0850H,2021,621
2016AAPS0013H,2016,439
2019A4PS0521P,2019,539
2012A8TS0771P,2012,333
2020A4TS0539G,2020,581
2005AAPS0993P,2005,127
2015AAPS0104P,2015,410
2013A7PS0618G,2013,370
2004A8PS0814P,2004,104
2017A8TS0254H,2017,460
2019B5TS0958P,2019,502
2017A1TS0363H,2017,474
2014B4PS0824P,2014,379
2021B2PS0043G,2021,637
2021B1PS0135P,2021,640
2018A3TS0185H,2018,488
2017A3PS0290G,2017,472
2011B3PS0312P,2011,316
2013B3TS0484G,2013,372
2010B3PS0271P,2010,278
2006B4PS0266H,2006,169
2013B5PS0949H,2013,366
2023B2PS0206G,2023,729
2011A1TS0037P,2011,313
2011A7TS0404P,2011,318
2022A3TS0289H,2022,669
2023B5TS0871H,2023,715
2009B1PS0226H,2009,262
2005A1PS0693P,2005,138
2019B4TS0348P,2019,531
2023B4TS0406H,2023,731
2008B4PS0203H,2008,234
2007B1PS0235G,2007,199
2022A3PS0764H,2022,680
2022B3PS0497G,2022,686
2022A3PS0668G,2022,677
2014B3PS0901P,2014,383
2008B3TS0586P,2008,241
2009B1TS0683H,2009,271
2010B4TS0920P,2010,288
2010B1PS0993P,2010,288
2021A8TS0647G,2021,629
2023B3PS0621H,2023,708
2011B5PS0123G,2011,315
2024B4TS0610H,2024,806
2014AAPS0692H,2014,376
2012A1PS0593G,2012,328
2021B1TS0402H,2021,645
2004A3PS0532H,2004,112
2020A1PS0895G,2020,559
2004A8TS0030G,2004,107
2023A8TS0319G,2023,713
2007A7TS0860P,2007,199
2011A3TS0174P,2011,305
2019A3TS0628G,2019,546
2016AAPS0986G,2016,426
2014A8PS0607H,2014,390
2005A8TS0229G,2005,142
2009A8TS0842H,2009,253
2007B4PS0768G,2007,197
2010A3TS0104P,2010,288
2011A8TS0194G,2011,317
2008B1PS0603P,2008,233
2016A7TS0193H,2016,444
2013B5PS0698G,2013,363
2016B3PS0574P,2016,447
2011B5PS0536H,2011,305
2007B4TS0937H,2007,195
2014B1PS0290G,2014,383
2015B1PS0493P,2015,422
2023A1TS0996H,2023,713
2017A1TS0281G,2017,460
2004B3TS0791H,2004,114
2024A1PS0666H,2024,765
2005A1TS0155P,2005,142
2015A8TS0714H,2015,420
2020B4TS0126P,2020,580
2007B3TS0782P,2007,183
2019B2TS0232P,2019,549
2006B2TS0555H,2006,155
2019B1TS0279G,2019,505
2009B4TS0063H,2009,255
2008B5TS0734H,2008,249
2008A8PS0075H,2008,242
2012A3PS0573H,2012,340
2012B1PS0313P,2012,325
2023A1PS0905P,2023,710
2007B5PS0338G,2007,199
2010B2TS0647P,2010,296
2005A1PS0480H,2005,149
2008A1TS0863G,2008,230
2004A8PS0596G,2004,112
2015B4TS0518H,2015,403
2016B4PS0640P,2016,431
2017B1TS0674P,2017,468
2008B4TS0402P,2008,229
2020A1TS0302G,2020,575
2005A8TS0817H,2005,136
2008B2TS0822P,2008,234
2006A3TS0890H,2006,154
2006A1PS0438G,2006,154
2005A3TS0004H,2005,134
2023AATS0660H,2023,719
2018A1TS0351G,2018,491
2024B1PS0342P,2024,848
2024B1TS0937H,2024,845
2024B1TS0796G,2024,753
2021A3TS0735G,2021,614
2023A1PS0762P,2023,720
2004A8TS0456H,2004,100
2014B5TS0787P,2014,375
2018B5TS0306G,2018,493
2016A4TS0154P,2016,444
2021A3TS0582H,2021,613
2009B4PS0270H,2009,271
2013AAPS0554G,2013,359
2009B1PS0825H,2009,271
2007B1TS0901G,2007,189
2010A8PS0948H,2010,279
2010B3PS0696G,2010,293
2017A7PS0683G,2017,470
2019A3PS0849P,2019,530
2024B2PS0641H,2024,833
2017A7PS0751P,2017,472
2009A4PS0084H,2009,260
2024B2TS0467H,2024,821
2013B5TS0519G,2013,367
2014A4PS0071G,2014,387
2018AAPS0237H,2018,481
2022A8PS0710H,2022,680
2017B3PS0400H,2017,461
2022A4TS0373G,2022,676
2024A4PS0072P,2024,849
2014B2PS0033H,2014,383
2006B4PS0255G,2006,170
2018A3PS0022G,2018,497
2021A3TS0679G,2021,628
2023B3PS0940H,2023,714
2024A4TS0736G,2024,812
2014B3TS0645G,2014,399
2013B4PS0315G,2013,350
2014A1PS0262G,2014,398
2021A3TS0692P,2021,631
2007A3PS0528G,2007,194
2023B3TS0046P,2023,745
2005A7TS0489G,2005,131
2018B2TS0380H,2018,478
2010B5PS0682P,2010,290
2020A1PS0856P,2020,575
2012B3TS0525G,2012,346
2022A7TS0536H,2022,681
2016A8TS0849H,2016,436
2013B2TS0192P,2013,362
2018A1PS0855P,2018,489
2015A4TS0456H,2015,406
2020B5PS0643P,2020,592
2006B4TS0330G,2006,158
2018AAPS0152H,2018,475
2014A1PS0071G,2014,391
2005A3PS0033G,2005,143
2007B1TS0342G,2007,199
2010A1TS0631G,2010,280
2014A7TS0008H,2014,390
2014B3PS0206H,2014,387
2022AAPS0308P,2022,671
2016B3PS0844G,2016,433
2022A3PS0282H,2022,665
2022A8TS0744P,2022,682
2019A1TS0133G,2019,503
2010B5TS0603H,2010,277
2018AAPS0794G,2018,480
2017B4TS0489P,2017,452
2018A8TS0540G,2018,476
2009A4TS0615P,2009,250
2005A3PS0191P,2005,142
2013B3TS0903G,2013,356
2011A8TS0747G,2011,316
2024A8PS0995G,2024,821
2007B1TS0374P,2007,177
2005B1PS0583G,2005,137
2021B4TS0150H,2021,640
2011A4PS0134G,2011,318
2004A8TS0987P,2004,106
2016A3TS0522P,2016,441
2009A7PS0046P,2009,265
2023B4TS0050G,2023,749
2022A7TS0834H,2022,663
2006A3PS0643P,2006,167
2008B2TS0848P,2008,227
2008B2PS0468H,2008,240
2021AAPS0538P,2021,646
2017AATS0432G,2017,473
2012A8TS0654G,2012,340
2022AATS0559H,2022,665
2010B2PS0131P,2010,284
2009AATS0501G,2009,266
2014A7TS0172P,2014,397
2012A3TS0649P,2012,335
2014AAPS0410P,2014,396
2023B4TS0251G,2023,721
2020A7PS0688H,2020,551
2008B1TS0311P,2008,238
2019A1PS0376P,2019,521
2006B5PS0218H,2006,150
2007B4TS0791H,2007,184
2006A8TS0940G,2006,160
2017A3PS0703G,2017,472
2009B5TS0805G,2009,271
2022AAPS0361P,2022,670
2008B4PS0779H,2008,244
2007A1PS0237G,2007,190
2021B3TS0175G,2021,609
2023B4PS0326P,2023,707
2011B5TS0488P,2011,305
2010A3TS0405G,2010,288
2007B3TS0941G,2007,190
2012AATS0351P,2012,337
2022A3PS0736P,2022,660
2004A4PS0074H,2004,118
2023AATS0250G,2023,712
2020AAPS0969H,2020,583
2008A7PS0649P,2008,249
2015A8TS0361H,2015,409
2009B1PS0198P,2009,255
2005B4PS0187G,2005,135
2024A3TS0520G,2024,769
2017A3TS0426H,2017,466
2022AATS0393P,2022,695
2019A8PS0683H,2019,500
2017A1TS0202P,2017,458
2010B5PS0829G,2010,281
2020B3PS0031H,2020,591
2009B5PS0107G,2009,266
2004A4TS0377G,2004,120
2016A8PS0555G,2016,444
2009B2TS0564G,2009,256
2015B4PS0988G,2015,413
2021AAPS0726P,2021,646
2024A1TS0782H,2024,831
2018B5PS0894P,2018,491
2013AATS0093P,2013,359
2007B3PS0739G,2007,192
2016B4PS0310P,2016,435
2016AAPS0209P,2016,431
2010A4TS0011G,2010,297
2009B5PS0474H,2009,264
2021B1PS0600P,2021,604
2024B4TS0592G,2024,763
2020AAPS0932H,2020,552
2010AAPS0449H,2010,285
2008B2PS0478G,2008,231
2013B5TS0684H,2013,373
2018B5TS0968G,2018,488
2006A3PS0143P,2006,155
2004A8TS0015H,2004,124
2012A1PS0614P,2012,327
2010A1TS0033P,2010,276
2020B1PS0058H,2020,564
2015B1TS0211G,2015,422
2005A3TS0064H,2005,138
2021A3PS0530G,2021,618
2014A3TS0091P,2014,376
2008A4PS0373P,2008,227
2018B2TS0894G,2018,481
2011A7TS0285G,2011,315
2015A3PS0329H,2015,422
2007A7PS0317G,2007,181
2024A3PS0488G,2024,795
2006B5PS0408H,2006,155
2023B5TS0792H,2023,725
2021B1TS0914H,2021,646
2019AAPS0842H,2019,508
2018B1PS0774H,2018,478
2018B3TS0837G,2018,480
2009A8PS0776G,2009,272
2020A7TS0272H,2020,570
2011B3PS0727G,2011,308
2008B2PS0264H,2008,228
2016B1PS0800G,2016,445
2010AATS0379P,2010,290
2017A1TS0452H,2017,474
2017A8TS0800P,2017,453
2012AAPS0598H,2012,344
2019A3PS0333G,2019,515
2016B5PS0336H,2016,443
2012A3TS0457P,2012,335
2008A1TS0246G,2008,244
2023B2TS0790G,2023,726
2008B1PS0330P,2008,232
2004B5TS0518H,2004,106
2010B2PS0860P,2010,291
2011B3PS0911G,2011,323
2005B4PS0872G,2005,125
2021A4PS0364H,2021,613
2011A1TS0879H,2011,324
2008A1PS0733G,2008,242
2021AAPS0776P,2021,637
2007B2TS0665P,2007,190
2007B3TS0074G,2007,199
2011A7TS0775G,2011,301
2014B5TS0371H,2014,390
2012B5TS0782P,2012,326
2023A3TS0917H,2023,726
2012A3PS0370P,2012,339
2021B1TS0543H,2021,627
2023A7TS0176H,2023,708
2004B5TS0217H,2004,106
2012A3TS0107P,2012,331
2013A7TS0324P,2013,372
2023A8TS0198G,2023,734
2012B4PS0700P,2012,327
2010A4PS0788P,2010,281
2019B2PS0643P,2019,531
2010A3TS0667P,2010,296
2009B5TS0316G,2009,273
2021A8TS0348G,2021,601
2008A4PS0987G,2008,243
2021B1TS0354H,2021,606
2022B3TS0597G,2022,655
2009A7TS0669H,2009,265
2020B4TS0469G,2020,591
2019B4TS0094G,2019,518
2013A8TS0174H,2013,364
2014A4PS0711G,2014,398
2020B2TS0864P,2020,583
2019B4PS0382P,2019,513
2019A3PS0149P,2019,518
2017B1TS0956H,2017,460
2010AATS0907H,2010,285
2004A4PS0579P,2004,112
2011A8PS0783H,2011,315
2014A3TS0915H,2014,383
2018B2TS0035G,2018,483
2016B4PS0587H,2016,428
2024B2TS0586P,2024,840
2010B3PS0689G,2010,291
2012B4TS0046G,2012,325
2010B3PS0963P,2010,298
2008A8PS0969G,2008,249
2004B2PS0207G,2004,124
2018B1PS0901G,2018,494
2020A1TS0664P,2020,556
2007A7PS0298H,2007,192
2008B2TS0485G,2008,235
2009A7PS0680P,2009,273
2012B5PS0925P,2012,335
2009B5TS0802G,2009,263
2022A7PS0527P,2022,661
2014B3PS0941P,2014,378
2007A1TS0574P,2007,191
2017A8PS0923G,2017,474
2009B1PS0622H,2009,250
2023B2TS0079P,2023,740
2010B5TS0254P,2010,281
2009B3PS0199G,2009,257
2008A8TS0055H,2008,239
2020A1PS0324H,2020,588
2010A3PS0412H,2010,295
2017B1PS0747P,2017,464
2022A1TS0095G,2022,650
2007B5PS0548P,2007,178
2006B1PS0992G,2006,153
2015A7PS0997H,2015,401
2020A4TS0700G,2020,564
2017B2TS0482G,2017,467
2010B3TS0650G,2010,287
2005B4PS0647P,2005,138
2009A4PS0381G,2009,256
2012B2PS0430G,2012,334
2019A4TS0585P,2019,529
2004A8TS0374H,2004,124
2021A1PS0387G,2021,645
2017A4PS0335H,2017,453
2022A1PS0258H,2022,684
2019A8TS0536G,2019,545
2008A8TS0473G,2008,248
2021AAPS0850H,2021,638
2007B1PS0755H,2007,183
2022B1TS0754G,2022,691
2024A7TS0909H,2024,839
2024A1TS0711G,2024,786
2006A8PS0717H,2006,156
2013B2PS0791H,2013,358
2021A1TS0489P,2021,631
2005B1PS0800G,2005,125
2022A4PS0637P,2022,686
2011B2PS0170H,2011,321
2019B4PS0261H,2019,529
2013A3TS0388P,2013,352
2017AAPS0667P,2017,458
2005B2PS0681H,2005,140
2023B1TS0675P,2023,728
2010B5TS0536H,2010,295
2017A7PS0123P,2017,468
2015B3TS0572G,2015,423
2007B4PS0669H,2007,188
2018B4TS0835P,2018,490
2014B3PS0734H,2014,379
2016B4PS0440G,2016,439
2015B1TS0996P,2015,400
2018B2PS0554G,2018,490
2018A8TS0732P,2018,484
2007B5PS0162H,2007,193
2024B3PS0133P,2024,825
2006A7TS0665G,2006,168
2009A7PS0382H,2009,251
2007B2TS0576H,2007,195
2013B5TS0696H,2013,359
2020B5TS0797P,2020,553
2008B4PS0938H,2008,236
2008B2TS0481P,2008,247
2017A3TS0222P,2017,464
2012A1TS0795P,2012,339
2012A1PS0838P,2012,338
2021A8TS0964P,2021,609
2011B4PS0860H,2011,306
2021B4TS0555P,2021,606
2020A1PS0077G,2020,599
2010B5TS0177G,2010,281
2015B2PS0790P,2015,412
2019A4PS0339G,2019,543
2016B5TS0468P,2016,431
2015B3TS0764H,2015,412
2010B2TS0950G,2010,287
2020A1PS0011H,2020,589
2005A7TS0837P,2005,137
2015B3TS0595H,2015,414
2008A8TS0985G,2008,226
2016B2TS0617P,2016,437
2005A3PS0196G,2005,132
2023B1PS0840H,2023,704
2021B1TS0217P,2021,613
2020A1PS0941H,2020,550
2005B3TS0159H,2005,147
2004A7TS0232G,2004,111
2005B1PS0442H,2005,141
2021B2PS0031G,2021,639
2009A8TS0125P,2009,269
2009B2TS0849P,2009,269
2015A7PS0200P,2015,403
2006B5TS0163H,2006,159
2007A8TS0044P,2007,175
2024A7PS0016H,2024,847
2006A3TS0754H,2006,157
2017A8PS0794H,2017,460
2004A1PS0328G,2004,123
2011A3TS0677H,2011,308
2004A8PS0835G,2004,108
2014B1TS0037H,2014,399
2009B3PS0611P,2009,256
2006AATS0968G,2006,155
2023B3TS0437P,2023,738
2022A8TS0532P,2022,652
2021B1PS0245H,2021,627
2015A1TS0728H,2015,402
2024A1PS0086G,2024,767
2016B1TS0122H,2016,435
2007AAPS0619H,2007,180
2007AAPS0619H,2007,192
2015A4TS0475G,2015,402
2004A3TS0993P,2004,122
2016A1TS0314G,2016,448
2011A8PS0812P,2011,314
2017A7PS0450P,2017,456
2022B2TS0739G,2022,689
2010A1PS0121P,2010,295
2017B3TS0355P,2017,460
2019B1TS0154P,2019,531
2012A7PS0496P,2012,338
2016B5TS0424H,2016,446
2019A7PS0888H,2019,539
2023A4TS0289P,2023,725
2004A1PS0142P,2004,122
2006A1PS0151G,2006,161
2019A1TS0322H,2019,518
2024B4PS0245P,2024,755
2006B2PS0646P,2006,163
2017A8PS0918H,2017,463
2014A4PS0562P,2014,386
2022B2TS0308G,2022,673
2010B1PS0541P,2010,280
2021B1TS0084P,2021,604
2022B2PS0912P,2022,668
2023AATS0487P,2023,739
2023A4TS0794P,2023,702
2015A4TS0730G,2015,402
2008B3PS0435H,2008,247
2014B3PS0574H,2014,388
2015B4TS0083H,2015,400
2013B2PS0358P,2013,369
2023A8PS0348P,2023,718
2006B3TS0475G,2006,155
2023A3TS0728H,2023,713
2006B1PS0440G,2006,172
2017A3TS0618G,2017,468
2011B2PS0277P,2011,302
2008B1PS0242H,2008,239
2020A3PS0132P,2020,566
2006A8PS0662G,2006,158
2013B1TS0815G,2013,366
2015A3TS0137P,2015,422
2019B5PS0944G,2019,519
2022B3PS0566H,2022,666
2024B3PS0284G,2024,775
2014A4PS0406P,2014,391
2020A8PS0297H,2020,580
2010A7PS0853G,2010,295
2015A3TS0910P,2015,406
2024B2TS0431H,2024,793
2012B2PS0596P,2012,343
2016B3TS0476P,2016,444
2020A4PS0875G,2020,592
2011B3PS0768H,2011,313
2004B4PS0736H,2004,111
2013A3TS0234P,2013,353
2013B2PS0006H,2013,370
2017B3PS0222P,2017,458
2019A7PS0249G,2019,514
2015A4PS0705P,2015,401
2013B4PS0301G,2013,369
2012A8TS0875H,2012,330
2019B2PS0043P,2019,539
2008B3PS0993G,2008,249
2011B4PS0181P,2011,313
2004B3TS0707G,2004,112
2015A4PS0327P,2015,418
2004B5PS0932P,2004,112
2016A8TS0049H,2016,442
2012B4TS0688P,2012,332
2017B3PS0814P,2017,457
2020B4PS0485G,2020,571
2007A4PS0575P,2007,177
2019A4TS0841G,2019,526
2012A4TS0676P,2012,331
2004B5TS0463G,2004,113
2015B1TS0371H,2015,419
2012B2TS0065H,2012,329
2013A1TS0664H,2013,371
2008A7TS0751G,2008,240
2008A8PS0457P,2008,249
2019B5TS0173H,2019,542
2017A7PS0166G,2017,467
2023A8PS0719G,2023,737
2022B1PS0407G,2022,699
2009A3PS0630P,2009,267
2010AATS0095G,2010,283
2021B3TS0097P,2021,644
2021B3PS0187P,2021,600
2008B2PS0704P,2008,243
2023AATS0311G,2023,725
2020A4TS0125H,2020,552
2016AATS0395H,2016,429
2004B1PS0584P,2004,104
2023A1TS0108G,2023,708
2015A1TS0517P,2015,402
2010B2PS0775P,2010,276
2018B4TS0299P,2018,481
2005B2TS0840P,2005,140
2011B1PS0923P,2011,316
2011B3PS0202P,2011,321
2004B2PS0068G,2004,113
2020A4PS0089H,2020,570
2006B5PS0271G,2006,157
2009A3TS0050P,2009,264
2004A8TS0708P,2004,111
2016B5TS0098H,2016,428
2019B4TS0259G,2019,508
2004B5TS0233H,2004,120
2009B3PS0623P,2009,262
2014A7TS0995G,2014,395
2010A3TS0403P,2010,298
2010B2TS0237G,2010,292
2018A4TS0514H,2018,492
2004A3PS0568P,2004,111
2008B5PS0419G,2008,247
2007B1PS0644G,2007,177
2010A1PS0917H,2010,296
2024B4TS0968H,2024,824
2006AAPS0125H,2006,154
2014AATS0765H,2014,386
2022B5PS0161H,2022,657
2013B1TS0372P,2013,373
2004A4PS0124H,2004,117
2007B3TS0106P,2007,186
2017B5TS0823H,2017,472
2004B4PS0844G,2004,107
2017B4TS0745H,2017,473
2009B2PS0344H,2009,272
2006A1TS0191G,2006,167
2004B2PS0289G,2004,100
2007B2PS0211H,2007,175
2020B1TS0829G,2020,552
2023B3PS0952H,2023,738
2011A4TS0180H,2011,305
2023A4TS0428H,2023,729
2014B1TS0215P,2014,391
2013B5TS0688P,2013,356
2014B2TS0056G,2014,377
2008A8TS0662P,2008,236
2008A8TS0172P,2008,228
2019A7TS0060H,2019,543
2007B3TS0220P,2007,181
2010A7PS0368G,2010,280
2023AATS0440H,2023,745
2011B5TS0237H,2011,304
2024A3PS0762H,2024,804
2021B2PS0779G,2021,641
2008A4TS0234G,2008,237
2024B4PS0234H,2024,829
2013B3TS0086H,2013,358
2011A1TS0798G,2011,305
2004AATS0488H,2004,121
2017B2TS0501H,2017,453
2007B3TS0677H,2007,194
2013B2TS0372G,2013,363
2009A8PS0561H,2009,253
2011A8TS0228P,2011,321
2012A7PS0033H,2012,347
2005A4TS0575H,2005,130
2021B4TS0281P,2021,630
2015B1PS0313H,2015,418
2015B1TS0572P,2015,414
2015AAPS0950G,2015,423
2007A1PS0589P,2007,194
2011B3PS0419G,2011,314
2017AATS0373H,2017,463
2021B3PS0959P,2021,629
2024B4PS0841H,2024,841
2015A3PS0261H,2015,414
2023A8TS0923H,2023,713
2012A7PS0962G,2012,335
2009A4TS0312P,2009,267
2006A3PS0512H,2006,166
2009A8TS0180P,2009,252
2007A3PS0052H,2007,178
2015A3PS0950H,2015,410
2018B2TS0347G,2018,499
2018A8TS0886P,2018,484
2020B1PS0876H,2020,565
2010B2TS0736H,2010,295
2024B1TS0265H,2024,804
2007A8TS0499H,2007,178
2021A7PS0257H,2021,605
2005AATS0555G,2005,129
2007A1TS0986P,2007,175
2011A3TS0738H,2011,316
2022B2PS0150G,2022,690
2022AAPS0208H,2022,663
2015AATS0127P,2015,418
2008B4PS0789H,2008,238
2005A8TS0935G,2005,146
2010B2TS0641G,2010,292
2005B1TS0955G,2005,136
2004AAPS0511H,2004,100
2017B3TS0231P,2017,466
2020AATS0988G,2020,561
2016B4PS0733G,2016,449
2021A8PS0298G,2021,644
2015A8TS0433P,2015,418
2017AATS0251H,2017,461
2008A8PS0680P,2008,232
2009B5PS0641G,2009,266
2012A1TS0673P,2012,344
2009A4PS0035H,2009,250
2021AATS0350P,2021,639
2006B1TS0352G,2006,151
2019B5PS0511H,2019,548
2008B3TS0809P,2008,232
2006A3PS0751P,2006,151
2009A8PS0292G,2009,257
2015B1PS0461G,2015,410
2017AATS0221G,2017,455
2021B1PS0702H,2021,638
2024A4TS0065H,2024,814
2017AATS0941H,2017,462
2010B3PS0944G,2010,296
2009B2PS0909G,2009,260
2020A8TS0775G,2020,550
2012A1PS0733H,2012,346
2007A4PS0533H,2007,197
2005AATS0346P,2005,125
2017B2PS0040P,2017,465
2012B2PS0616G,2012,340
2004A3PS0427H,2004,107
2011B4TS0130H,2011,313
2005AATS0403H,2005,134
2008A8PS0152H,2008,229
2010A7TS0428P,2010,277
2024B3TS0147G,2024,794
2013A3TS0246P,2013,360
2004B5TS0489H,2004,119
2004A7PS0885H,2004,108
2009B3PS0486G,2009,250
2011B3TS0716H,2011,319
2021B2TS0927H,2021,637
2015B4PS0141H,2015,409
2018A8TS0706P,2018,479
2004AAPS0324H,2004,108
2005B3PS0129G,2005,144
2008B3PS0227G,2008,248
2024B4PS0495G,2024,754
2018A3PS0111G,2018,496
2008A1PS0357P,2008,244
2013B4TS0024P,2013,359
2015A4TS0206G,2015,404
2016B1TS0879P,2016,434
2013A1TS0866H,2013,365
2024A4TS0407P,2024,847
2023B3TS0396G,2023,733
2024A4PS0314P,2024,756
2017B5PS0766G,2017,464
2011B4TS0265H,2011,301
2023A1TS0605G,2023,702
2004B2PS0244G,2004,120
2007A7TS0323H,2007,182
2020B5TS0465G,2020,591
2020A8TS0248G,2020,599
2009B3PS0382H,2009,258
2013B1TS0912H,2013,350
2015A1TS0196P,2015,404
2010A8TS0854H,2010,289
2016B2TS0208G,2016,430
2009B5PS0249P,2009,273
2006B2PS0934P,2006,159
2015A7PS0874H,2015,403
2018B1PS0264G,2018,490
2024B5PS0689P,2024,789
2014A7TS0295P,2014,395
2024B2PS0861H,2024,764
2020AAPS0514H,2020,567
2024B4TS0695H,2024,760
2022A8TS0055G,2022,658
2014A8TS0688P,2014,397
2006B2PS0450P,2006,167
2011B2PS0540P,2011,303
2013B4TS0156P,2013,352
2011AAPS0919P,2011,310
2019A4PS0041P,2019,528
2005B4TS0266G,2005,125
2004B1PS0509G,2004,122
2020A4PS0076H,2020,554
2010B2PS0908G,2010,296
2022A8TS0498G,2022,657
2007B2PS0209H,2007,175
2005A3PS0882G,2005,143
2006A8TS0712H,2006,172
2024B4PS0666G,2024,792
2023A8TS0006G,2023,705
2021AATS0484P,2021,613
2020A8TS0100P,2020,584
2008B1TS0079H,2008,230
2016A7PS0667G,2016,445
2020B3PS0519P,2020,596
2005B1PS0162H,2005,125
2019B5PS0510H,2019,538
2014B4PS0031H,2014,396
2012B5TS0530G,2012,336
2005A7PS0727P,2005,138
2020B4TS0020H,2020,583
2008B1PS0499H,2008,243
2008AATS0338G,2008,242
2008A8PS0055H,2008,238
2015A3TS0932G,2015,408
2004B3TS0913H,2004,122
2011A8TS0497G,2011,323
2005A8PS0834P,2005,145
2009B3TS0382G,2009,254
2019A8PS0092P,2019,503
2010A3PS0715P,2010,287
2010B1TS0053P,2010,298
2013A3PS0677H,2013,368
2022A1TS0231G,2022,661
2020A3PS0738P,2020,579
2016A4TS0619H,2016,445
2008B2TS0176P,2008,236
2006B2TS0734H,2006,165
2008B1TS0214H,2008,234
2012A8TS0766P,2012,349
2021A1PS0805G,2021,643
2024B2PS0605H,2024,828
2019A4PS0611G,2019,530
2015B5TS0086G,2015,412
2015AATS0634H,2015,422
2014B4TS0434G,2014,392
2008B3TS0350H,2008,234
2020AATS0383G,2020,571
2017A7PS0436H,2017,456
2005A4PS0594H,2005,139
2018B1TS0988P,2018,494
2016A1PS0633P,2016,440
2012B1TS0725G,2012,347
2022B3PS0533H,2022,683
2015A4TS0409H,2015,403
2017B5TS0953P,2017,461
2010AAPS0888G,2010,296
2008B3TS0545H,2008,235
2024A8PS0915G,2024,797
2013B4PS0490P,2013,369
2005AAPS0166G,2005,129
2021B5TS0743H,2021,648
2018AAPS0148H,2018,496
2020A8TS0617H,2020,585
2007A7TS0772H,2007,196
2008A7PS0968H,2008,234
2016B1TS0436P,2016,443
2020B1TS0013P,2020,598
2015A3PS0694H,2015,422
2020A1PS0205P,2020,565
2010B5TS0963H,2010,279
2012A3PS0464G,2012,343
2010B2TS0250G,2010,281
2021B4PS0003P,2021,638
2008B4TS0486G,2008,244
2020AATS0584G,2020,573
2012B5PS0972G,2012,342
2006B2PS0931P,2006,156
2009B2TS0501H,2009,263
2010B1TS0334H,2010,296
2008B3TS0657H,2008,228
2010A1TS0405P,2010,281
2013A1TS0437H,2013,352
2011B5PS0161H,2011,313
2019B2PS0598H,2019,504
2009A4PS0959P,2009,274
2007B1PS0912P,2007,181
2020B1PS0124P,2020,595
2021B5TS0861P,2021,647
2021B4PS0657H,2021,623
2012A7PS0029G,2012,333
2005B3PS0693H,2005,135
2016A3PS0611P,2016,439
2012AATS0806P,2012,339
2024A1PS0380G,2024,807
2006B1PS0760P,2006,166
2019B1TS0159G,2019,546
2006B2PS0852G,2006,160
2008A8PS0140G,2008,249
2006A4PS0608H,2006,164
2016B5TS0831P,2016,429
2012B1PS0869H,2012,335
2016B4PS0441H,2016,432
2019A8TS0511P,2019,524
2014A8TS0695G,2014,385
2018AAPS0564G,2018,479
2006B4PS0886G,2006,166
2023A1TS0602G,2023,741
2009B3TS0667H,2009,269
2016A7PS0287P,2016,437
2010B3TS0873P,2010,285
2008B3PS0974P,2008,234
2020B4TS0055H,2020,571
2019A1PS0634P,2019,538
2017B4TS0273P,2017,450
2010B2PS0334G,2010,294
2009B5TS0933G,2009,251
2011A4TS0318P,2011,324
2024B3TS0072H,2024,823
2017A4PS0117P,2017,454
2024A7TS0237G,2024,804
2012B3PS0963P,2012,332
2013B1TS0793H,2013,361
2005AAPS0621G,2005,137
2011B4PS0547P,2011,306
2006AATS0328H,2006,166
2016A8TS0742H,2016,449
2012B1TS0711H,2012,338
2023A8TS0309G,2023,725
2016B3PS0066G,2016,429
2020B2TS0128H,2020,590
2010B4PS0504P,2010,297
2010A3TS0928P,2010,278
2008B3TS0450P,2008,236
2015A3TS0046G,2015,410
2011B5PS0950H,2011,310
2007B3PS0228H,2007,192
2012B4TS0602P,2012,330
2021A3TS0747G,2021,607
2021A7TS0777P,2021,617
2005B3PS0459H,2005,133
2014AATS0081H,2014,394
2019B4TS0196P,2019,540
2021A1TS0331G,2021,629
2004A8PS0018G,2004,105
2007B1PS0291P,2007,193
2024B1TS0427H,2024,841
2021B3PS0024G,2021,649
2020B4TS0925H,2020,582
2015A3PS0411H,2015,421
2009B3TS0434G,2009,274
2009A7TS0152P,2009,266
2011A4TS0410H,2011,304
2009A7PS0060H,2009,264
2004A8PS0302P,2004,106
2012A4PS0669H,2012,346
2014A7PS0280P,2014,399
2011AATS0745G,2011,317
2011A3PS0368H,2011,302
2010A7TS0820G,2010,290
2021A3PS0830H,2021,644
2011A7PS0131H,2011,302
2018A3TS0788P,2018,493
2017A1TS0073G,2017,455
2021B4PS0688P,2021,643
2012A7PS0158H,2012,327
2019A4TS0317P,2019,526
2019A8PS0952G,2019,535
2009A1TS0161G,2009,265
2004B5PS0966P,2004,122
2020B1PS0087H,2020,587
2012B3TS0270G,2012,346
2022B5TS0464G,2022,693
2019A7TS0935H,2019,523
2016A3TS0576H,2016,445
2004B1PS0127H,2004,123
2019B4PS0820H,2019,548
2015AATS0535H,2015,417
2023B1TS0516P,2023,734
2018B5TS0269G,2018,491
2011B1TS0596H,2011,314
2013A8PS0620P,2013,358
2023B2PS0817P,2023,730
2017B2PS0684P,2017,466
2013B1PS0904G,2013,361
2015B5TS0151P,2015,409
2005B3TS0147G,2005,139
2009B1TS0610P,2009,250
2006B5PS0266G,2006,171
2007A7PS0325G,2007,181
2007B4PS0876H,2007,186
2004A3TS0960P,2004,123
2022B5PS0110P,2022,699
2008A8PS0662G,2008,244
2020A3PS0862H,2020,567
2004A4PS0871G,2004,110
2019A8TS0980G,2019,544
2024B5TS0874G,2024,776
2013A8TS0486G,2013,356
2009A7TS0223P,2009,252
2015A1TS0676G,2015,410
2012B1PS0341P,2012,327
2005A3PS0127H,2005,125
2023B3PS0193P,2023,705
2024A1PS0571G,2024,794
2020B3TS0091P,2020,592
2018B5PS0838G,2018,482
2015B1TS0195P,2015,416
2013A4PS0693P,2013,369
2019B1PS0406H,2019,536
2007A1TS0893G,2007,193
2008B1PS0153H,2008,248
2017A8PS0473P,2017,469
2021B5TS0223G,2021,639
2018A8TS0841H,2018,477
2017B1TS0039P,2017,451
2010A4TS0452G,2010,290
2022A3PS0522H,2022,671
2012B5PS0943H,2012,336
2005B3TS0911H,2005,142
2017B4PS0199H,2017,462
2016A4PS0483G,2016,425
2014A4TS0737H,2014,394
2018B1TS0726G,2018,476
2014B3PS0270P,2014,397
2008AATS0528G,2008,225
2015B1TS0241G,2015,415
2009B2TS0084H,2009,266
2004A7PS0235P,2004,123
2012B3PS0446P,2012,344
2011A1PS0124H,2011,314
2006A7PS0039H,2006,165
2021AAPS0505G,2021,602
2009B4PS0428H,2009,259
2019B3TS0366H,2019,518
2023A1PS0660G,2023,700
2004AAPS0806G,2004,101
2024B4TS0312H,2024,761
2015B1TS0382G,2015,421
2009B5PS0386H,2009,268
2017A7TS0386H,2017,452
2020A8TS0135H,2020,571
2010B3TS0043G,2010,296
2024B1TS0093H,2024,838
2006B4PS0821G,2006,160
2011B5TS0961P,2011,318
2019B3PS0316G,2019,523
2012B1TS0253P,2012,328
2019A7PS0950P,2019,521
2010A3TS0825H,2010,285
2009B2PS0008G,2009,272
2012A3PS0898G,2012,341
2015B1TS0682G,2015,414
2004A7PS0787H,2004,121
2019B4PS0381H,2019,533
2018A8PS0875H,2018,488
2013A8PS0537P,2013,363
2004B2TS0013G,2004,104
2014B5PS0208P,2014,391
2011A4PS0242G,2011,315
2009B5PS0366G,2009,268
2010B1PS0717H,2010,286
2024B5PS0535G,2024,790
2023B4TS0287P,2023,730
2012B1TS0448G,2012,330
2009A8TS0518G,2009,274
2011B3TS0268G,2011,311
2004A7TS0780G,2004,117
2022B5PS0725G,2022,689
2014B5TS0175G,2014,384
2008A7TS0362G,2008,236
2022B4TS0730G,2022,650
2006B1TS0364H,2006,150
2016B2TS0747P,2016,427
2010B1PS0971H,2010,288
2016A4PS0467G,2016,438
2018A7TS0612P,2018,483
2015AAPS0674H,2015,414
2007A1TS0731P,2007,178
2018B2PS0119P,2018,486
2006AAPS0830P,2006,154
2005B4TS0117P,2005,148
2022A1PS0997G,2022,698
2009A3TS0197P,2009,264
2024A4TS0317H,2024,821
2005B4PS0434P,2005,149
2005B1PS0567H,2005,128
2021A1TS0487H,2021,646
2005B3PS0511H,2005,135
2014B5TS0415P,2014,377
2009AAPS0395G,2009,265
2021B2TS0704G,2021,633
2004A3TS0614P,2004,111
2011B2TS0815P,2011,309
2023A7PS0840H,2023,709
2008B4TS0032G,2008,235
2020A3TS0171H,2020,558
2016A4PS0683H,2016,433
2004A4TS0333P,2004,114
2014B1TS0703P,2014,376
2014A1TS0219P,2014,396
2005A7TS0667G,2005,130
2023A7PS0554P,2023,747
2019B5PS0008G,2019,538
2012B2TS0497G,2012,337
2012A8PS0066P,2012,345
2021A8PS0709G,2021,603
2005B2TS0183P,2005,127
2020B1TS0005P,2020,568
2015B4PS0703P,2015,415
2024B5PS0251G,2024,753
2011A4TS0058H,2011,307
2007B1PS0887G,2007,196
2015B1TS0018H,2015,417
2017AATS0311G,2017,456
2006B4PS0766G,2006,151
2010A4TS0373G,2010,290
2024A1PS0249G,2024,791
2015A4PS0620H,2015,416
2024A4PS0845G,2024,796
2009B4TS0215G,2009,269
2012A3PS0490G,2012,327
2005AATS0868H,2005,137
2024A8TS0219H,2024,837
2016A1PS0180P,2016,429
2018A8TS0502H,2018,495
2013A7PS0780P,2013,374
2010A3TS0985P,2010,276
2018B5PS0890P,2018,483
2007A3TS0783P,2007,177
2006A8PS0345H,2006,169
2007B5PS0770G,2007,177
2019B1PS0312H,2019,531
2009A3PS0504H,2009,263
2010B5PS0119P,2010,294
2007B3PS0654H,2007,187
2016A8TS0287H,2016,425
2017B2TS0466P,2017,451
2019B1TS0410P,2019,514
2013A3PS0994G,2013,371
2014A7PS0492G,2014,382
2024A3PS0806P,2024,781
2012AAPS0914H,2012,326
2024A3TS0286G,2024,831
2012B4PS0488H,2012,334
2005A8PS0155H,2005,127
2013A8TS0606P,2013,360
2013B2PS0344P,2013,350
2015A7TS0876P,2015,424
2009B3TS0445G,2009,256
2015B4TS0672G,2015,408
2016AATS0472G,2016,435
2010A1PS0365G,2010,290
2015AATS0765G,2015,402
2024B4PS0083G,2024,817
2020B5TS0837H,2020,594
2023AAPS0349P,2023,735
2018B4TS0862P,2018,479
2024B2TS0546H,2024,787
2004AATS0515H,2004,117
2010A1TS0733G,2010,282
2005AAPS0901G,2005,126
2004AAPS0890H,2004,117
2015B1PS0125H,2015,424
2012AAPS0840G,2012,332
2014A8TS0850G,2014,396
2017A3PS0287P,2017,458
2020A4PS0209H,2020,581
2004A4TS0399G,2004,121
2021A1TS0318P,2021,608
2017B3PS0037H,2017,451
2020B3TS0666G,2020,588
2007A7TS0800P,2007,182
2014A4TS0165P,2014,395
2005B3TS0601P,2005,133
2007AATS0128P,2007,185
2019B3TS0968P,2019,536
2017A3PS0918H,2017,471
2016B5PS0324H,2016,444
2014B5PS0606P,2014,391
2011B5PS0849H,2011,323
2023B5PS0192G,2023,702
2015A3PS0899P,2015,421
2017A3TS0853H,2017,466
2010A3PS0020H,2010,275
2011A8TS0423P,2011,301
2020A3TS0685P,2020,590
2008A3TS0761P,2008,243
2018B1TS0410H,2018,491
2014AAPS0782P,2014,376
2018B2PS0987G,2018,489
2005A7TS0397G,2005,138
2007A4PS0412H,2007,180
2019A1TS0546P,2019,538
2009B3TS0033H,2009,258
2021A7TS0704P,2021,620
2024B1TS0255H,2024,771
2004A1TS0922H,2004,109
2023B4TS0874G,2023,704
2023A8PS0317H,2023,738
2008A7PS0454G,2008,249
2013B4PS0149H,2013,357
2005A7TS0849P,2005,132
2017A7TS0285H,2017,472
2018B1TS0314H,2018,498
2017A4TS0134P,2017,464
2007B3TS0701G,2007,198
2021A8PS0306G,2021,615
2019B2TS0309G,2019,537
2007A7PS0183H,2007,189
2018B5PS0205P,2018,491
2017B1TS0924P,2017,472
2014B3TS0261H,2014,390
2021A3PS0362G,2021,603
2014AAPS0043G,2014,380
2017A7TS0879H,2017,464
2014B3PS0536P,2014,386
2004B1TS0742G,2004,117
2020A4PS0913H,2020,555
2014B5PS0817P,2014,384
2015B3TS0774H,2015,400
2021B1TS0543H,2021,624
2021B4PS0011P,2021,613
2023B5TS0105H,2023,716
2007A3TS0468P,2007,188
2015B1TS0649H,2015,411
2017A7PS0960G,2017,461
2024A4TS0446P,2024,849
2004B4PS0422G,2004,111
2012A8TS0305G,2012,347
2009B3TS0959G,2009,264
2018A7TS0921G,2018,489
2013A4TS0992G,2013,354
2022A4TS0957P,2022,653
2018B3PS0237P,2018,477
2017AAPS0270G,2017,461
2017A3TS0282P,2017,455
2014B5TS0095G,2014,384
2006B2TS0204H,2006,166
2009A1PS0848G,2009,254
2016A1PS0340H,2016,444
2004B3PS0751H,2004,103
2015A3TS0092G,2015,418
2023A7TS0649G,2023,735
2009B1TS0839G,2009,265
2010B1PS0141H,2010,294
2007B1PS0492G,2007,186
2020B4PS0602P,2020,557
2005B3TS0090G,2005,133
2018A7PS0976H,2018,484
2020B3PS0514G,2020,557
2023A7TS0463H,2023,710
2016B2TS0621H,2016,440
2006B5PS0830G,2006,158
2005A3TS0816P,2005,126
2013A3PS0997G,2013,357
2017A3PS0632H,2017,456
2019B3PS0010G,2019,528
2004B1PS0100G,2004,121
2021A7TS0123P,2021,634
2016AATS0300G,2016,444
2022B3PS0671G,2022,690
2021B2TS0250P,2021,648
2004B4PS0830P,2004,109
2008B5PS0713H,2008,240
2006B2PS0380G,2006,170
2021A1PS0235P,2021,637
2024B3PS0124G,2024,801
2021B1PS0058P,2021,621
2012A7PS0366P,2012,349
2015A4TS0494H,2015,413
2014B5TS0222P,2014,380
2012A4TS0583G,2012,339
2011A8TS0546H,2011,320
2019A4PS0328G,2019,528
2014A8PS0708G,2014,395
2024A7TS0145H,2024,847
2022A4TS0305P,2022,688
2012B3TS0964H,2012,337
2007A8PS0112G,2007,197
2022AATS0350G,2022,658
2021AAPS0112P,2021,609
2015B1PS0430G,2015,424
2017A4PS0820G,2017,463
2020A1PS0727H,2020,589
2015AATS0048P,2015,413
2009A4PS0982H,2009,256
2010AAPS0892H,2010,276
2007B2TS0224G,2007,188
2015A4TS0051H,2015,415
2007A7TS0199G,2007,196
2006AATS0266P,2006,163
2022A8TS0458H,2022,653
2005B5PS0668H,2005,128
2006A7PS0599H,2006,155
2021B3TS0473H,2021,600
2019A4PS0553G,2019,506
2018A7PS0127P,2018,497
2018A3TS0617H,2018,490
2009B2PS0878P,2009,255
2018A4TS0497H,2018,475
2014B2TS0206G,2014,397
2004A7TS0472H,2004,107
2018B5PS0243H,2018,487
2021A7PS0886H,2021,610
2018A3PS0460P,2018,478
2020AATS0836H,2020,555
2008B4PS0083P,2008,242
2005B2TS0848H,2005,132
2020A8PS0416H,2020,592
2012B1TS0177G,2012,348
2024B5PS0826H,2024,834
2004A4TS0410P,2004,111
2004A4TS0712P,2004,103
2016B4TS0470G,2016,436
2006B3PS0837P,2006,152
2018A4PS0117P,2018,476
2021A1TS0637G,2021,646
2004B2TS0983H,2004,100
2021A8PS0378G,2021,622
2015AAPS0230P,2015,415
2021A8PS0696H,2021,629
2017A8PS0409H,2017,474
2023B5TS0721P,2023,739
2018A1PS0163H,2018,498
2024A4TS0230H,2024,796
2016AATS0125G,2016,447
2007A8PS0780P,2007,195
2007A8TS0930G,2007,196
2018A3TS0461H,2018,475
2013B4TS0843G,2013,365
2013AAPS0691G,2013,363
2006B5TS0600G,2006,155
2016A8PS0692P,2016,441
2014B3PS0194H,2014,398
2011A4TS0358H,2011,315
2006B3PS0545P,2006,169
2020A3TS0265H,2020,569
2015B3TS0362G,2015,408
2006AATS0499G,2006,161
2018B2PS0061G,2018,477
2012B4PS0110P,2012,340
2019B5TS0620H,2019,534
2024B4PS0962P,2024,823
2021A8PS0182P,2021,613
2007B3PS0832P,2007,197
2008A7PS0237G,2008,242
2011A1PS0015G,2011,307
2018A8TS0015H,2018,482
2017B3PS0800G,2017,468
2021B3PS0307G,2021,628
2013AATS0132H,2013,359
2020B5TS0266P,2020,585
2021AAPS0941G,2021,603
2005A8TS0121G,2005,135
2016B2PS0697P,2016,436
2023A7PS0772G,2023,712
2008A8TS0020P,2008,245
2016A8TS0134P,2016,444
2009B1PS0188P,2009,261
2021A3TS0855P,2021,638
2020B2TS0762H,2020,596
2005AATS0305P,2005,131
2010A4TS0849P,2010,275
2015B2PS0909H,2015,417
2005B1TS0761P,2005,145
2017A7PS0833H,2017,469
2005A8PS0690H,2005,135
2005B5TS0946H,2005,139
2022AATS0740P,2022,675
2018A8PS0273H,2018,480
2022B2TS0932G,2022,670
2011B2PS0039G,2011,314
2018B5TS0690H,2018,495
2010A3TS0983P,2010,298
2016A1PS0980G,2016,428
2014B1PS0633P,2014,379
2009A4TS0585P,2009,269
2006B2TS0681H,2006,172
2008A3PS0593G,2008,249
2020A1TS0653P,2020,578
2007A3PS0943G,2007,182
2015B1TS0380P,2015,424
2016A7PS0365H,2016,435
2004A8TS0097P,2004,113
2018B1TS0201H,2018,486
2012B3PS0324P,2012,327
2007B3TS0913H,2007,175
2012B2PS0380G,2012,327
2008B4PS0750H,2008,236
2024B5TS0236H,2024,817
2008A1PS0390G,2008,235
2012A3PS0985P,2012,335
2017A4PS0565H,2017,456
2008B5PS0126H,2008,236
2014A1PS0964G,2014,398
2022B4TS0312P,2022,674
2008B4PS0774G,2008,226
2016B5TS0918P,2016,446
2015B3PS0470H,2015,408
2010AATS0244G,2010,276
2004B4PS0592P,2004,109
2016B5PS0236G,2016,430
2018A7PS0299H,2018,484
2020B3PS0679G,2020,597
2006B1TS0171P,2006,166
2023A3PS0209P,2023,717
2016A8TS0025H,2016,435
2012B5TS0590P,2012,342
2012B5TS0179G,2012,336
2004AAPS0588G,2004,102
2024A3TS0127H,2024,829
2006A4TS0944G,2006,157
2021A3PS0866P,2021,606
2013B3PS0245G,2013,354
2020B5PS0265G,2020,565
2024B5TS0717G,2024,807
2024A1PS0998H,2024,784
2014B2TS0414H,2014,376
2013B2PS0493P,2013,370
2010B4TS0650P,2010,291
2011B3PS0189G,2011,318
2014B5PS0426G,2014,399
2004A4TS0505P,2004,111
2005B4TS0049H,2005,126
2005B3TS0721G,2005,131
2017A3TS0400H,2017,463
2018AATS0977G,2018,499
2005AAPS0838H,2005,128
2013A7TS0427G,2013,357
2006B1TS0854P,2006,156
2008AATS0363P,2008,230
2012AAPS0318P,2012,332
2022A8TS0010H,2022,659
2014B5PS0018P,2014,396
2010B2TS0774G,2010,291
2012A7TS0067G,2012,331
2011B4PS0836H,2011,317
2021B2PS0040G,2021,633
2005B2PS0114G,2005,126
2018B2PS0259P,2018,479
2014AAPS0513P,2014,399
2022B3TS0694P,2022,677
2010A7TS0513G,2010,288
2013A3PS0567P,2013,355
2004A4PS0334H,2004,107
2006B5TS0079G,2006,163
2017B3PS0184G,2017,456
2020B2TS0186G,2020,576
2012A7PS0599P,2012,337
2015B5TS0302P,2015,414
2016B1TS0268H,2016,427
2020A7TS0743H,2020,571
2024A8TS0345P,2024,802
2010B5PS0171G,2010,280
2007B1TS0076P,2007,196
2004A7PS0336H,2004,109
2023A1TS0429H,2023,718
2018AAPS0992H,2018,492
2019A3TS0036H,2019,503
2008AAPS0622G,2008,232
2015A3PS0754H,2015,421
2006B5TS0160H,2006,160
2019B5PS0749G,2019,502
2022B2PS0982H,2022,698
2024A3TS0583G,2024,832
2014A1PS0008P,2014,396
2015B2TS0706H,2015,400
2023B2TS0684P,2023,735
2010AAPS0877P,2010,275
2023A4PS0666P,2023,715
2005A4PS0841G,2005,137
2016A7PS0184H,2016,443
2022B2TS0903H,2022,678
2012A7PS0361G,2012,336
2012B3PS0159H,2012,328
2021B2PS0640G,2021,609
2021A1TS0545P,2021,640
2013A4TS0154P,2013,368
2012B4PS0055P,2012,326
2024B1TS0116P,2024,828
2008A4TS0015G,2008,249
2018B5PS0345G,2018,475
2009B4TS0077G,2009,255
2018A7PS0991P,2018,497
2008B2TS0325G,2008,239
2007A1TS0237P,2007,182
2013AAPS0982G,2013,358
2018A4PS0656H,2018,489
2015A8TS0093H,2015,402
2013B2TS0941H,2013,353
2012AAPS0813G,2012,336
2008A4TS0422P,2008,235
2013B3TS0856P,2013,350
2014B1TS0834H,2014,394
2023B4PS0636G,2023,733
2006B4TS0973G,2006,170
2004B1PS0434P,2004,109
2022A7TS0738P,2022,682
2010B5TS0866G,2010,292
2013AAPS0525H,2013,367
2004B2PS0520H,2004,104
2019B1TS0846H,2019,509
2007B1TS0432H,2007,175
2014A8TS0329H,2014,395
2009A4TS0962H,2009,258
2019A4PS0349H,2019,538
2013B2PS0577P,2013,358
2008B3TS0087H,2008,244
2021B3PS0143G,2021,630
2011B2PS0202G,2011,300
2008A8TS0736H,2008,238
2008A3TS0224G,2008,234
2008B2TS0599H,2008,231
2016A8TS0457G,2016,429
2004A1PS0789P,2004,117
2011A3TS0859G,2011,314
2020B4TS0801G,2020,586
2023A4PS0059G,2023,740
2004A7TS0013G,2004,113
2008AATS0017H,2008,225
2014B5TS0659H,2014,379
2008B5TS0812P,2008,228
2022A7PS0514P,2022,661
2024A3TS0576P,2024,794
2016A3TS0528P,2016,448
2009B5PS0189P,2009,266
2013B2PS0946H,2013,369
2015A8PS0721P,2015,422
2005B5TS0684P,2005,145
2023AAPS0279P,2023,743
2016B4TS0955H,2016,435
2019A8PS0179H,2019,542
2022B3TS0056H,2022,658
2011A3PS0104P,2011,314
2009AAPS0320G,2009,254
2011B3PS0473G,2011,308
2006B4TS0074G,2006,156
2013A1TS0803G,2013,359
2007B4TS0829P,2007,188
2019AATS0317G,2019,533
2004B2TS0089H,2004,118
2010A7PS0807G,2010,294
2010B5TS0581H,2010,288
2006A4TS0417P,2006,152
2012A1TS0214G,2012,331
2011A3TS0196P,2011,324
2020B5PS0355G,2020,597
2005A1TS0589H,2005,142
2021B3PS0174H,2021,611
2020A1TS0259G,2020,563
2019A4PS0174P,2019,504
2008A7PS0701P,2008,225
2021A8PS0323H,2021,617
2021A8PS0382H,2021,633
2009A8PS0347G,2009,274
2004B4TS0370H,2004,114
2006A7TS0387H,2006,165
2009A8PS0493P,2009,267
2011A7TS0114G,2011,300
2017AATS0340P,2017,464
2018B5PS0622P,2018,483
2006A1TS0162H,2006,158
2016AATS0579H,2016,433
2024A4TS0504P,2024,830
2010A4PS0168H,2010,285
2007A7TS0286P,2007,193
2015B1PS0737H,2015,405
2016A1TS0576G,2016,439
2024B5PS0800H,2024,849
2010B3PS0184P,2010,285
2007B3TS0123G,2007,190
2005A8TS0021G,2005,146
2016A4TS0985P,2016,446
2005B5TS0054G,2005,134
2018B3PS0754H,2018,481
2005B4PS0590H,2005,147
2005B4TS0824G,2005,125
2007B5PS0279G,2007,199
2013A8PS0638H,2013,359
2023A8PS0313H,2023,705
2009B1PS0299G,2009,272
2009A3TS0604H,2009,269
2015A4TS0294H,2015,404
2023B1TS0515H,2023,707
2009A3TS0143G,2009,262
2021B4PS0283G,2021,630
2010B1PS0248G,2010,282
2019A7TS0712H,2019,518
2018A4PS0628G,2018,479
2023B5PS0650P,2023,702
2021A3PS0965H,2021,605
2022A1TS0676P,2022,650
2024B3TS0141G,2024,788
2013A8TS0781G,2013,354
2010B5TS0596P,2010,293
2014AAPS0279G,2014,395
2013A4TS0368P,2013,351
2005B3TS0928P,2005,126
2013AATS0320P,2013,351
2013B3TS0019H,2013,357
2013B3TS0516P,2013,366
2021B5TS0941H,2021,646
2010A3TS0693P,2010,284
2019B5PS0132H,2019,506
2016A7PS0952G,2016,427
2004A3TS0794P,2004,103
2011B4TS0676P,2011,311
2009A4TS0150G,2009,259
2004A3PS0942H,2004,109
2016B5TS0265G,2016,439
2014B4PS0624P,2014,393
2015A1PS0417G,2015,403
2010B4TS0517G,2010,281
2017A3TS0807H,2017,462
2011B5TS0465P,2011,312
2011B1TS0581G,2011,311
2018A4PS0777H,2018,481
2004AAPS0834G,2004,124
2004A8TS0040H,2004,114
2023B4PS0935G,2023,727
2011A4TS0906G,2011,302
2010B4PS0283P,2010,295
2004AAPS0881H,2004,115
2022A4TS0584H,2022,684
2011AAPS0059G,2011,314
2005A1TS0192H,2005,141
2024B1TS0684H,2024,847
2006A8TS0310G,2006,165
2016A7PS0158G,2016,449
2019AAPS0772P,2019,544
2010A7TS0267G,2010,280
2022B3TS0276G,2022,692
2024B2PS0130P,2024,764
2020A7TS0315P,2020,574
2017B5TS0963H,2017,458
2006A7PS0629G,2006,159
2013B3TS0790G,2013,371
2023AATS0269P,2023,740
2021B2PS0775G,2021,618
2017B2TS0847G,2017,470
2014B1PS0661H,2014,392
2008B2PS0914P,2008,236
2006B3PS0692G,2006,164
2010B2TS0502G,2010,294
2004A7PS0539H,2004,123
2012A1TS0207H,2012,330
2021B5TS0924H,2021,617
2017AAPS0740G,2017,464
2009B3PS0639P,2009,258
2017AAPS0406G,2017,474
2017B2TS0756P,2017,473
2019A7TS0191H,2019,512
2004A1TS0341H,2004,106
2019B1PS0687H,2019,505
2008B5PS0551P,2008,234
2022AATS0005P,2022,673
2023B3PS0715G,2023,746
2005B2PS0786H,2005,125
2021B5TS0095G,2021,638
2023B2TS0801G,2023,733
2009B4TS0911H,2009,269
2019A7PS0725P,2019,513
2005B5PS0218P,2005,131
2013A1TS0283G,2013,356
2010B2PS0528P,2010,291
2024B4PS0578G,2024,816
2011B2TS0581G,2011,303
2011B1TS0336H,2011,301
2004A4PS0701G,2004,104
2006AATS0963G,2006,161
2008B1TS0492G,2008,229
2016A3PS0263H,2016,432
2021B1PS0101H,2021,602
2022B1PS0866P,2022,667
2007A7TS0102G,2007,180
2005B1TS0903G,2005,148
2021B1PS0450P,2021,648
2012AAPS0408H,2012,345
2005A3PS0365P,2005,129
2004B3PS0630G,2004,116
2021B2PS0775H,2021,608
2006B4TS0382H,2006,172
2018A1TS0794H,2018,490
2008A1PS0940H,2008,236
2006B4TS0705G,2006,154
2006AATS0795H,2006,174
2007AAPS0257P,2007,178
2009A1PS0766G,2009,270
2019A8PS0979P,2019,507
2016A3TS0943G,2016,437
2015A3PS0222G,2015,400
2009B4TS0465H,2009,251
2016B2PS0908G,2016,425
2010B2PS0379H,2010,288
2023A4TS0855P,2023,701
2004A7PS0114G,2004,110
2006B1PS0609H,2006,171
2022A7PS0992P,2022,676
2021A8PS0987G,2021,615
2017A7TS0474G,2017,465
2004A1TS0485H,2004,105
2012AAPS0664G,2012,325
2006B5PS0884G,2006,153
2011B2TS0209H,2011,313
2012A3TS0565G,2012,336
2024A7PS0165P,2024,849
2014A4TS0266P,2014,379
2008A4PS0365G,2008,240
2015A7PS0898H,2015,405
2010B4PS0402H,2010,291
2019AATS0387G,2019,531
2017A3TS0772G,2017,455
2011A4TS0188G,2011,324
2013A8TS0516P,2013,366
2014AATS0799H,2014,395
2004B3PS0943P,2004,118
2008A4TS0995H,2008,229
2014B3TS0816G,2014,378
2009A4PS0757G,2009,266
2006B3TS0551P,2006,169
2008B2TS0564P,2008,232
2013A4PS0701P,2013,367
2004A3PS0514H,2004,108
2019B3PS0014H,2019,504
2019A4PS0061H,2019,548
2020A8TS0533H,2020,584
2017A8TS0625G,2017,450
2019A1PS0342G,2019,518
2020A4TS0728P,2020,554
2024AATS0453G,2024,759
2021B1PS0603H,2021,647
2018AAPS0276G,2018,496
2021A8PS0821H,2021,624
2016A7TS0853H,2016,443
2006B3TS0217H,2006,173
2008A1TS0401G,2008,235
2020A8PS0863P,2020,568
2019AAPS0331G,2019,536
2018B4TS0519P,2018,497
2018B4PS0251P,2018,482
2023A7TS0387H,2023,734
2012B5PS0925H,2012,332
2023B2TS0653G,2023,706
2011B4TS0120P,2011,320
2018A4TS0272H,2018,499
2023B2PS0490H,2023,726
2015B2TS0545H,2015,409
2020B5TS0747H,2020,563
2017A3TS0625P,2017,453
2011AAPS0355G,2011,321
2014B1TS0039G,2014,385
2011A7TS0404P,2011,303
2024A3TS0343P,2024,767
2004AATS0715G,2004,116
2020AATS0477G,2020,550
2023A7PS0427P,2023,726
2008B3PS0351G,2008,246
2012B4TS0994G,2012,349
2008A8PS0494H,2008,247
2005A8TS0595H,2005,145
2009A3PS0294H,2009,254
2006B3PS0324H,2006,171
2006AAPS0280G,2006,174
2019A4TS0570H,2019,507
2015A1TS0310G,2015,404
2008B4TS0668P,2008,240
2006A3TS0128H,2006,172
2023B2TS0386G,2023,707
2008A3PS0470H,2008,241
2009B3PS0771G,2009,273
2013B1TS0828P,2013,366
2009A1TS0095P,2009,250
2014A7PS0867G,2014,377
2011B2PS0141P,2011,300
2023A1TS0644H,2023,743
2024B2TS0550P,2024,751
2023A1TS0981P,2023,701
2011B5TS0402G,2011,324
2016B2PS0810H,2016,449
2006A4PS0240P,2006,165
2018B5TS0270P,2018,475
2005A1TS0053P,2005,149
2014A4TS0041P,2014,396
2006AATS0542H,2006,162
2019A1TS0639H,2019,519
2005A4TS0906H,2005,135
2005B2PS0553G,2005,147
2006AAPS0882P,2006,167
2010A1TS0747H,2010,277
2005AATS0690P,2005,140
2024AATS0951P,2024,809
2019A8TS0326G,2019,516
2020A8TS0210P,2020,577
2014A1PS0799P,2014,376
2006B2TS0299G,2006,153
2014A4TS0955P,2014,386
2010B4TS0471P,2010,296
2009A4PS0544P,2009,254
2004AATS0072H,2004,121
2006AAPS0221P,2006,171
2021A3PS0684H,2021,645
2014A8TS0568H,2014,385
2021A4TS0404P,2021,644
2005A4PS0963H,2005,146
2008B2TS0059G,2008,230
2018B4TS0999G,2018,495
2021B4TS0946H,2021,624
2024B5TS0695P,2024,804
2015B2TS0580H,2015,418
2022B3PS0597H,2022,654
2021AAPS0825H,2021,623
2013B3TS0574P,2013,360
2022A3PS0344H,2022,694
2008B2TS0706G,2008,225
2004B4TS0538P,2004,103
2013B2TS0031P,2013,370
2008B1TS0418G,2008,231
2011B5TS0856H,2011,321
2005A4PS0004P,2005,133
2004B3PS0432G,2004,100
2015A3PS0334P,2015,415
2012A4PS0601G,2012,347
2018A3PS0050G,2018,482
2024A4PS0642H,2024,774
2005B3PS0913H,2005,143
2010AAPS0990H,2010,277
2017B5TS0564H,2017,464
2017B3PS0949H,2017,470
2008AATS0224G,2008,236
2020A7TS0610H,2020,575
2005A3TS0509H,2005,136
2016A8PS0708H,2016,443
2015A4TS0229H,2015,401
2012A3TS0007G,2012,331
2008A7PS0567G,2008,236
2004AAPS0418G,2004,117
2020B1PS0453P,2020,595
2007B5TS0075G,2007,177
2023B2PS0289G,2023,729
2005B2TS0309H,2005,135
2006B3PS0930P,2006,171
2013A3TS0314H,2013,362
2010A8TS0742G,2010,285
2004A7PS0845P,2004,108
2015B1PS0162H,2015,415
2008A1PS0347G,2008,240
2020B4TS0732H,2020,592
2013A1PS0581H,2013,351
2017AATS0132G,2017,460
2020A3PS0045P,2020,565
2014B2TS0507P,2014,399
2017B2TS0953P,2017,472
2010A1TS0777P,2010,276
2004B1PS0429G,2004,122
2007B5PS0841H,2007,176
2015A7TS0828G,2015,406
2021AAPS0100P,2021,634
2004B3PS0910H,2004,104
2006A7TS0610H,2006,152
2009B2PS0755G,2009,264
2013B2PS0169H,2013,361
2009B1TS0930H,2009,266
2013A1TS0318P,2013,360
2009A7TS0639P,2009,267
2006B1PS0133H,2006,157
2015B4PS0657H,2015,413
2020A7TS0361P,2020,557
2010B2PS0314G,2010,287
2012B3PS0790H,2012,341
2013B2PS0049G,2013,373
2022B1TS0982P,2022,683
2019A7PS0221H,2019,535
2024B3TS0527P,2024,807
2020B4PS0518P,2020,572
2020A4TS0483P,2020,583
2016A3TS0614H,2016,446
2017B1TS0659G,2017,460
2024AAPS0046P,2024,785
2018B2TS0422G,2018,484
2010AAPS0077P,2010,286
2018B2PS0354P,2018,496
2015B1TS0775G,2015,418
2014B5PS0038P,2014,375
2006B3TS0089H,2006,162
2020AATS0342P,2020,597
2010A7TS0842G,2010,280
2019B1PS0983P,2019,505
2011A3TS0149P,2011,320
2008A4TS0317H,2008,247
2011A1TS0811P,2011,300
2022B4TS0197G,2022,685
2011AAPS0380G,2011,313
2022B4PS0342H,2022,656
2015A7TS0150H,2015,400
2021B3PS0144G,2021,621
2006AATS0439H,2006,169
2021A4TS0607P,2021,626
2006B3TS0924G,2006,168
2019A3PS0543H,2019,536
2017A1TS0321P,2017,456
2016A8PS0341P,2016,449
2023B3TS0987P,2023,703
2012A3PS0957P,2012,343
2024A8PS0580P,2024,805
2020A4TS0661G,2020,588
2007B5PS0112H,2007,187
2022A3TS0220G,2022,664
2014B1PS0423G,2014,378
2013A1PS0867P,2013,366
2004A3TS0586H,2004,107
2018B2PS0158P,2018,491
2011AATS0807H,2011,303
2017A7PS0187P,2017,464
2021B4TS0169P,2021,636
2022A3TS0588G,2022,690
2018B5TS0064G,2018,487
2004A7TS0356G,2004,109
2013A8PS0996G,2013,357
2013A4PS0456H,2013,354
2006AATS0930G,2006,168
2012A4TS0847G,2012,344
2008B4TS0732H,2008,226
2020A3TS0192G,2020,587
2005A3TS0152H,2005,139
2012A8TS0945G,2012,347
2021B2PS0605G,2021,637
2016A1PS0530P,2016,440
2024B2PS0431H,2024,772
2016A7PS0491G,2016,429
2017A8TS0540H,2017,458
2014B4PS0790G,2014,388
2005A3TS0880G,2005,128
2016A4PS0664H,2016,437
2013A8TS0545P,2013,366
2004A4TS0489H,2004,109
2015A4TS0934G,2015,423
2017AAPS0578G,2017,469
2015A3PS0325P,2015,411
2021AATS0526P,2021,612
2021A1TS0039G,2021,634
2020B1TS0201G,2020,572
2006B4TS0271H,2006,159
2014B3PS0279P,2014,395
2013A8TS0429P,2013,354
2017A8TS0176H,2017,474
2014B2PS0495P,2014,387
2011AAPS0646H,2011,311
2006A1TS0065G,2006,151
2007A7TS0499G,2007,193
2013A4PS0613H,2013,354
2005A4TS0758H,2005,140
2013A3PS0832G,2013,359
2020B1PS0027P,2020,570
2016B4PS0304G,2016,429
2010A4TS0452H,2010,292
2011A3PS0365P,2011,313
2021A4PS0935H,2021,614
2022AAPS0128G,2022,698
2012A1PS0826P,2012,346
2021B3TS0336H,2021,628
2008B3TS0287G,2008,236
2010AATS0392P,2010,282
2009B4TS0535P,2009,274
2024AAPS0884P,2024,842
2014B1PS0611H,2014,391
2011B5TS0080H,2011,319
2015A3TS0074P,2015,401
2009A7TS0910G,2009,258
2018B5TS0517G,2018,484
2006A3TS0678H,2006,152
2004B2TS0545P,2004,113
2020B3TS0410P,2020,598
2023AAPS0774G,2023,745
2019A3TS0874P,2019,521
2018A8PS0640G,2018,482
2023A3TS0891P,2023,717
2011A1TS0748H,2011,308
2011A1PS0313H,2011,308
2019A4PS0761H,2019,509
2011B2TS0470H,2011,301
2022B3PS0560H,2022,684
2015A8TS0380H,2015,406
2012B4TS0474G,2012,343
2006B4TS0615G,2006,152
2007A3TS0810P,2007,193
2021B4PS0270G,2021,623
2013B4TS0977H,2013,371
2016B1PS0276P,2016,436
2013B3TS0632P,2013,366
2005B5PS0132H,2005,132
2024AAPS0041G,2024,757
2004A1PS0941P,2004,118
2022A3PS0882P,2022,687
2020AATS0611H,2020,577
2009AATS0169H,2009,251
2011B1PS0727P,2011,306
2006A1TS0360G,2006,155
2024A4TS0737P,2024,789
2021AATS0312H,2021,611
2009B4TS0012H,2009,257
2012B1PS0993P,2012,333
2013B2TS0625G,2013,371
2009A7TS0431P,2009,252
2014B1TS0593G,2014,389
2020A1TS0719H,2020,584
2016A7PS0731G,2016,435
2023AATS0488P,2023,742
2016A7PS0709P,2016,441
2008A3PS0941H,2008,239
2019B2TS0094G,2019,538
2009B2TS0298P,2009,250
2013A4PS0247P,2013,361
2013AATS0001G,2013,351
2021A8PS0030H,2021,630
2016A3TS0587P,2016,426
2021A8TS0258H,2021,611
2011A1TS0684H,2011,301
2012A4TS0001P,2012,347
2014A1PS0239P,2014,380
2009B4TS0426P,2009,252
2008AAPS0151H,2008,240
2023A3PS0001P,2023,710
2023B1PS0029G,2023,705
2018A8PS0499P,2018,497
2016A3PS0150G,2016,447
2024B3PS0651G,2024,782
2005B4PS0758P,2005,139
2019B3PS0167H,2019,516
2014B4PS0860H,2014,376
2013A8TS0970G,2013,364
2014B3PS0944P,2014,394
2023B1PS0143P,2023,712
2014A4PS0277H,2014,396
2022AAPS0229P,2022,668
2021A8TS0101G,2021,639
2009AATS0303H,2009,256
2012A7TS0469H,2012,346
2010B3PS0689P,2010,288
2024A1PS0500H,2024,785
2007A3TS0885P,2007,199
2011A4PS0435P,2011,304
2012B3PS0204H,2012,328
2023A7PS0315P,2023,736
2019B5TS0162P,2019,525
2017B5TS0588G,2017,463
2010AAPS0021H,2010,283
2024B3TS0088P,2024,769
2006B2PS0759G,2006,173
2017A1TS0231H,2017,451
2019B1PS0461G,2019,546
2022A3PS0175H,2022,652
2008A3PS0357P,2008,244
2014A4PS0012G,2014,389
2018B5TS0177P,2018,483
2018B2PS0499G,2018,487
2017A1TS0216P,2017,454
2005A4TS0546P,2005,127
2016A7TS0125P,2016,440
2010A3TS0209P,2010,282
2022A1TS0942G,2022,694
2004A4TS0870H,2004,111
2006A1PS0933H,2006,166
2014AATS0137P,2014,395
2021A7TS0845G,2021,642
2006B3PS0391H,2006,163
2011A4PS0122P,2011,308
2019AATS0680H,2019,544
2020A3TS0280H,2020,552
2019A8TS0516H,2019,514
2023A1PS0634G,2023,720
2011A4PS0786G,2011,310
2024A7PS0436P,2024,763
2004A8PS0430P,2004,124
2023AAPS0270H,2023,702
2016A7TS0573P,2016,448
2014B5PS0891H,2014,386
2014A4TS0960G,2014,378
2005A4TS0180G,2005,129
2008A4TS0404P,2008,225
2021A3PS0095P,2021,624
2009A8TS0324G,2009,273
2018B2TS0287G,2018,497
2020B1PS0667P,2020,576
2007A3TS0099H,2007,178
2024A8TS0572P,2024,755
2019A3PS0119G,2019,506
2019A8TS0614G,2019,515
2021B3TS0521P,2021,635
2020A1PS0990G,2020,577
2011B4PS0164P,2011,301
2006A1PS0864G,2006,171
2021B3TS0762G,2021,613
2010A8TS0520H,2010,285
2019A8TS0412G,2019,525
2008B3TS0233H,2008,239
2006A4PS0978P,2006,155
2016B1TS0436G,2016,446
2005A1PS0433H,2005,125
2018A8TS0382H,2018,487
2008A3TS0370G,2008,241
2019AAPS0854H,2019,536
2008B4TS0288H,2008,242
2015A8PS0211P,2015,403
2020A3TS0937G,2020,584
2008A8TS0099G,2008,232
2017B1TS0264H,2017,454
2022A3PS0446H,2022,656
2004A8TS0828P,2004,119
2014B3TS0789G,2014,376
2004A3PS0816H,2004,108
2005A1TS0727H,2005,147
2011A3TS0298G,2011,320
2013B4TS0259P,2013,368
2013A1TS0025H,2013,372
2009B2PS0549H,2009,273
2007B2TS0281G,2007,190
2005B1PS0788H,2005,146
2017B2PS0819H,2017,461
2008A1TS0588G,2008,245
2008B5PS0716H,2008,244
2022A4PS0153G,2022,693
2018B1TS0507H,2018,492
2010AATS0822H,2010,280
2023A3PS0229P,2023,717
2015B5TS0508G,2015,407
2007A8PS0933P,2007,186
2023A4PS0919G,2023,748
2016A8PS0922H,2016,449
2006A8PS0464G,2006,171
2009B3TS0337P,2009,252
2012B1TS0664P,2012,349
2022AAPS0079P,2022,687
2016B2PS0576G,2016,440
2008B1TS0326G,2008,248
2009A3PS0267G,2009,250
2016B1PS0583P,2016,431
2005A4TS0173P,2005,133
2015A8TS0055G,2015,408
2023A3TS0610G,2023,713
2023B4TS0316P,2023,721
2015A4TS0411P,2015,424
2005A3TS0089G,2005,139
2014A4TS0734P,2014,388
2015B3PS0422P,2015,421
2008B4TS0660P,2008,234
2024A8TS0530H,2024,814
2005A7PS0199G,2005,142
2009A1TS0657H,2009,264
2007B2PS0937P,2007,180
2012B3TS0171G,2012,333
2023B3TS0128H,2023,705
2022AATS0928P,2022,696
2020B3TS0801P,2020,558
2019B5TS0766H,2019,522
2008B4PS0660P,2008,230
2021B3PS0799P,2021,625
2005B1TS0104H,2005,141
2004B3TS0854H,2004,104
2006B2PS0232H,2006,160
2021A7TS0853P,2021,613
2021B4TS0925P,2021,623
2006B5TS0702G,2006,150
2005A8PS0119H,2005,126
2021B3PS0779P,2021,600
2004B2PS0470G,2004,107
2009A1TS0582G,2009,268
2013AATS0805H,2013,358
2005B2PS0731P,2005,140
2021A1TS0112H,2021,636
2008B4TS0177H,2008,227
2013B4PS0394H,2013,362
2018B3TS0173H,2018,496
2022A7PS0793P,2022,667
2015A3TS0680G,2015,418
2006B3TS0620G,2006,170
2008A4TS0060G,2008,244
2023A4TS0928P,2023,724
2022B3PS0891G,2022,666
2009A8PS0860P,2009,268
2020A7TS0747P,2020,554
2024B5PS0058H,2024,762
2018AAPS0236H,2018,492
2010B3PS0748H,2010,286
2018B1TS0197H,2018,477
2012A8PS0214P,2012,339
2004B1PS0763G,2004,123
2013AATS0593H,2013,350
2009B4TS0463P,2009,273
2008B5PS0901G,2008,249
2022A4TS0595G,2022,671
2010B4PS0738P,2010,286
2018A4TS0947P,2018,495
2007AAPS0701G,2007,195
2020B5TS0048H,2020,594
2019B4PS0496P,2019,514
2013A7TS0825G,2013,356
2005B3TS0591P,2005,148
2024A8TS0604H,2024,783
2015B3PS0941H,2015,409
2009B5TS0426H,2009,268
2012A4TS0700H,2012,346
2004B2PS0538G,2004,112
2016A8TS0784G,2016,449
2010B4PS0772H,2010,298
2024A1TS0176P,2024,811
2009A1TS0599G,2009,264
2019A8TS0545G,2019,539
2020AAPS0861P,2020,594
2020A4PS0960G,2020,581
2022A1PS0828G,2022,673
2017A7TS0931P,2017,469
2018A8TS0111H,2018,482
2008B5PS0425P,2008,229
2015B3TS0738G,2015,420
2011B5PS0786P,2011,316
2018A8TS0868H,2018,488
2024B1PS0930G,2024,789
2008A3TS0671H,2008,246
2006A4PS0670H,2006,150
2007A7TS0665H,2007,186
2007B1TS0391P,2007,190
2024AAPS0164P,2024,804
2015A7TS0837H,2015,401
2017B3TS0499P,2017,467
2015B3TS0393H,2015,411
2009A8TS0062P,2009,261
2013B2PS0999G,2013,356
2022A1PS0196G,2022,678
2022B4TS0890P,2022,665
2023B3TS0139H,2023,737
2004A4PS0751P,2004,113
2009A8PS0482H,2009,262
2017B2PS0363H,2017,465
2005A3TS0755P,2005,146
2006B2TS0588P,2006,161
2015A1PS0317H,2015,406
2018A4TS0785P,2018,480
2004A4TS0702H,2004,124
2004A1PS0947H,2004,111
2009B5TS0213G,2009,260
2014A8PS0904G,2014,392
2020A4PS0490P,2020,558
2006B2PS0148G,2006,161
2019A3TS0114P,2019,532
2022B5PS0555P,2022,683
2024A1TS0737P,2024,846
2010B1TS0300H,2010,292
2012A8TS0675G,2012,327
2020B5TS0357P,2020,565
2010A1TS0633P,2010,297
2014B2PS0463G,2014,386
2008B1PS0141P,2008,247
2008B1PS0711P,2008,247
2018B2PS0832H,2018,487
2024A3PS0224H,2024,805
2012A1TS0999P,2012,325
2012A3TS0230G,2012,325
2019B1PS0844P,2019,503
2004B4TS0039P,2004,116
2012B3PS0330G,2012,331
2022A3TS0218G,2022,679
2009A1PS0687P,2009,253
2023B3TS0616P,2023,722
2022B5PS0287G,2022,680
2014A7PS0735G,2014,391
2022A3PS0424H,2022,678
2011B4PS0747G,2011,309
2007B1PS0448G,2007,198
2010B3PS0999P,2010,277
2014B5PS0649G,2014,376
2006A3TS0834G,2006,166
2007A3PS0444H,2007,193
2022A3TS0448H,2022,699
2022B4TS0979P,2022,664
2004B1PS0161H,2004,105
2020B2TS0204H,2020,569
2017A8TS0805P,2017,456
2022B5PS0585P,2022,668
2020B3PS0206H,2020,561
2007A4TS0701P,2007,177
2018A8TS0202H,2018,491
2017A4TS0747H,2017,463
2016A7PS0574G,2016,444
2023B1PS0561H,2023,743
2007A8TS0528H,2007,182
2013AATS0063G,2013,360
2019B1TS0738H,2019,501
2023A7TS0943G,2023,732
2019A8TS0202G,2019,519
2018AATS0709G,2018,487
2007B2PS0231H,2007,199
2010A8TS0337P,2010,286
2006A7PS0046G,2006,160
2011B1PS0304P,2011,303
2012B3TS0512G,2012,331
2006B4PS0349H,2006,173
2012B2PS0134G,2012,349
2021B3PS0637G,2021,635
2013A7PS0500H,2013,361
2024AATS0677H,2024,848
2018A1TS0666H,2018,495
2018B2TS0989H,2018,480
2018A8PS0969G,2018,480
2010A4TS0538H,2010,297
2004A3PS0011P,2004,114
2019A8TS0308H,2019,501
2006B3TS0723P,2006,173
2004AAPS0115H,2004,119
2005A4PS0969P,2005,125
2017B2PS0013H,2017,463
2012B4PS0752P,2012,334
2004B3PS0178P,2004,102
2013B5TS0641P,2013,370
2021A7PS0716G,2021,611
2012AAPS0170H,2012,340
2023A3PS0212H,2023,710
2006B5PS0199P,2006,163
2021A1TS0338G,2021,625
2022B1TS0843H,2022,674
2019A4PS0657H,2019,500
2006A8TS0971P,2006,168
2016A8TS0138H,2016,433
2005B1PS0598G,2005,147
2017A4PS0821H,2017,455
2005AAPS0945G,2005,140
2010A7PS0525G,2010,290
2007B5TS0890P,2007,192
2019B1TS0073H,2019,534
2006B3PS0283P,2006,174
2019A7TS0912P,2019,539
2022A4PS0263P,2022,658
2020B3PS0309G,2020,550
2017B4TS0261G,2017,453
2022A7PS0555P,2022,673
2009B1PS0601G,2009,253
2017B4PS0462P,2017,462
2014B4TS0028G,2014,383
2005B3TS0636P,2005,145
2022A7TS0539H,2022,674
2021B1PS0979G,2021,644
2019A7PS0287P,2019,527
2023A4PS0805P,2023,701
2007B1PS0959G,2007,179
2013B1PS0286H,2013,351
2004B5TS0356P,2004,100
2019A8TS0521H,2019,502
2019AATS0488P,2019,546
2005B3PS0228H,2005,126
2008A3PS0212H,2008,229
2022B1TS0531H,2022,673
2024B1PS0222G,2024,780
2004B4TS0792G,2004,119
2009B5PS0154G,2009,261
2009B4PS0304G,2009,264
2004B4TS0132H,2004,101
2014A3TS0539H,2014,392
2008AAPS0745G,2008,234
2006A1TS0079H,2006,155
2004A4PS0270P,2004,123
2023A1TS0744H,2023,743
2004AATS0785P,2004,109
2010A7PS0309P,2010,283
2015A4PS0073H,2015,404
2004A3PS0964P,2004,113
2006AAPS0052P,2006,156
2018B1PS0105H,2018,497
2014A4PS0900H,2014,388
2018A1TS0437H,2018,495
2010B4PS0268G,2010,299
2010B5PS0204H,2010,284
2015A7TS0458G,2015,416
2004AATS0140H,2004,117
2016A3TS0349P,2016,446
2004A1PS0448G,2004,104
2012A8PS0499P,2012,344
2017AAPS0992G,2017,450
2018B2PS0529G,2018,498
2019B2PS0784G,2019,532
2022A4TS0528G,2022,685
2024A1PS0962P,2024,803
2015B5TS0940P,2015,404
2018AATS0577P,2018,499
2017B4TS0061G,2017,461
2016A4PS0873H,2016,428
2013A7PS0643H,2013,361
2024AATS0873H,2024,755
2013A8TS0670H,2013,359
2018A3TS0504G,2018,480
2010A4PS0537G,2010,287
2022A3TS0928H,2022,675
2014B2TS0126P,2014,382
2022B2PS0302G,2022,677
2013A4PS0818G,2013,373
2009A7TS0943H,2009,262
2008A1TS0059P,2008,245
2012A1TS0256G,2012,328
2010B1TS0413G,2010,293
2024A4PS0726P,2024,752
2007B4TS0439H,2007,197
2013A3PS0742P,2013,372
2022B4PS0434P,2022,690
2022A8TS0310P,2022,689
2013AAPS0196P,2013,373
2019A4PS0935H,2019,521
2008AAPS0515G,2008,238
2021B3TS0675G,2021,644
2020A7PS0014G,2020,583
2018B2PS0536H,2018,499
2015B5PS0330P,2015,408
2021A8TS0891G,2021,648
2021A1TS0964G,2021,634
2016A7PS0380H,2016,433
2023B1PS0655P,2023,723
2006B5PS0840G,2006,159
2022A3TS0369G,2022,697
2012B3TS0947P,2012,326
2011A8TS0764H,2011,310
2010A7PS0399H,2010,295
2020A7PS0100P,2020,572
2018A8TS0635G,2018,479
2022A1TS0151P,2022,680
2016A1PS0119H,2016,441
2021B1PS0482G,2021,615
2023A4PS0893P,2023,700
2005B1PS0635H,2005,134
2005B2TS0515H,2005,129
2021A1PS0010G,2021,634
2020AATS0589P,2020,552
2011AAPS0834H,2011,303
2010B4PS0629G,2010,277
2009AATS0471H,2009,262
2016B2PS0361P,2016,448
2013A3TS0168H,2013,354
2022B4PS0095P,2022,656
2004A7PS0217P,2004,117
2014B1PS0395P,2014,397
2017B5TS0257G,2017,458
2021A4TS0401G,2021,612
2004B5TS0122H,2004,106
2006AAPS0699G,2006,153
2011A1PS0474G,2011,310
2012B2TS0906H,2012,340
2021B3PS0149G,2021,630
2022A1PS0138G,2022,697
2007B1PS0549H,2007,176
2008A4PS0073G,2008,228
2004A4PS0298G,2004,120
2022B2PS0257G,2022,698
2009A7TS0600P,2009,251
2013A7PS0530H,2013,365
2020B3PS0473G,2020,556
2012A3TS0435H,2012,340
2008A7TS0157G,2008,234
2020B1PS0282G,2020,557
2024B1PS0636G,2024,821
2015B3PS0513G,2015,423
2013AATS0976H,2013,371
2010AATS0387P,2010,276
2012B2TS0412H,2012,341
2013B1TS0687P,2013,355
2023A4PS0390P,2023,722
2014B5PS0390H,2014,390
2017A7TS0255G,2017,464
2019A1TS0529P,2019,524
2008A7TS0802G,2008,240
2020B2PS0084G,2020,590
2008B4TS0053P,2008,231
2011B4TS0306G,2011,302
2023B3PS0011P,2023,718
2015B3PS0239P,2015,411
2016B5TS0451G,2016,425
2023B1PS0581P,2023,741
2017B1TS0698H,2017,459
2021A8TS0698H,2021,634
2009B2PS0711P,2009,271
2020A4PS0547P,2020,590
2015AAPS0469H,2015,401
2016B5TS0806P,2016,439
2009B5PS0579G,2009,257
2011A8PS0045G,2011,322
2015B1PS0267P,2015,403
2023A8PS0565P,2023,713
2011AAPS0928P,2011,316
2019A8TS0791H,2019,547
2012B1TS0184H,2012,326
2019A3TS0297G,2019,546
2023A7PS0479H,2023,734
2016A3TS0122H,2016,434
2007A3TS0671P,2007,194
2022AAPS0980G,2022,666
2009A1TS0049G,2009,251
2020B4PS0977P,2020,560
2022A1PS0465H,2022,659
2013B1PS0753H,2013,356
2004B4TS0211P,2004,116
2019AATS0944H,2019,536
2019A8PS0805H,2019,525
2019A3PS0397H,2019,508
2004B5TS0862H,2004,103
2004A4TS0462G,2004,114
2022B5TS0210P,2022,654
2010B4TS0614G,2010,290
2007B5PS0085G,2007,183
2004B4PS0860G,2004,113
2017AATS0767H,2017,472
2007B3PS0449H,2007,195
2019A1TS0438P,2019,510
2014B4TS0375G,2014,385
2015A8TS0232H,2015,403
2005B4TS0844G,2005,146
2015AATS0689G,2015,424
2016A1PS0072H,2016,432
2023B1PS0554H,2023,711
2013B3TS0250P,2013,356
2016B3TS0974G,2016,431
2022A4PS0933H,2022,668
2015A1PS0800P,2015,405
2008B2PS0828G,2008,230
2019B2PS0652G,2019,514
2019B4TS0854P,2019,545
2012B5TS0828G,2012,342
2019B3PS0577G,2019,528
2004A1PS0439P,2004,111
2007B5PS0374P,2007,177
2020B4TS0917G,2020,556
2014A4PS0868G,2014,394
2020B1PS0956G,2020,560
2008A1PS0601G,2008,238
2014A4PS0941H,2014,392
2006B5PS0741H,2006,155
2011A7TS0791H,2011,319
2012B1TS0620G,2012,348
2011B4PS0450P,2011,310
2023B5PS0566G,2023,745
2012B4TS0594G,2012,328
2011B5TS0888H,2011,323
2012A8TS0230P,2012,330
2009B4TS0593G,2009,273
2023A8TS0154H,2023,710
2022A4TS0799P,2022,693
2009B3TS0501P,2009,268
2007B4PS0814G,2007,185
2011B2PS0885G,2011,306
2023A8TS0578P,2023,735
2019A8TS0330H,2019,548
2021A1TS0146G,2021,643
2019B4PS0086H,2019,504
2006B5TS0515G,2006,150
2015B2PS0239P,2015,414
2008B1PS0984G,2008,248
2017AATS0432G,2017,458
2022B5TS0850P,2022,690
2015B3PS0964G,2015,414
2024AATS0559G,2024,764
2006B5TS0282H,2006,155
2011A4PS0691G,2011,300
2007A1PS0830G,2007,178
2020A3TS0532P,2020,589
2010A3PS0600H,2010,298
2020B5TS0872H,2020,592
2007B5TS0028P,2007,176
2007AATS0458G,2007,187
2012A7TS0812H,2012,344
2014B2TS0580P,2014,384
2008B1PS0365H,2008,235
2022A7PS0676P,2022,674
2020B5PS0326H,2020,583
2008B5TS0047P,2008,244
2019B3PS0416H,2019,525
2004A4TS0795H,2004,123
2014A8TS0879P,2014,398
2018B3PS0212H,2018,482
2004A3TS0234G,2004,101
2017B2TS0248P,2017,465
2017B5PS0209G,2017,455
2011AAPS0082H,2011,308
2006AATS0452H,2006,152
2010B2TS0304G,2010,292
2016B2PS0305G,2016,435
2020B4TS0013P,2020,587
2012A7PS0866G,2012,347
2013B1TS0263H,2013,365
2007AAPS0043H,2007,175
2004A8TS0059G,2004,124
2009B4PS0200H,2009,273
2021B4PS0056G,2021,611
2018B3TS0212H,2018,476
2024B4PS0146G,2024,812
2022A1PS0361H,2022,691
2008B4TS0424G,2008,231
2016A3TS0765H,2016,437
2023B3TS0873G,2023,739
2005A8TS0497P,2005,146
2016A4TS0360P,2016,443
2004A1TS0888G,2004,103
2015A1PS0147H,2015,416
2012B5TS0947P,2012,347
2017B4PS0776H,2017,469
2019AATS0158G,2019,504
2014A1PS0861P,2014,382
2019A8TS0328G,2019,531
2019B5PS0447H,2019,520
2013A1PS0154G,2013,353
2016AATS0458G,2016,441
2016B3PS0994P,2016,427
2008B4TS0667H,2008,236
2007A8PS0801P,2007,188
2005A3TS0058G,2005,131
2008B1PS0058P,2008,226
2019B4TS0785H,2019,534
2011B4PS0121P,2011,311
2019A8PS0086P,2019,528
2020A1PS0191P,2020,551
2009B5PS0645G,2009,263
2011A3TS0665G,2011,303
2021B1TS0037G,2021,607
2012A8PS0540G,2012,329
2004AAPS0929P,2004,123
2006B3PS0242P,2006,174
2019B5TS0306G,2019,501
2004AAPS0092P,2004,109
2012A3PS0912G,2012,343
2024B3PS0202P,2024,822
2024B3TS0013G,2024,848
2022A4PS0159P,2022,663
2021B4TS0966H,2021,620
2020A4TS0324H,2020,573
2007A7PS0365G,2007,178
2020B5PS0832P,2020,596
2018A8PS0998G,2018,475
2023AAPS0660G,2023,701
2017B4TS0091G,2017,464
2014B2PS0106H,2014,398
2006A3PS0342G,2006,157
2019B2PS0752P,2019,525
2005A4PS0078P,2005,140
2012AAPS0117H,2012,326
2016B5TS0415H,2016,447
2008B4TS0226H,2008,225
2009A4TS0862G,2009,266
2022A8PS0876H,2022,652
2023B3TS0184G,2023,742
2021B1PS0627H,2021,642
2014B3TS0819P,2014,376
2004A8PS0741G,2004,118
2016A7TS0700G,2016,445
2016AAPS0470H,2016,426
2019B4PS0190G,2019,537
2009A1TS0355G,2009,262
2023A1PS0548G,2023,749
2022B2PS0360H,2022,668
2021AAPS0052H,2021,601
2005B5PS0719H,2005,143
2006A4TS0291P,2006,157
2007A1TS0061G,2007,182
2013B2PS0358G,2013,354
2012B2TS0074H,2012,325
2007B2TS0154P,2007,177
2009A1PS0016H,2009,251
2017A3PS0607P,2017,473
2008B5PS0773P,2008,248
2018B2PS0889H,2018,479
2014B2PS0255H,2014,389
2005B3TS0677P,2005,147
2005B2PS0877P,2005,135
2012B3TS0069P,2012,348
2016B5TS0728G,2016,430
2010AAPS0384P,2010,295
2014A8PS0147H,2014,380
2014A4TS0864P,2014,397
2016AATS0470G,2016,426
2017A3TS0570H,2017,473
2023A3PS0115H,2023,744
2005B4PS0302P,2005,137
2014A1TS0692H,2014,398
2016A4PS0120G,2016,435
2017B5PS0106H,2017,471
2009A8TS0522P,2009,270
2017AATS0781G,2017,462
2010A1PS0013G,2010,291
2022A3TS0378G,2022,681
2023A4TS0619G,2023,713
2010B1PS0533G,2010,283
2016B3TS0098G,2016,425
2023A7PS0407H,2023,733
2006B2PS0578G,2006,173
2012B5TS0531G,2012,328
2010B5TS0720H,2010,296
2022B5TS0279H,2022,690
2018A4PS0264H,2018,480
2010B3PS0086P,2010,278
2024A1TS0527G,2024,775
2013B2PS0082G,2013,353
2013A8TS0089P,2013,365
2011A1PS0098G,2011,318
2013A4PS0399P,2013,370
2006B1TS0236P,2006,170
2019B2PS0223H,2019,549
2023A7PS0413P,2023,738
2017A3PS0863P,2017,457
2021A4TS0318P,2021,621
2009B3TS0253P,2009,273
2022B5TS0825P,2022,653
2014B5PS0770P,2014,395
2022A1TS0768H,2022,674
2014A7TS0794P,2014,398
2015A3PS0702H,2015,419
2012A3TS0919P,2012,349
2008B1TS0214P,2008,245
2010A1TS0551H,2010,296
2010A4PS0235P,2010,294
2023A8PS0328H,2023,749
2020B4TS0310H,2020,597
2022B3TS0832P,2022,693
2019A1PS0906H,2019,548
2014AATS0791H,2014,392
2017A8PS0629G,2017,455
2019A4TS0921G,2019,518
2024B1PS0813P,2024,798
2022AAPS0765P,2022,687
2018B5TS0388G,2018,494
2024B5PS0473H,2024,752
2022A8PS0044P,2022,691
2020A8TS0022H,2020,573
2009A8TS0073P,2009,259
2012AAPS0256G,2012,331
2022B3TS0675P,2022,667
2011B4TS0853P,2011,311
2014A7PS0676G,2014,385
2013A3TS0517P,2013,360
2004B2PS0612H,2004,118
2008A4PS0256H,2008,248
2015A3TS0833P,2015,418
2019B2PS0325G,2019,549
2009A4PS0360P,2009,265
2019A1TS0936P,2019,549
2005B5PS0195G,2005,147
2016A4PS0848P,2016,441
2011A7PS0418H,2011,311
2012B3PS0012P,2012,327
2004A4TS0811G,2004,108
2019A1TS0512P,2019,548
2021B3TS0816G,2021,631
2023A8TS0648G,2023,719
2020B4PS0976P,2020,551
2015AAPS0695H,2015,413
2004A7PS0080H,2004,109
2006B4PS0356P,2006,152
2018A3PS0930H,2018,479
2014A8TS0950P,2014,382
2008B3PS0901H,2008,233
2013B2TS0815P,2013,370
2018AATS0346P,2018,484
2024A7PS0469G,2024,753
2009A8PS0066P,2009,263
2013B1TS0873H,2013,354
2017B2TS0816H,2017,459
2011B4TS0027P,2011,307
2010A8TS0247P,2010,276
2020AATS0794H,2020,576
2024A3TS0480H,2024,798
2018A7TS0150H,2018,488
2020B5TS0451H,2020,593
2015A4TS0793P,2015,417
2018A1TS0469H,2018,484
2011A4TS0728H,2011,324
2009A8TS0489P,2009,256
2019AATS0255G,2019,533
2020B1PS0582P,2020,598
2018A1PS0701H,2018,481
2013B4TS0166H,2013,358
2004A1TS0416H,2004,101
2011B2TS0467H,2011,317
2015B5TS0521P,2015,424
2005A8PS0712H,2005,149
2012A4PS0731G,2012,328
2017A3TS0364H,2017,450
2015A8TS0741G,2015,417
2019AAPS0712P,2019,532
2010A4PS0126P,2010,298
2007AATS0364G,2007,189
2018A8TS0024P,2018,484
2006A3TS0717H,2006,154
2023B2PS0497G,2023,715
2014A8TS0276P,2014,387
2014A7PS0246H,2014,382
2018A1TS0197H,2018,494
2007A7PS0146G,2007,186
2017AAPS0147G,2017,467
2012A7TS0970G,2012,347
2020B5TS0164G,2020,593
2006A3PS0839H,2006,166
2022A7TS0157G,2022,691
2010B5PS0914G,2010,299
2009A7PS0133H,2009,262
2024B1TS0442P,2024,804
2016A1TS0169P,2016,433
2017B5TS0100H,2017,453
2019B4PS0008H,2019,512
2014A7PS0836H,2014,392
2020B2TS0115P,2020,560
2007AATS0879P,2007,184
2017B3PS0995G,2017,465
2024B5PS0771P,2024,813
2017B4PS0327P,2017,461
2016A4PS0732G,2016,442
2004A4PS0088H,2004,116
2020B3TS0347P,2020,580
2018A3PS0349P,2018,488
2016A3TS0642H,2016,441
2020B5TS0559P,2020,575
2014B1TS0508H,2014,397
2024A8TS0093H,2024,770
2004B1TS0903P,2004,113
2018A8TS0580H,2018,493
2021A7PS0449P,2021,603
2024A8PS0952H,2024,838
2006A7TS0915P,2006,162
2008A3TS0349H,2008,226
2008AAPS0428G,2008,248
2006B4PS0256H,2006,159
2017AATS0832H,2017,458
2008A3PS0749G,2008,231
2008B2TS0957P,2008,230
2014B5TS0915H,2014,383
2005A8TS0850G,2005,140
2024A1TS0377H,2024,768
2015B4TS0266P,2015,405
2016A1PS0643G,2016,430
2020B1TS0019G,2020,558
2023B2TS0254P,2023,746
2018AATS0983H,2018,498
2004A3TS0411P,2004,111
2006A1PS0721H,2006,174
2020B4TS0409H,2020,577
2008B2TS0983H,2008,248
2007B1TS0680G,2007,196
2021B2TS0174G,2021,645
2009B4TS0634H,2009,267
2020AATS0114P,2020,575
2019B4PS0007H,2019,537
2016AAPS0010H,2016,429
2023A8TS0036P,2023,701
2023B1PS0906G,2023,733
2022B3TS0271P,2022,694
2023A7PS0681H,2023,736
2013B1PS0497H,2013,365
2022A3PS0216G,2022,696
2023B5PS0528P,2023,741
2021B1TS0815G,2021,607
2005B5PS0338H,2005,126
2012A3TS0191G,2012,329
2013A7TS0016H,2013,362
2020A4PS0615P,2020,577
2021B3TS0302P,2021,643
2016B3PS0864H,2016,438
2010A7TS0951P,2010,285
2015A3PS0914G,2015,405
2013AAPS0179P,2013,366
2018A8TS0695P,2018,497
2015B5TS0377G,2015,416
2019A7PS0375G,2019,508
2023AAPS0989G,2023,730
2020A7TS0683H,2020,568
2017A8PS0564P,2017,461
2018B4TS0179H,2018,479
2021B4TS0953G,2021,605
2004B5TS0902P,2004,119
2016B5PS0152H,2016,444
2009A1TS0951G,2009,268
2005A1TS0625H,2005,129
2010A7TS0735P,2010,284
2012B3TS0903P,2012,348
2009B5PS0636H,2009,271
2010AATS0410G,2010,278
2015A8PS0276H,2015,400
2010A8TS0042P,2010,278
2018B4PS0613H,2018,498
2009A4TS0913P,2009,273
2009A3PS0112H,2009,253
2022A7PS0287G,2022,665
2020B1PS0436H,2020,564
2006A3PS0173P,2006,166
2020AATS0750P,2020,558
2017B4PS0697G,2017,452
2021B5TS0379G,2021,643
2022A1PS0286H,2022,696
2010B4PS0546H,2010,290
2006A8PS0048H,2006,155
2018A7PS0506H,2018,491
2018A8PS0653G,2018,480
2014B2PS0579G,2014,378
2020A7TS0664P,2020,568
2015A1TS0202G,2015,423
2024AAPS0996G,2024,829
2015A1TS0717P,2015,423
2019A8TS0861H,2019,536
2019B1PS0210P,2019,513
2014A3TS0263P,2014,380
2015A3PS0840G,2015,410
2015A1TS0709G,2015,419
2006B5PS0087G,2006,158
2009AAPS0650H,2009,266
2019A8PS0365H,2019,544
2015A1PS0726P,2015,407
2013B2TS0860H,2013,369
2021A7PS0529P,2021,621
2018B2TS0046G,2018,476
2024B4PS0177H,2024,806
2024B4TS0637G,2024,764
2004B4PS0878P,2004,122
2006B3TS0557P,2006,165
2013A7TS0492G,2013,365
2005A8TS0101P,2005,136
2015B3TS0525G,2015,409
2017B5PS0226P,2017,465
2011B5PS0293G,2011,304
2007A1TS0078H,2007,187
2014AAPS0625G,2014,377
2023AATS0213G,2023,721
2010A7TS0887G,2010,276
2015B3PS0827G,2015,400
2017A3PS0232P,2017,451
2004A8TS0738G,2004,122
2017B2PS0486H,2017,467
2023B3PS0600G,2023,732
2005AATS0519G,2005,144
2009A7TS0749G,2009,272
2007A4PS0668P,2007,195
2020B5PS0990G,2020,554
2014A4PS0340H,2014,397
2007A7TS0530H,2007,190
2004B3TS0977G,2004,112
2005A1TS0157P,2005,138
2023B5TS0613P,2023,734
2024B5TS0846H,2024,750
2008A8TS0128P,2008,241
2022A1TS0397G,2022,671
2019A3PS0979G,2019,505
2005B4PS0800G,2005,142
2007AATS0200H,2007,175
2020A1TS0585H,2020,574
2007B4PS0202H,2007,196
2016A1TS0907P,2016,439
2005AATS0297H,2005,127
2017A4TS0638H,2017,457
2023A3TS0175P,2023,702
2004B4TS0057G,2004,116
2014B2PS0954P,2014,396
2022B3TS0920G,2022,674
2014B2TS0292G,2014,393
2022A4PS0948G,2022,662
2005A1TS0501G,2005,146
2012A8TS0439P,2012,344
2023B2PS0382H,2023,721
2017A8PS0486G,2017,463
2014A8TS0675H,2014,396
2004A7PS0853G,2004,120
2005AATS0864G,2005,127
2021B3PS0997G,2021,634
2007AAPS0460H,2007,181
2023AAPS0901G,2023,713
2012AATS0312G,2012,349
2007A8TS0773H,2007,175
2006A4PS0964P,2006,173
2012B4TS0695G,2012,325
2006B1PS0207P,2006,168
2017AATS0391H,2017,463
2008A8TS0766H,2008,249
2015AATS0701H,2015,402
2019A1PS0403P,2019,514
2024A3TS0952G,2024,767
2015A8PS0423G,2015,404
2020A7TS0169P,2020,582
2014B1TS0619H,2014,395
2017A7PS0695H,2017,458
2009B4PS0751G,2009,270
2012AAPS0876P,2012,326
2004B5PS0889P,2004,102
2014B2TS0652H,2014,385
2010AAPS0030H,2010,291
2024B5PS0174P,2024,770
2017A8TS0630G,2017,473
2023B3TS0384H,2023,707
2015A3PS0426G,2015,424
2011B5PS0183G,2011,320
2009B4PS0210G,2009,252
2023B5TS0552P,2023,702
2015A7PS0075G,2015,413
2022B4TS0513P,2022,664
2021B5TS0284G,2021,643
2023AATS0322P,2023,717
2013A8PS0831G,2013,355
2009B5TS0735H,2009,256
2020A8PS0156G,2020,579
2023A8TS0270G,2023,702
2009A7TS0535P,2009,253
2006A7TS0552G,2006,166
2008A1PS0358H,2008,228
2010B3TS0657P,2010,287
2008B1TS0183G,2008,247
2013B4PS0492G,2013,353
2006B2TS0938G,2006,172
2004B1PS0954P,2004,113
2023A4PS0268H,2023,720
2009A3PS0188G,2009,263
2021B3TS0544P,2021,602
2006B2TS0276P,2006,172
2023B2PS0401G,2023,746
2022A3TS0346G,2022,691
2010A4PS0147G,2010,276
2007B5TS0221P,2007,186
2023B5TS0354P,2023,717
2011B2PS0121P,2011,309
2006B5TS0798P,2006,152
2021B5PS0095P,2021,638
2006A4PS0460H,2006,165
2020A3TS0144P,2020,562
2024A4TS0898H,2024,802
2012A1PS0357G,2012,336
2015B2PS0854P,2015,402
2020B3PS0759H,2020,569
2014B3PS0845P,2014,397
2021B5PS0459P,2021,646
2020A4TS0528P,2020,551
2006B4PS0938P,2006,164
2007B3PS0297G,2007,189
2013A3TS0828G,2013,370
2013B2TS0976G,2013,373
2004B4TS0012P,2004,104
2006AATS0104P,2006,153
2004AAPS0994H,2004,118
2005A1TS0527H,2005,138
2014B5PS0710H,2014,380
2010B1PS0542G,2010,290
2008A8TS0128H,2008,226
2004A1TS0266G,2004,108
2007A8TS0927H,2007,183
2022A3TS0634P,2022,655
2008B5TS0221G,2008,240
2020B5TS0726H,2020,568
2011AATS0055G,2011,310
2013B1PS0326P,2013,357
2004AATS0294P,2004,116
2012A8TS0714P,2012,343
2017A7PS0020H,2017,451
2012A7TS0646P,2012,340
2015B3PS0373P,2015,419
2024B2TS0229G,2024,802
2009A8TS0604G,2009,273
2010B2TS0748P,2010,299
2013B2TS0217P,2013,369
2009A4PS0238G,2009,255
2015A1PS0393H,2015,424
2010A8TS0886P,2010,283
2023A7TS0984G,2023,722
2017B2TS0612H,2017,450
2013A7TS0569P,2013,360
2022A3PS0923G,2022,654
2013B3TS0637G,2013,362
2009B3PS0191P,2009,257
2021B5TS0996P,2021,641
2019A4PS0475G,2019,524
2014B3PS0679P,2014,391
2012B3TS0029P,2012,331
2012A3PS0033P,2012,331
2012A7TS0429G,2012,327
2023A3PS0030G,2023,738
2021AATS0380P,2021,642
2019AAPS0960G,2019,509
2011A7TS0553H,2011,321
2022A3TS0838P,2022,690
2009A1PS0620H,2009,263
2014A3TS0598H,2014,398
2007B4TS0997H,2007,175
2007A4PS0649P,2007,186
2005A4TS0303H,2005,140
2020A4TS0466G,2020,580
2016A7TS0876P,2016,435
2016B3PS0491H,2016,434
2022A3TS0381G,2022,697
2020B5TS0412P,2020,557
2010A4TS0178G,2010,288
2004A3PS0458G,2004,110
2005A7TS0537G,2005,129
2019B2TS0326P,2019,520
2018A7PS0043G,2018,477
2011A7TS0393G,2011,311
2014B2TS0900P,2014,395
2023A1TS0970H,2023,703
2008B1PS0995P,2008,235
2024AAPS0751H,2024,789
2010B5TS0826H,2010,281
2017AATS0343P,2017,450
2007A3PS0217G,2007,177
2015B1TS0434P,2015,405
2014A3TS0286H,2014,391
2016B3TS0402H,2016,445
2009B5TS0670H,2009,257
2009A8TS0132G,2009,257
2013B4PS0880H,2013,353
2016AAPS0383G,2016,449
2013B4PS0558H,2013,369
2020A3PS0696G,2020,554
2009AATS0952H,2009,256
2021A4TS0964G,2021,643
2011B2TS0518H,2011,301
2007A4TS0866P,2007,195
2004A8PS0148G,2004,118
2009A8TS0070P,2009,256
2017B3TS0520H,2017,467
2006B5PS0794P,2006,171
2020B1TS0870H,2020,565
2022B1PS0092P,2022,694
2007A1TS0919P,2007,177
2016B1TS0502P,2016,433
2010AAPS0031P,2010,277
2020B3TS0532P,2020,570
2020A8PS0972P,2020,590
2017AATS0336H,2017,455
2016A8PS0005G,2016,444
2016B1PS0702P,2016,449
2023A7PS0277H,2023,738
2019A7TS0644P,2019,523
2013B1PS0627H,2013,356
2024B3TS0285H,2024,849
2018A3TS0983P,2018,499
2005B4PS0955G,2005,141
2023A8TS0300H,2023,749
2009B4TS0541G,2009,258
2009A8PS0354G,2009,270
2013A7TS0177G,2013,368
2021A3TS0228G,2021,618
2016B2TS0901P,2016,438
2010B5TS0517P,2010,296
2009A1TS0704P,2009,256
2011B1TS0887P,2011,321
2020B1PS0493G,2020,571
2021A4PS0632P,2021,642
2013A1TS0687H,2013,367
2024AATS0442P,2024,789
2022B3PS0695P,2022,699
2009B5PS0067G,2009,257
2012A4TS0777G,2012,332
2007B5PS0995G,2007,193
2017B1PS0052P,2017,472
2013B2PS0147P,2013,364
2020B5TS0667G,2020,581
2013A3TS0253P,2013,366
2015B4PS0016G,2015,409
2012A4TS0115P,2012,336
2022B2PS0587H,2022,687
2010B5PS0051P,2010,275
2020A8PS0495P,2020,560
2011B3TS0063G,2011,308
2013B3PS0419P,2013,362
2020A1PS0997G,2020,579
2023AAPS0292G,2023,736
2020AAPS0622H,2020,553
2021A8TS0425P,2021,646
2021B3TS0916G,2021,635
2013B5TS0911G,2013,362
2015A8PS0904G,2015,420
2019A7PS0023P,2019,513
2016A4TS0516H,2016,444
2021B2PS0943G,2021,616
2010A4TS0777H,2010,287
2017A7TS0227G,2017,472
2013AAPS0203P,2013,354
2020A4TS0950G,2020,555
2012B2PS0630G,2012,339
2015A8PS0821G,2015,400
2010A7PS0412G,2010,280
2016B4TS0546G,2016,441
2019A1PS0653G,2019,521
2022A8TS0199G,2022,679
2009B3TS0123P,2009,254
2016A8PS0861H,2016,437
2017A4TS0669P,2017,471
2017B3TS0562P,2017,462
2007AAPS0184H,2007,192
2014A1PS0043P,2014,377
2019A3PS0255G,2019,516
2019B4TS0833P,2019,501
2014B1PS0282P,2014,395
2013A3TS0646G,2013,357
2018A4PS0650G,2018,487
2016B1PS0637G,2016,437
2015A3TS0882G,2015,422
2014AATS0710H,2014,388
2023A4TS0493P,2023,701
2008A4TS0473H,2008,226
2007B3PS0427P,2007,183
2015B5PS0798G,2015,406
2018B2TS0806G,2018,483
2024AATS0557H,2024,762
2019B5TS0502G,2019,505
2017B4TS0744H,2017,463
2016AAPS0365H,2016,440
2020B2TS0728H,2020,599
2016A4TS0014G,2016,445
2023A4TS0500G,2023,724
2013A7PS0949G,2013,357
2017A4PS0339P,2017,452
2019A1PS0490G,2019,542
2014B5TS0963H,2014,386
2007A4PS0792G,2007,175
2006B2TS0449G,2006,167
2008B3PS0158G,2008,245
2005A3PS0168H,2005,134
2007AATS0653P,2007,199
2013A8PS0169G,2013,366
2013A7PS0971P,2013,369
2024AATS0226G,2024,803
2017A4PS0716G,2017,467
2010AATS0925G,2010,294
2009A1PS0091P,2009,265
2024B3TS0948P,2024,793
2012B3TS0188G,2012,336
2014AAPS0686H,2014,395
2022B3PS0087G,2022,652
2018A8PS0600G,2018,495
2022A3TS0627P,2022,664
2019A7TS0418G,2019,547
2015A1PS0167H,2015,410
2011A3PS0706G,2011,313
2013B5PS0201H,2013,361
2023A8PS0948G,2023,724
2021B5PS0339P,2021,624
2010B1PS0708P,2010,294
2010A8PS0395P,2010,280
2013B3PS0889G,2013,370
2015A1PS0806P,2015,423
2020B2TS0772P,2020,578
2007A3TS0898G,2007,192
2018B5PS0190P,2018,478
2022B2TS0184H,2022,670
2016A1TS0978G,2016,431
2011A3TS0967H,2011,305
2018B4PS0348G,2018,485
2018AAPS0114H,2018,483
2005A1PS0945G,2005,133
2020AATS0942H,2020,572
2014B2TS0521H,2014,377
2014AATS0819P,2014,382
2016AAPS0048H,2016,444
2010A4TS0209G,2010,281
2019B3TS0949G,2019,521
2004A3TS0589P,2004,108
2020B3PS0523P,2020,586
2006A8TS0868H,2006,161
2007B4PS0737G,2007,191
2019B2PS0592H,2019,523
2018A7PS0221P,2018,499
2006A1PS0890H,2006,160
2024B4TS0908G,2024,818
2023B4PS0236H,2023,704
2018B5TS0721P,2018,491
2023B5TS0921P,2023,721
2016B4PS0034P,2016,439
2023A1PS0886H,2023,706
2024A4PS0241H,2024,750
2004B5PS0979G,2004,119
2004B5TS0253G,2004,110
2022B1TS0725G,2022,675
2010A3TS0709P,2010,277
2022A1PS0690P,2022,686
2012A7TS0856G,2012,336
2018B1PS0400P,2018,492
2019B4PS0803P,2019,523
2018B1PS0232G,2018,484
2017B4TS0263H,2017,470
2012B4PS0431H,2012,338
2013B3PS0882G,2013,352
2014B5TS0497H,2014,390
2010AATS0351P,2010,283
2015B1TS0855G,2015,407
2004B3PS0533P,2004,113
2011A7PS0461P,2011,318
2019A7TS0790G,2019,519
2024B5PS0084P,2024,833
2006A8PS0743H,2006,162
2015B5TS0217P,2015,416
2016B2TS0545P,2016,433
2013A4PS0405P,2013,352
2016A4TS0024H,2016,442
2022A8TS0021G,2022,670
2008B2PS0042H,2008,229
2016A8PS0102G,2016,447
2012B5PS0750P,2012,347
2011A1TS0627H,2011,303
2008A3PS0402H,2008,228
2009A4TS0873G,2009,266
2009A3TS0557P,2009,253
2023B4TS0674G,2023,720
2024A1PS0179P,2024,849
2016B2TS0048H,2016,430
2008A3TS0047H,2008,242
2022B4TS0323G,2022,653
2023B5TS0458H,2023,727
2010B4TS0012H,2010,298
2015B5TS0664G,2015,409
2008A3TS0933P,2008,249
2018A8TS0906H,2018,498
2020A1PS0010P,2020,579
2020B4PS0313H,2020,558
2004A8PS0558H,2004,114
2009A8TS0761P,2009,251
2011B1PS0020G,2011,312
2011B4TS0492P,2011,324
2011A3TS0784H,2011,317
2012B5PS0890P,2012,329
2013A7PS0354H,2013,359
2006A7PS0915G,2006,171
2008B1TS0278H,2008,231
2019B2PS0687H,2019,531
2009A4PS0029G,2009,263
2009B4TS0700P,2009,265
2020B3TS0063P,2020,576
2010B5TS0880P,2010,293
2011A4PS0912P,2011,303
2017A7PS0762H,2017,471
2012B3TS0587G,2012,347
2011B4PS0201G,2011,303
2019B2PS0062P,2019,512
2006B5TS0037G,2006,169
2017B3TS0916P,2017,457
2016A1TS0803P,2016,433
2012A7TS0345H,2012,330
2008A8PS0148P,2008,229
2005B2TS0306P,2005,136
2011B3TS0278H,2011,311
2009B3TS0484G,2009,259
2019B4TS0445G,2019,535
2020A4TS0315H,2020,569
2005B4PS0704P,2005,149
2005B2TS0217H,2005,138
2022B5TS0331H,2022,652
2011B2PS0118P,2011,322
2007B5PS0189P,2007,180
2004A8TS0224P,2004,119
2008A8TS0883P,2008,246
2008B4TS0674P,2008,240
2015B1TS0376P,2015,411
2019A7PS0294H,2019,502
2016B3TS0671G,2016,449
2015B1TS0033G,2015,414
2024B2PS0525P,2024,766
2024B3PS0783G,2024,831
2012A7TS0176H,2012,346
2018B1PS0821G,2018,475
2019B5TS0818P,2019,533
2023B5TS0943G,2023,711
2004A1TS0746P,2004,118
2014B5PS0653H,2014,378
2013B4PS0526H,2013,365
2020B5PS0278H,2020,550
2017A3TS0625G,2017,460
2018B1PS0909P,2018,476
2016B5TS0405P,2016,444
2006A7TS0767P,2006,153
2009A3PS0808G,2009,258
2016A3TS0973H,2016,433
2021B5TS0845G,2021,643
2006B3PS0166G,2006,164
2016B2TS0801H,2016,442
2011A1TS0827P,2011,319
2019A7PS0908G,2019,502
2017A4TS0767P,2017,473
2005A3TS0870H,2005,139
2011A3TS0053H,2011,301
2019B4PS0483G,2019,541
2010B5TS0104G,2010,278
2020B5TS0053H,2020,578
2012A1PS0128H,2012,328
2019A4PS0284H,2019,546
2006B1PS0873H,2006,164
2012B5TS0020H,2012,329
2016B2PS0180G,2016,446
2018B3PS0002P,2018,482
2005B5PS0936P,2005,126
2007B4PS0250H,2007,194
2011A4TS0890H,2011,322
2007A4TS0258H,2007,180
2016B4TS0754H,2016,433
2014B4TS0792H,2014,393
2023AATS0171G,2023,740
2007A1PS0791H,2007,177
2024AATS0423H,2024,826
2010B4PS0074H,2010,280
2006B1PS0654H,2006,162
2012AAPS0237G,2012,345
2009B5PS0673G,2009,256
2005B3TS0055H,2005,148
2012A7TS0088G,2012,344
2024B3TS0610G,2024,792
2023AATS0726H,2023,748
2005A1TS0371H,2005,147
2021A7TS0854P,2021,642
2020A3PS0242H,2020,567
2020B2TS0757H,2020,573
2018AATS0667G,2018,491
2004A4TS0469H,2004,106
2004B4TS0428G,2004,115
2023B3TS0153P,2023,727
2016A1PS0408H,2016,428
2004A3PS0802G,2004,114
2023B5TS0657G,2023,727
2011AAPS0499G,2011,311
2022B3PS0775H,2022,668
2011A8PS0114G,2011,316
2014A3TS0727H,2014,379
2009A8TS0049H,2009,257
2019B4TS0403P,2019,520
2024B4PS0252P,2024,784
2021A4TS0568H,2021,600
2009A1TS0510H,2009,263
2013B3TS0331G,2013,350
2024B1TS0142H,2024,793
2024A7PS0681H,2024,800
2012A7PS0785G,2012,337
2013A7PS0861P,2013,357
2009B3TS0396P,2009,269
2013B1TS0296G,2013,369
2007B3PS0043P,2007,179
2009A7TS0105P,2009,260
2017B5PS0557P,2017,464
2023A7TS0591G,2023,715
2021B5TS0072G,2021,647
2019B3TS0762G,2019,530
2016A4TS0473G,2016,443
2023A1TS0293G,2023,708
2022A8PS0388H,2022,670
2004B2TS0057P,2004,117
2014A3TS0118P,2014,390
2017AAPS0420G,2017,454
2004A3TS0068G,2004,119
2005A8PS0507P,2005,138
2004A7PS0740P,2004,113
2010A8PS0210H,2010,299
2010A4PS0007P,2010,286
2010B3TS0049P,2010,287
2006B4PS0551P,2006,150
2008A3PS0532P,2008,242
2008A4TS0541G,2008,239
2022B2PS0906G,2022,654
2011AAPS0128P,2011,319
2019A4TS0010P,2019,519
2017A7PS0140G,2017,467
2004A7TS0375P,2004,122
2018A3PS0230P,2018,489
2011A7PS0676P,2011,322
2008A4PS0205G,2008,228
2013A8PS0752P,2013,357
2019B1PS0781H,2019,544
2007A7PS0031H,2007,180
2022A7TS0825P,2022,666
2008B1PS0448P,2008,226
2004AATS0758H,2004,123
2024B1TS0362P,2024,761
2024B5PS0470G,2024,779
2023B4PS0324H,2023,707
2019AAPS0574G,2019,513
2023A4TS0758G,2023,739
2015AAPS0567P,2015,423
2023A7PS0779G,2023,706
2006A7TS0582H,2006,170
2004B1TS0551H,2004,112
2020A3TS0316G,2020,568
2016A7TS0729P,2016,440
2004A8PS0843P,2004,124
2009A8PS0702H,2009,260
2015A8PS0552P,2015,424
2019AATS0637P,2019,541
2021B4PS0536P,2021,612
2008A8PS0234P,2008,233
2004B5PS0579P,2004,119
2007B3PS0472H,2007,197
2011B1PS0606G,2011,308
2016A7PS0289P,2016,446
2022B1PS0496P,2022,667
2021A4TS0318H,2021,636
2019A4PS0513P,2019,547
2018A4PS0725G,2018,495
2015A4TS0110P,2015,406
2022A1TS0155P,2022,664
2023A4TS0742H,2023,720
2018A1PS0114G,2018,490
2020AAPS0788H,2020,594
2008B5TS0682G,2008,239
2017B5TS0696H,2017,456
2023A4PS0388P,2023,709
2016B2PS0030H,2016,433
2017A7TS0976P,2017,453
2011B3PS0936H,2011,309
2019A1PS0366H,2019,540
2024B3PS0223G,2024,775
2013A7PS0373H,2013,373
2016A3PS0444H,2016,431
2020A3PS0565P,2020,594
2010B2TS0018H,2010,279
2015A4PS0643G,2015,409
2015B1TS0161P,2015,420
2018B3TS0326G,2018,483
2022A7TS0204P,2022,665
2024B3TS0114P,2024,785
2023A8TS0603H,2023,743
2024A3TS0908P,2024,823
2015B1PS0104H,2015,419
2007A7TS0643G,2007,177
2010B1PS0369H,2010,296
2017B2TS0202P,2017,470
2013A7TS0399G,2013,357
2011A3TS0332P,2011,305
2014A1PS0926H,2014,395
2012A8TS0739G,2012,345
2013B4TS0078P,2013,371
2018A1TS0646P,2018,494
2013B4TS0528G,2013,356
2024B5PS0993H,2024,795
2018A3TS0831G,2018,475
2023A4PS0561H,2023,733
2016B3PS0164P,2016,432
2024B3PS0574H,2024,760
2019B4TS0855G,2019,519
2020B2TS0299G,2020,570
2015A4TS0637P,2015,416
2004B1TS0711P,2004,115
2012AATS0155H,2012,342
2013A8TS0696P,2013,363
2006A4TS0284G,2006,154
2004B2PS0378G,2004,121
2013AATS0700P,2013,350
2019B3PS0684H,2019,549
2006B4TS0636P,2006,169
2010A1TS0516H,2010,280
2009B4TS0385G,2009,267
2015B5TS0936G,2015,422
2013A4PS0251P,2013,368
2004A3TS0819H,2004,108
2007B4TS0995P,2007,179
2022B2TS0164H,2022,695
2013A7PS0973P,2013,360
2011A4TS0590P,2011,300
2024A4PS0911P,2024,758
2020A8PS0576G,2020,552
2021B2TS0862G,2021,602
2019A4TS0732G,2019,548
2022A8TS0756P,2022,687
2012AAPS0928H,2012,328
2019B3TS0714H,2019,542
2018A3PS0819H,2018,477
2016B1TS0593P,2016,439
2010B3PS0143H,2010,284
2005A1TS0496H,2005,147
2022A7TS0789P,2022,659
2018A1TS0496G,2018,477
2010B4TS0048P,2010,294
2009AAPS0679H,2009,267
2019B5TS0337P,2019,526
2023B1PS0102H,2023,735
2015B1TS0290G,2015,422
2022A3PS0596H,2022,675
2022A7TS0163G,2022,678
2009B2PS0582H,2009,261
2018A3PS0231H,2018,494
2004A4PS0842P,2004,122
2019AATS0024H,2019,501
2021A8PS0476G,2021,631
2024A7PS0939P,2024,758
2024A3TS0506H,2024,767
2005B1PS0813G,2005,132
2024A3PS0518P,2024,766
2014AATS0650H,2014,375
2024B3PS0924P,2024,820
2021A4PS0432P,2021,619
2012AATS0102H,2012,337
2019B1PS0184H,2019,535
2023B5TS0332P,2023,716
2010B2PS0721H,2010,278
2013B3TS0986P,2013,359
2009A8PS0628H,2009,264
2014A4TS0517G,2014,384
2018A8TS0555P,2018,493
2020A1TS0602P,2020,569
2012B2TS0124P,2012,325
2006A7PS0142P,2006,162
2014B1TS0946P,2014,398
2021A8PS0257H,2021,648
2015B3PS0832P,2015,403
2018B3PS0122H,2018,494
2019B4TS0974P,2019,527
2013A7TS0869G,2013,359
2007B3TS0057G,2007,182
2019B2PS0915G,2019,544
2009A3TS0464H,2009,267
2020B4PS0612G,2020,575
2005A1TS0010G,2005,125
2018A7PS0572G,2018,497
2020B1TS0322P,2020,551
2024AAPS0846G,2024,792
2008B5PS0885H,2008,241
2016B2TS0964P,2016,437
2015A8PS0678P,2015,411
2006A8TS0632H,2006,160
2022A1PS0117P,2022,667
2024B3TS0362G,2024,811
2006A7PS0664P,2006,158
2009A8TS0203P,2009,259
2004A8TS0033G,2004,123
2012A3TS0561G,2012,329
2017A4PS0711G,2017,473
2007B2TS0152H,2007,198
2020A7PS0980G,2020,578
2020A7PS0953P,2020,556
2011B4PS0627G,2011,310
2017B2TS0164G,2017,455
2006B3PS0665H,2006,172
2018AAPS0850H,2018,475
2008A1PS0959G,2008,246
2010A1TS0646P,2010,296
2008A3TS0480G,2008,238
2024A8PS0274H,2024,758
2022B2PS0067G,2022,663
2022B1TS0929P,2022,651
2009AATS0060H,2009,257
2007B2TS0294P,2007,193
2022A4PS0559P,2022,666
2004B1PS0347P,2004,104
2021A8PS0453G,2021,642
2008AATS0719P,2008,227
2010B3PS0116H,2010,289
2019B1PS0426H,2019,513
2007B5PS0268P,2007,187
2024B5PS0666H,2024,780
2006B1TS0548P,2006,150
2013A1TS0439G,2013,360
2011A4PS0772P,2011,304
2004B4PS0258H,2004,117
2024B2TS0398G,2024,782
2004B5TS0771P,2004,105
2016B4PS0861P,2016,442
2009A7TS0996H,2009,268
2018B4PS0064G,2018,497
2013A7TS0873H,2013,371
2023A3PS0746G,2023,719
2009A1TS0447P,2009,256
2016A4TS0039H,2016,442
2015B1TS0239H,2015,408
2021A8TS0923P,2021,605
2013A4TS0526G,2013,353
2008A8PS0552H,2008,245
2006B3TS0408G,2006,168
2005A3TS0432H,2005,136
2019B3PS0700H,2019,530
2019A3PS0280H,2019,516
2021A3PS0177P,2021,629
2020A8PS0921P,2020,583
2009A1TS0458H,2009,256
2019A1TS0701P,2019,507
2023A3TS0393G,2023,734
2014A8TS0377P,2014,384
2012A8PS0879P,2012,335
2014B5PS0436G,2014,395
2009B3PS0737P,2009,262
2015B4PS0953P,2015,405
2016A1PS0542G,2016,428
2017B2PS0979P,2017,471
2019AAPS0218G,2019,506
2024AAPS0983H,2024,842
2007B5PS0136G,2007,196
2009B5TS0313H,2009,252
2019A1PS0571P,2019,526
2019A8PS0509P,2019,547
2017A4TS0499G,2017,463
2022B1PS0169H,2022,697
2020B1TS0075P,2020,572
2012B2PS0489G,2012,332
2010B2TS0978G,2010,297
2010A3TS0450P,2010,296
2004B5TS0603G,2004,124
2020A8PS0563H,2020,551
2012B3PS0852H,2012,341
2015A8TS0923H,2015,424
2004A3PS0967G,2004,123
2018A7TS0109H,2018,475
2016A8PS0535P,2016,436
2024AATS0473H,2024,774
2021AAPS0649H,2021,613
2015AAPS0747P,2015,422
2016B4TS0256H,2016,430
2024A3TS0075P,2024,821
2012B3PS0726H,2012,333
2020B3PS0629H,2020,583
2006A4TS0355H,2006,168
2022B4TS0587G,2022,694
2017A8TS0498P,2017,469
2005B1PS0738P,2005,132
2013B5PS0447P,2013,357
2023B1PS0192H,2023,742
2019A1PS0712H,2019,513
2006A1TS0072H,2006,160
2005B3TS0392G,2005,137
2014A4PS0175G,2014,395
2012A1TS0730P,2012,337
2004AAPS0277G,2004,107
2018AAPS0068G,2018,478
2024AATS0377G,2024,841
2009AAPS0676G,2009,253
2006A4TS0782H,2006,174
2007B3TS0255G,2007,183
2013B1TS0544H,2013,363
2024B4PS0165P,2024,843
2006A8PS0841H,2006,172
2015A7TS0426P,2015,421
2019AATS0843H,2019,529
2011A3TS0433H,2011,324
2015A3TS0864G,2015,421
2016B4TS0366G,2016,436
2020A7PS0773H,2020,590
2012A3TS0692G,2012,337
2021A8TS0243H,2021,604
2014A8TS0407P,2014,390
2018AAPS0159G,2018,498
2018B1PS0697H,2018,477
2021A1TS0356H,2021,634
2008A4TS0626P,2008,232
2024B1PS0674H,2024,822
2015A1PS0060P,2015,407
2015A7PS0271P,2015,419
2021A8PS0165P,2021,626
2012AAPS0027H,2012,344
2008B5TS0602P,2008,228
2009A1TS0275H,2009,271
2005B2PS0016G,2005,134
2023A8PS0079P,2023,721
2008A1TS0219P,2008,236
2014B1TS0605G,2014,381
2019A8PS0280G,2019,504
2004B3TS0546P,2004,119
2016A3TS0941H,2016,427
2010A7PS0883P,2010,292
2014A3TS0743P,2014,375
2011A8TS0017G,2011,322
2014B1PS0408H,2014,398
2007A3TS0288P,2007,181
2023A1TS0230P,2023,710
2013AATS0880G,2013,351
2020A4PS0229H,2020,563
2005B3TS0949H,2005,136
2023A7TS0673P,2023,718
2004B1PS0535G,2004,112
2007A4TS0557H,2007,180
2008B5PS0356G,2008,234
2004A4TS0075H,2004,124
2021A4PS0844G,2021,633
2011B1PS0220H,2011,304
2006B3PS0775G,2006,151
2015A4TS0357P,2015,421
2007A8PS0560P,2007,194
2023B4TS0728H,2023,745
2019AATS0167H,2019,526
2014B1PS0165P,2014,387
2019AATS0594H,2019,537
2006B4PS0227H,2006,159
2019B1PS0546H,2019,546
2013A7PS0065H,2013,372
2013A1TS0810H,2013,360
2020A7PS0974P,2020,552
2023A4PS0597P,2023,731
2021A4TS0609P,2021,624
2013A1TS0971P,2013,365
2023A3PS0609P,2023,703
2014B2TS0258G,2014,388
2019A4PS0393H,2019,535
2017A4TS0347H,2017,454
2004A4PS0555H,2004,106
2007B1TS0658H,2007,188
2017AATS0074P,2017,463
2018B2TS0367G,2018,488
2005AAPS0378P,2005,149
2007B2TS0153H,2007,186
2007B1TS0866P,2007,197
2008B3PS0301H,2008,240
2017B2TS0997H,2017,467
2019A7PS0114G,2019,515
2004B2PS0054H,2004,106
2018A4TS0080H,2018,475
2015A8PS0780H,2015,403
2010B3PS0448G,2010,283
2009A8PS0433P,2009,259
2016A3TS0945H,2016,437
2005A1PS0048G,2005,143
2008A7TS0656H,2008,229
2016B1PS0326G,2016,445
2014A4PS0104G,2014,389
2020A8TS0186H,2020,552
2020A1TS0796P,2020,578
2020B1TS0235P,2020,578
2016A8TS0960G,2016,430
2016A1PS0100H,2016,449
2007A1PS0535P,2007,191
2010A8TS0744P,2010,291
2015B2TS0782P,2015,401
2014AATS0805G,2014,395
2007B3TS0814P,2007,179
2023B2TS0518H,2023,701
2004A7PS0910G,2004,106
2011B2PS0756H,2011,305
2007AAPS0584G,2007,199
2009B4TS0911H,2009,271
2020B3TS0044H,2020,565
2006A3TS0230H,2006,169
2014B2PS0634H,2014,377
2011B5TS0291H,2011,321
2023A1TS0162P,2023,725
2011B4TS0431H,2011,306
2020A8PS0546H,2020,579
2016A1PS0061G,2016,444
2010AATS0981P,2010,289
2017A4TS0877G,2017,457
2018B2TS0046P,2018,477
2023B1TS0682P,2023,719
2013A3TS0612H,2013,369
2018B4TS0432G,2018,495
2004A4PS0261G,2004,114
2017A1PS0813H,2017,465
2010B5TS0228H,2010,293
2015B4PS0500G,2015,410
2008B4TS0411H,2008,244
2015A3TS0170P,2015,400
2007B5TS0010G,2007,185
2022A8TS0300H,2022,687
2006B1PS0404G,2006,173
2007A3TS0157G,2007,191
2015AATS0736H,2015,422
2007B3PS0604G,2007,186
2008A1TS0430G,2008,233
2020B3TS0112H,2020,555
2007B3PS0062H,2007,185
2007B2TS0064G,2007,188
2013A8TS0527G,2013,373
2008AAPS0849P,2008,227
2018B4PS0327G,2018,483
2006AATS0804G,2006,150
2019A3PS0573P,2019,533
2015B5TS0982H,2015,415
2024B2TS0001H,2024,754
2018AAPS0103H,2018,487
2024B1TS0081H,2024,846
2014A7TS0766H,2014,398
2006A4PS0326G,2006,169
2021B2TS0214H,2021,601
2020B3PS0777P,2020,554
2017B4TS0476P,2017,451
2008B4TS0658G,2008,234
2013A1PS0293P,2013,371
2023A7PS0311P,2023,733
2005A1PS0400P,2005,139
2005B2PS0626P,2005,142
2010A7PS0209G,2010,292
2021A1TS0212P,2021,618
2017B4PS0507G,2017,460
2019A1PS0130G,2019,525
2020A3TS0327P,2020,567
2008A8TS0849P,2008,236
2020AATS0291H,2020,581
2021A1PS0751G,2021,613
2014B5TS0074H,2014,399
2019B5PS0467P,2019,508
2018A1PS0011G,2018,478
2021A4PS0812H,2021,625
2004A8PS0937G,2004,119
2004A7PS0178P,2004,101
2012A3PS0896G,2012,343
2007B1PS0365H,2007,194
2006A8PS0489P,2006,164
2013A1TS0126G,2013,354
2014A8PS0670P,2014,375
2012A1TS0602G,2012,336
2015A4TS0399P,2015,419
2006A3TS0351P,2006,153
2012A7PS0960P,2012,345
2015A8PS0694G,2015,402
2012B5PS0266G,2012,349
2013B1PS0726G,2013,362
2019B5TS0047P,2019,539
2023B3PS0460G,2023,740
2015B5TS0797G,2015,423
2021B1TS0470H,2021,630
2016B4PS0904H,2016,447
2008A1TS0618H,2008,238
2007B1PS0093P,2007,196
2019B4TS0817G,2019,519
2017B2TS0158G,2017,471
2009A1PS0296H,2009,266
2013A8PS0454H,2013,361
2006AATS0259G,2006,171
2017A7PS0569P,2017,468
2019A7TS0414H,2019,514
2023B2TS0867H,2023,737
2011AAPS0013H,2011,316
2008AAPS0615G,2008,249
2012A4PS0915P,2012,339
2014B3TS0658G,2014,380
2020B3TS0660G,2020,598
2021A8TS0973H,2021,617
2013B1TS0304P,2013,361
2016B5TS0227P,2016,429
2007A1TS0943G,2007,177
2024A1PS0815G,2024,814
2019A8TS0146G,2019,531
2022A3TS0574H,2022,672
2014B2TS0706G,2014,395
2013A7PS0709P,2013,350
2017B1TS0651G,2017,473
2017A4TS0320G,2017,457
2019AATS0678P,2019,522
2009B2PS0771P,2009,253
2007A1PS0033G,2007,195
2005A8PS0744H,2005,131
2005A1PS0690G,2005,136
2008B1TS0076P,2008,244
2014B1TS0987H,2014,394
2012AAPS0587G,2012,332
2007B2PS0480H,2007,185
2009B4TS0343G,2009,273
2011B5PS0217H,2011,319
2013B2PS0325G,2013,353
2015B1PS0157G,2015,422
2014B2PS0711H,2014,398
2024A7PS0105H,2024,836
2021A1PS0512H,2021,623
2018AATS0120H,2018,490
2023A7PS0804P,2023,732
2016B3TS0820P,2016,434
2017A7TS0079P,2017,462
2014A4PS0087P,2014,390
2009AAPS0664P,2009,261
2006A4TS0375H,2006,153
2009B4TS0962H,2009,257
2022B3PS0132P,2022,661
2024B5PS0052H,2024,760
2004B5TS0319P,2004,122
2006A1PS0069H,2006,172
2006B5TS0182H,2006,165
2014B2TS0957H,2014,384
2013A1TS0449P,2013,360
2021B3TS0911H,2021,629
2016B3PS0364G,2016,432
2006A1PS0365P,2006,174
2010A8TS0273H,2010,277
2023A3PS0292P,2023,723
2017B5PS0857H,2017,472
2005A7TS0906G,2005,137
2019A4PS0784G,2019,522
2013B2TS0475G,2013,367
2021B2TS0290P,2021,641
2008A7TS0477P,2008,230
2007B3PS0445H,2007,190
2019AAPS0143P,2019,524
2023B4PS0134G,2023,722
2020B5PS0895G,2020,572
2024A3TS0761H,2024,789
2019B2PS0883H,2019,524
2009AAPS0172H,2009,274
2006A1PS0343P,2006,166
2008A8TS0475P,2008,231
2024AAPS0067H,2024,800
2004B4TS0204P,2004,110
2017B2PS0941G,2017,463
2012A3PS0973P,2012,335
2016A7TS0238G,2016,427
2005A1PS0053G,2005,142
2008A1TS0502H,2008,246
2005B3PS0274G,2005,146
2007A3PS0382H,2007,196
2014A1PS0850H,2014,383
2024A7PS0124G,2024,760
2009B3TS0833G,2009,259
2005A8TS0584P,2005,145
2022B2PS0543G,2022,678
2022A1PS0168G,2022,697
2004A3TS0351P,2004,105
2024A4TS0427P,2024,845
2006B3PS0626G,2006,161
2021B4PS0639H,2021,642
2007A8PS0281H,2007,189
2023B4PS0514G,2023,711
2004A7TS0573P,2004,100
2020AAPS0325P,2020,577
2013A3PS0308H,2013,369
2021B1PS0960G,2021,637
2010A4PS0679G,2010,279
2014B5TS0636H,2014,379
2014A7TS0151H,2014,381
2013B3TS0364G,2013,374
2007AATS0431P,2007,190
2015AAPS0078P,2015,408
2012B3PS0286G,2012,348
2024A8PS0824P,2024,840
2017B3TS0906G,2017,452
2004AAPS0766P,2004,115
2021B5TS0496H,2021,628
2010B5TS0200G,2010,275
2024A1TS0846P,2024,810
2006B5PS0505G,2006,169
2006A8TS0273P,2006,155
2009B5PS0962P,2009,250
2019B2TS0668G,2019,549
2017B5PS0109H,2017,472
2014A3TS0686G,2014,396
2018B2TS0454H,2018,490
2005B4TS0799H,2005,127
2023B4PS0182G,2023,744
2011A3PS0079G,2011,303
2008A7TS0818P,2008,227
2011B4PS0222H,2011,308
2007B3PS0241P,2007,175
2023A4PS0929P,2023,733
2024A3PS0161P,2024,779
2013B3PS0414H,2013,365
2006A4PS0448G,2006,156
2006B5PS0175G,2006,167
2007B4TS0869G,2007,194
2016AAPS0544G,2016,434
2016AATS0945G,2016,446
2018B1TS0236G,2018,477
2010B2TS0570P,2010,298
2005B3PS0813P,2005,128
2020A8TS0376G,2020,551
2005AATS0919G,2005,130
2019B5PS0050P,2019,521
2009A1PS0643H,2009,267
2007A7TS0247H,2007,175
2013A4TS0108P,2013,353
2012A1TS0508H,2012,333
2010AATS0949H,2010,299
2015A3TS0931H,2015,422
2018A4PS0649P,2018,488
2010B5PS0924H,2010,298
2021A7TS0390G,2021,610
2011A7PS0765P,2011,319
2022A7TS0140P,2022,658
2017A3PS0963P,2017,457
2024A3PS0383H,2024,809
2009A1PS0792H,2009,274
2015A1PS0426P,2015,409
2015A1TS0442G,2015,412
2007AAPS0364G,2007,189
2004B5TS0689P,2004,113
2022B3PS0730P,2022,653
2021A8TS0016P,2021,617
2004B1PS0886G,2004,108
2009A4PS0955P,2009,268
2017A3TS0228P,2017,454
2007A3TS0133H,2007,183
2022B4PS0698H,2022,674
2014B2PS0371H,2014,387
2016B3PS0692G,2016,425
2020A1TS0666H,2020,566
2009B2PS0873H,2009,273
2010AAPS0447H,2010,278
2007B1PS0540H,2007,186
2017A3TS0812G,2017,457
2006A1PS0211P,2006,156
2013AAPS0955G,2013,365
2015B3TS0730H,2015,406
2024AATS0469G,2024,838
2022B2TS0490H,2022,654
2012B1TS0344H,2012,325
2015B2PS0761H,2015,401
2022AAPS0522P,2022,693
2016A1PS0971H,2016,449
2009B1PS0189H,2009,256
2017AATS0661H,2017,466
2024B2PS0050P,2024,839
2012A3TS0131P,2012,327
2023A4TS0086P,2023,709
2024A7PS0202G,2024,846
2008AAPS0715P,2008,238
2018B1PS0260G,2018,477
2011B1PS0007P,2011,318
2011A1TS0185G,2011,316
2011A8TS0574H,2011,313
2017A4TS0149G,2017,456
2006A1TS0232G,2006,156
2022B5TS0453P,2022,691
2018B2PS0093G,2018,480
2013A4PS0416G,2013,366
2021A3PS0001H,2021,631
2022A8TS0589G,2022,685
2017A8PS0684P,2017,459
2022A7PS0579G,2022,667
2022AAPS0906G,2022,652
2023B3PS0330G,2023,725
2014B3PS0564P,2014,392
2010A1PS0557P,2010,292
2009A1PS0937H,2009,268
2007A4TS0695H,2007,196
2007AAPS0943H,2007,184
2019A8TS0935P,2019,513
2022A4PS0595G,2022,671
2019B5PS0798G,2019,504
2014A3PS0438P,2014,399
2004AATS0933H,2004,115
2017B1PS0748G,2017,461
2024AATS0574H,2024,828
2004B3TS0295P,2004,119
2021B1TS0862G,2021,622
2008A8TS0169P,2008,244
2014B4PS0851P,2014,380
2020B4PS0966G,2020,574
2004B3TS0091H,2004,110
2004B2TS0705H,2004,102
2020A1PS0538P,2020,572
2008B2TS0235P,2008,237
2021A3PS0826P,2021,621
2022B3TS0531G,2022,658
2015B4TS0411G,2015,408
2023A1TS0180P,2023,726
2015A7TS0110G,2015,411
2011B5PS0778P,2011,308
2023B1PS0468G,2023,727
2014A3PS0530G,2014,390
2016B5PS0578G,2016,434
2005B2PS0124P,2005,127
2017A4PS0168G,2017,450
2014B1PS0483H,2014,375
2004A1TS0305H,2004,106
2016A1PS0898G,2016,432
2015B3PS0254H,2015,424
2019AAPS0913H,2019,516
2013AAPS0769P,2013,359
2016B5TS0991P,2016,447
2023A3PS0016G,2023,739
2022A1PS0820G,2022,679
2008A1TS0035P,2008,249
2018B1PS0690P,2018,480
2022A4TS0732H,2022,651
2009A4PS0252H,2009,250
2006B2PS0030G,2006,155
2018B2PS0015P,2018,493
2006A3PS0981H,2006,170
2020B3PS0319G,2020,583
2023A7TS0126G,2023,748
2005A7PS0820P,2005,146
2008B3TS0581H,2008,244
2019A4PS0616G,2019,525
2024B2PS0389P,2024,772
2017B4PS0143P,2017,450
2017B3TS0067H,2017,474
2006B2TS0227P,2006,155
2014A7PS0094H,2014,380
2009A4TS0384G,2009,270
2014A3TS0867H,2014,382
2006AATS0856G,2006,150
2009B1PS0847G,2009,255
2020A7TS0203H,2020,550
2006A3PS0557H,2006,168
2014B4PS0885H,2014,387
2014B4TS0424P,2014,386
2015B1PS0058G,2015,416
2006AAPS0261H,2006,152
2004A8PS0962H,2004,107
2009A7TS0572G,2009,251
2023B5PS0454P,2023,726
2017B3PS0820H,2017,456
2009AATS0718P,2009,259
2021A4PS0234G,2021,632
2019A3TS0420G,2019,543
2005B5PS0322G,2005,128
2019A7PS0166P,2019,543
2017B3TS0825G,2017,472
2009B2TS0376P,2009,270
2019A4PS0595H,2019,514
2012A4PS0972G,2012,335
2024B4PS0245H,2024,819
2012B5PS0200G,2012,344
2004B1TS0606H,2004,113
2018A7PS0716P,2018,484
2020AAPS0096H,2020,570
2016A3TS0985H,2016,438
2024A4PS0876G,2024,822
2011A7TS0473H,2011,311
2016B2TS0864H,2016,432
2024A7TS0115P,2024,784
2007A8TS0995G,2007,178
2012A7PS0109H,2012,325
2014A8PS0211P,2014,383
2011A8TS0757G,2011,314
2019B1PS0452H,2019,521
2016A1PS0264H,2016,437
2011B4PS0475G,2011,316
2009B1PS0617P,2009,267
2008B3PS0538P,2008,231
2020B3PS0832G,2020,596
2007B1TS0417G,2007,178
2008B4TS0832G,2008,227
2007A4TS0887G,2007,180
2007B5PS0690P,2007,179
2017B3PS0332H,2017,457
2013A7PS0261G,2013,369
2015B4PS0665H,2015,400
2018B3TS0570P,2018,494
2019A7PS0427G,2019,542
2023B5TS0946P,2023,711
2023B4PS0054G,2023,701
2024AATS0119H,2024,848
2013AAPS0584P,2013,367
2011B2TS0256H,2011,308
2008B5TS0927H,2008,240
2011B3TS0230P,2011,305
2013A4TS0528P,2013,370
2009A1PS0772H,2009,272
2019B3TS0462G,2019,540
2009A1TS0763G,2009,261
2010A3TS0458H,2010,295
2012A3PS0609G,2012,327
2009B2TS0536P,2009,273
2011B3PS0398G,2011,309
2016B1PS0734H,2016,449
2020A1TS0053H,2020,571
2011B3PS0912G,2011,323
2008B3PS0604P,2008,233
2020B1TS0813G,2020,598
2012B3PS0489H,2012,344
2006B4PS0985H,2006,168
2018A7TS0346H,2018,498
2009A3PS0954P,2009,260
2009B1PS0352H,2009,250
2020A1TS0235P,2020,589
2016A4PS0396H,2016,438
2019B5PS0652P,2019,506
2012A8PS0049G,2012,341
2021B2PS0179P,2021,611
2021A8TS0327G,2021,620
2004B3TS0485P,2004,102
2013A1TS0208G,2013,363
2015A3PS0999G,2015,406
2015A3TS0789P,2015,414
2022A1TS0803P,2022,664
2004B4TS0126P,2004,120
2016A4PS0686H,2016,427
2008B2PS0274P,2008,241
2017B5TS0536G,2017,463
2008A1PS0609G,2008,232
2008B2TS0692H,2008,228
2021B5PS0543H,2021,617
2020A7TS0253G,2020,588
2024A4TS0319P,2024,844
2016B5PS0446P,2016,442
2014B2TS0507H,2014,397
2021A7TS0811H,2021,611
2005A8TS0031G,2005,142
2021A7PS0930G,2021,620
2016B2TS0108H,2016,446
2012A1TS0582H,2012,338
2013A7PS0331P,2013,356
2005A1TS0793H,2005,128
2006B5TS0962P,2006,152
2008A7TS0652P,2008,249
2024B1TS0646H,2024,835
2024A3TS0317H,2024,793
2022AATS0602H,2022,698
2024B1TS0276G,2024,790
2023A3PS0422G,2023,712
2008B4TS0609P,2008,238
2006A4PS0909P,2006,166
2004A4TS0111H,2004,120
2013B3TS0777P,2013,371
2004A1PS0631H,2004,103
2011B2TS0605P,2011,321
2010A7PS0142H,2010,297
2013AATS0558P,2013,367
2022B1PS0086G,2022,692
2018A1TS0705G,2018,499
2006B3TS0333G,2006,162
2010AAPS0431P,2010,283
2014A4PS0773P,2014,396
2010B5PS0308P,2010,297
2019B1TS0804G,2019,535
2004A7TS0232P,2004,117
2005A7PS0355H,2005,147
2004B3PS0211H,2004,124
2013A4TS0246G,2013,350
2023B5TS0478H,2023,706
2006B5PS0202G,2006,155
2006A1TS0508G,2006,159
2004A1PS0916H,2004,123
2012A4PS0549P,2012,335
2020B1PS0708G,2020,585
2021B5TS0545H,2021,609
2006B5PS0875H,2006,154
2010AAPS0325G,2010,299
2004B5TS0694G,2004,122
2013B5TS0097G,2013,371
2017B2PS0410H,2017,457
2014A7TS0854P,2014,388
2015B5PS0839P,2015,410
2016A3TS0720H,2016,448
2017A7TS0521P,2017,457
2018A8PS0697H,2018,497
2004A1PS0906G,2004,117
2012A3TS0385H,2012,327
2006A7PS0841P,2006,168
2016B1PS0627H,2016,430
2021A4TS0352P,2021,648
2010B5PS0561H,2010,291
2007B4PS0722G,2007,192
2017B4TS0049H,2017,473
2004B5PS0790P,2004,101
2008A8TS0794H,2008,247
2023A8PS0897H,2023,746
2023B4TS0317P,2023,734
2009B3PS0207P,2009,262
2022B1PS0589P,2022,674
2013B2TS0800H,2013,355
2006A7TS0624H,2006,159
2019A8TS0117H,2019,543
2019B5TS0516P,2019,540
2012B5TS0342H,2012,329
2018A3PS0616H,2018,493
2004A8PS0964G,2004,119
2009A3PS0634G,2009,251
2018B2TS0720H,2018,492
2005B4PS0886H,2005,144
2004A4TS0711H,2004,113
2008AATS0377G,2008,244
2009A3TS0217G,2009,253
2015B4PS0257P,2015,418
2008A4PS0406G,2008,229
2008AAPS0691G,2008,243
2005A1PS0282H,2005,146
2019A7PS0034P,2019,535
2013A1PS0661G,2013,362
2007A8PS0701G,2007,188
2021B1TS0200H,2021,631
2024B5TS0213H,2024,830
2018A3TS0536P,2018,477
2021B3PS0657G,2021,600
2022B2TS0069P,2022,689
2015B4TS0860P,2015,409
2023A3TS0360P,2023,739
2017AATS0545G,2017,470
2007B5PS0689P,2007,194
2008B2TS0279H,2008,244
2024A7TS0940P,2024,838
2007B3PS0755P,2007,193
2006B4PS0690P,2006,166
2021B4PS0299H,2021,627
2007B4PS0687G,2007,180
2010A1PS0418G,2010,288
2012AATS0577H,2012,345
2012B5PS0391P,2012,331
2019A3TS0800P,2019,527
2007A8TS0933P,2007,183
2024A4PS0942P,2024,752
2024B4TS0286H,2024,801
2017B5PS0707P,2017,462
2024A7TS0002H,2024,751
2020A3PS0026P,2020,554
2012A7PS0416G,2012,338
2016A7TS0176G,2016,436
2021A1PS0445P,2021,603
2004A7TS0542H,2004,122
2009A3TS0312P,2009,259
2021B3TS0532G,2021,624
2013A7TS0241G,2013,363
2024AAPS0404G,2024,759
2004AATS0286G,2004,101
2009AATS0470G,2009,251
2011B5PS0189G,2011,317
2014AAPS0087H,2014,399
2014A8TS0743G,2014,397
2006AATS0868H,2006,160
2011A7PS0667H,2011,309
2008A1PS0761P,2008,243
2005B3PS0280P,2005,146
2011A7TS0725H,2011,315
2020A7TS0731G,2020,597
2008A3PS0131P,2008,239
2021B3TS0535P,2021,607
2014AAPS0503H,2014,376
2005AAPS0953H,2005,140
2018A3PS0048G,2018,490
2018B1TS0963P,2018,475
2008B1PS0576H,2008,243
2020A7PS0460G,2020,552
2005A4TS0634H,2005,136
2010A3PS0686P,2010,278
2012A1TS0845P,2012,334
2020A1TS0876P,2020,597
2013B5PS0880G,2013,356
2016B4PS0878G,2016,428
2024AATS0993H,2024,786
2018AATS0734P,2018,488
2024B2TS0558G,2024,833
2015A7PS0282P,2015,410
2004A3TS0231H,2004,109
2007B4PS0485H,2007,192
2007A4TS0614G,2007,185
2020A3PS0941P,2020,580
2024B2PS0693P,2024,802
2022B1TS0891P,2022,674
2024B1TS0655H,2024,846
2010A7TS0363H,2010,290
2017B5TS0271H,2017,469
2007B4PS0833H,2007,176
2013AAPS0517P,2013,374
2010A7PS0538P,2010,286
2015B2TS0765P,2015,400
2020B2PS0051G,2020,582
2016B4TS0830P,2016,440
2005AATS0289H,2005,139
2014A4TS0970H,2014,399
2017B5TS0196G,2017,474
2004B3PS0135G,2004,103
2021A3PS0444G,2021,628
2021A3TS0853P,2021,634
2014B5TS0275H,2014,397
2022A3TS0742G,2022,678
2004B2PS0624H,2004,112
2019A7TS0481H,2019,535
2005B2TS0851G,2005,133
2004A4TS0471G,2004,108
2018A8TS0826G,2018,477
2017A3PS0234H,2017,453
2009A7PS0919G,2009,259
2010A7TS0933G,2010,276
2014A3PS0197G,2014,397
2020B2TS0030G,2020,574
2018A3PS0913G,2018,482
2021B4TS0918H,2021,646
2011A1PS0283G,2011,315
2004B5PS0726H,2004,118
2012B2PS0201P,2012,335
2006B3PS0919H,2006,171
2004A8TS0336P,2004,109
2014A4TS0771P,2014,381
2020B2TS0322G,2020,559
2019B1TS0421H,2019,524
2005AATS0928H,2005,129
2021A1TS0821H,2021,603
2010A7TS0072H,2010,280
2019A7PS0696G,2019,514
2021A8TS0198P,2021,645
2022AAPS0835H,2022,680
2019B1TS0714G,2019,536
2017A7TS0689G,2017,455
2024B5TS0500H,2024,819
2012A3PS0482P,2012,343
2016A7PS0799G,2016,436
2015B1TS0589P,2015,411
2010B3TS0012G,2010,292
2018A3PS0834H,2018,478
2005A1PS0600H,2005,135
2013B2PS0805P,2013,364
2022A3PS0961H,2022,668
2010B2PS0288G,2010,291
2018A8TS0533P,2018,475
2023B4TS0695P,2023,742
2009AAPS0007H,2009,261
2004A4TS0879P,2004,106
2018A1TS0876H,2018,490
2009AAPS0139P,2009,267
2012A4PS0860H,2012,344
2008B5TS0431P,2008,227
2016B5PS0413H,2016,435
2023A8TS0229H,2023,735
2022B5PS0394P,2022,663
2019B2PS0778G,2019,523
2019A7PS0611P,2019,509
2017A4TS0798G,2017,471
2004A8PS0987G,2004,118
2022B2PS0880G,2022,676
2024B4PS0548P,2024,783
2015B2TS0884G,2015,423
2023B1PS0301P,2023,733
2022B3PS0703P,2022,676
2009B2TS0174H,2009,269
2010A8TS0990P,2010,287
2022A8PS0417G,2022,653
2020A4TS0274P,2020,581
2016A1TS0692G,2016,449
2021A7TS0114P,2021,622
2016B1TS0328G,2016,432
2004B1PS0077P,2004,117
2012A1TS0222P,2012,345
2006A4PS0016H,2006,167
2019B3PS0818G,2019,521
2005B5TS0678G,2005,131
2020A1TS0035H,2020,563
2005B4PS0699G,2005,145
2013B2PS0209H,2013,366
2005B5TS0208H,2005,141
2009A1PS0320G,2009,250
2013A7TS0067P,2013,370
2007B1TS0832H,2007,187
2007B2TS0378G,2007,177
2011A8TS0161P,2011,323
2006B3PS0525P,2006,155
2006B1TS0978P,2006,150
2010A8TS0113G,2010,275
2016A8PS0951H,2016,433
2013B3PS0512G,2013,360
2006B1PS0104H,2006,153
2019B2TS0531P,2019,532
2006AAPS0259P,2006,157
2008B3TS0921H,2008,225
2013A7PS0360H,2013,374
2011B5PS0277P,2011,311
2023A7PS0773P,2023,731
2010A7TS0832P,2010,297
2024A7TS0831H,2024,809
2019A8TS0241P,2019,536
2014B3PS0296G,2014,384
2008A8TS0392P,2008,232
2016A3PS0627G,2016,449
2009A7PS0007G,2009,262
2021B5PS0398P,2021,648
2019B1TS0312P,2019,539
2004A1TS0773H,2004,111
2012B5PS0300P,2012,344
2006A8PS0536H,2006,169
2017B2TS0425G,2017,470
2008AAPS0603P,2008,231
2023B2TS0724G,2023,738
2010AATS0106H,2010,278
2022A4PS0984H,2022,688
2014A1TS0164P,2014,393
2015B5TS0117H,2015,410
2023AAPS0699H,2023,738
2006A4TS0146P,2006,164
2006B5TS0406H,2006,168
2011AAPS0842P,2011,316
2024B2TS0991P,2024,815
2023A3TS0611G,2023,734
2010AAPS0647H,2010,275
2011B2TS0909H,2011,314
2008A1TS0698H,2008,238
2024B5PS0371P,2024,816
2014A8PS0860H,2014,396
2008A7PS0439H,2008,228
2012B2TS0287P,2012,344
2009A3PS0477G,2009,260
2005A4PS0448G,2005,147
2004AAPS0123G,2004,117
2019A1PS0387H,2019,543
2009A4TS0155H,2009,261
2020B2PS0137P,2020,578
2016B5PS0413G,2016,429
2016AAPS0120H,2016,447
2011A1PS0507P,2011,321
2021A4TS0358G,2021,645
2005B5TS0784P,2005,130
2024A1TS0838H,2024,760
2024A4PS0060G,2024,795
2008B5PS0888P,2008,248
2024B3PS0812P,2024,810
2007A3PS0450P,2007,190
2018AATS0906G,2018,480
2011B3PS0746P,2011,318
2020A3PS0663G,2020,586
2012A3PS0066H,2012,341
2024A3TS0066G,2024,838
2015B2TS0743G,2015,400
2022A3PS0366G,2022,660
2018A8PS0627P,2018,488
2007B5PS0441P,2007,187
2019B4PS0321H,2019,512
2007AATS0668H,2007,198
2022A4TS0144H,2022,664
2023B5TS0049P,2023,749
2006B2PS0489G,2006,171
2018B1PS0088G,2018,498
2017A3TS0502P,2017,468
2015A4TS0898G,2015,403
2020B2TS0358P,2020,587
2024B4TS0460H,2024,802
2006B4TS0467H,2006,174
2013A7TS0749H,2013,356
2006AATS0135H,2006,163
2017B5TS0751H,2017,451
2019A1PS0161G,2019,530
2015B5PS0534H,2015,408
2010A4PS0580P,2010,287
2009B2PS0736H,2009,263
2014AATS0870H,2014,381
2013B5TS0615P,2013,370
2017B3TS0948H,2017,470
2019A1TS0179G,2019,527
2017A7TS0963P,2017,470
2015A8PS0536G,2015,410
2011A4PS0598G,2011,310
2023A1PS0895G,2023,724
2015AATS0271P,2015,401
2011B1TS0414P,2011,303
2023B5PS0130P,2023,748
2017B4PS0367G,2017,470
2004A7PS0758P,2004,105
2006B5TS0573G,2006,159
2024A3TS0290G,2024,787
2021B4PS0615H,2021,614
2017A3TS0507H,2017,458
2013A3TS0417P,2013,368
2017A4PS0572H,2017,470
2005A7PS0344H,2005,149
2021B4TS0101P,2021,626
2010A8PS0143H,2010,279
2018B3PS0359H,2018,481
2020A8PS0278H,2020,552
2008A4TS0513G,2008,228
2005A4PS0501H,2005,146
2015B4PS0829H,2015,418
2015B4PS0386G,2015,418
2008B3TS0518P,2008,249
2013B2TS0965P,2013,354
2004A8TS0207P,2004,110
2020A4PS0851H,2020,555
2004A8TS0136P,2004,111
2011B2PS0289H,2011,317
2007B1TS0048G,2007,199
2017A8TS0526G,2017,472
2007B2TS0371H,2007,179
2007AAPS0191G,2007,192
2013B3PS0430P,2013,352
2006A3PS0795G,2006,174
2022A4PS0589P,2022,654
2015AATS0717H,2015,413
2016A3TS0777H,2016,443
2021B4TS0339G,2021,630
2016B4TS0294G,2016,440
2016A8TS0076P,2016,432
2013B1PS0653H,2013,361
2017B5TS0984P,2017,466
2019B5TS0367H,2019,529
2024B2TS0540P,2024,841
2013B1TS0085H,2013,370
2020A3TS0664H,2020,557
2024B2PS0103H,2024,810
2023AATS0727P,2023,727
2016A7PS0956G,2016,429
2020A3PS0886G,2020,576
2007B4TS0705H,2007,192
2009AATS0265P,2009,272
2007B4TS0527H,2007,187
2017A8PS0669G,2017,450
2010B4PS0854H,2010,287
2021B3TS0260G,2021,645
2011B1PS0522G,2011,310
2007A1PS0403G,2007,186
2023B4TS0901G,2023,727
2015A8TS0986G,2015,406
2016A3TS0113P,2016,444
2021A8PS0515P,2021,630
2023A7PS0832H,2023,710
2024B1PS0357G,2024,778
2023A4TS0553P,2023,723
2008B4TS0247P,2008,228
2010B3TS0996G,2010,280
2018B4PS0978G,2018,481
2024AATS0730H,2024,752
2017B4PS0945P,2017,459
2009AAPS0060H,2009,250
2020B4TS0282H,2020,563
2012A1PS0168H,2012,349
2013A7TS0773H,2013,352
2018A1TS0696H,2018,495
2018A8TS0733H,2018,477
2010A8TS0558H,2010,293
2006B4TS0923P,2006,170
2015A7PS0621P,2015,409
2021B5TS0876H,2021,631
2005A1TS0122G,2005,133
2015B4PS0836G,2015,422
2013B5PS0740G,2013,365
2005A8TS0479G,2005,148
2005A7PS0221G,2005,136
2014A1PS0185P,2014,387
2022B1TS0818G,2022,678
2004A3PS0989P,2004,119
2016B4PS0766P,2016,437
2014A8TS0512G,2014,383
2015A7PS0329G,2015,417
2014B3PS0999H,2014,388
2019A1TS0054G,2019,546
2005A3TS0125G,2005,145
2023A4PS0944P,2023,701
2013A8PS0052H,2013,356
2013B1TS0170P,2013,370
2021B5PS0840H,2021,610
2022A1PS0803G,2022,655
2016A7TS0795G,2016,445
2007B4PS0584H,2007,197
2013AAPS0139H,2013,371
2004A1PS0495H,2004,102
2013B1TS0779H,2013,354
2007A3PS0567P,2007,178
2012A3TS0445P,2012,341
2019A3TS0051P,2019,539
2022A3PS0111P,2022,688
2017B5PS0647P,2017,455
2011B4PS0656P,2011,316
2008B3TS0303G,2008,238
2010A1PS0170P,2010,285
2007B4TS0578P,2007,177
2010B3PS0724P,2010,286
2016B4TS0840H,2016,428
2015B5PS0873P,2015,417
2014AAPS0040H,2014,384
2016B3PS0420H,2016,427
2006B4TS0920P,2006,165
2020A3PS0936H,2020,554
2013A4PS0457P,2013,367
2015B4PS0358H,2015,416
2020A4TS0667G,2020,591
2019B3TS0523P,2019,548
2019A7TS0643P,2019,530
2019B3PS0895P,2019,544
2022AATS0218H,2022,665
2007AATS0624P,2007,198
2005A8PS0968P,2005,133
2023A8TS0269H,2023,710
2017B2TS0784H,2017,469
2008B3PS0002P,2008,238
2006A7TS0369H,2006,150
2023B4PS0395G,2023,734
2015A4TS0716P,2015,418
2022B2PS0464H,2022,685
2021A1PS0005G,2021,620
2023A8TS0860P,2023,736
2016A3PS0983H,2016,428
2013B1TS0641H,2013,354
2022B3TS0891G,2022,679
2020B4TS0296G,2020,584
2010B1TS0489P,2010,281
2005AAPS0657H,2005,134
2020A8PS0550P,2020,594
2023AAPS0709P,2023,736
2006B4PS0379P,2006,150
2021B1TS0956G,2021,605
2009B3TS0003P,2009,254
2013A4TS0415H,2013,357
2019AAPS0260P,2019,506
2010B5TS0476G,2010,295
2008A4PS0390G,2008,238
2023B1TS0292H,2023,725
2021A3TS0415G,2021,644
2004A8TS0739G,2004,111
2015B5TS0114H,2015,411
2022A4PS0165H,2022,668
2004A4PS0234G,2004,114
2021B5TS0154P,2021,627
2015A1TS0285P,2015,408
2007B2PS0127G,2007,182
2010B1PS0494P,2010,294
2019B5PS0348H,2019,520
2007A1PS0305P,2007,182
2006B4PS0205P,2006,150
2012B4TS0650P,2012,342
2005B1PS0529G,2005,149
2007A8TS0649G,2007,195
2015B5PS0950H,2015,411
2008A3PS0391H,2008,228
2019A3TS0135G,2019,540
2019B2TS0710G,2019,546
2017B2TS0974G,2017,464
2011B2PS0816H,2011,310
2024AAPS0779G,2024,782
2005A1TS0933G,2005,145
2022B5PS0912H,2022,656
2023A7PS0858G,2023,728
2015A7PS0411H,2015,422
2020B1TS0022G,2020,573
2024B1TS0159G,2024,820
2024B4PS0716P,2024,828
2008B3PS0667G,2008,249
2023A1PS0679H,2023,726
2018B4TS0918G,2018,497
2019A1TS0041P,2019,504
2012B1TS0778G,2012,346
2020B3TS0443G,2020,551
2008AAPS0466H,2008,230
2012B4TS0373H,2012,325
2006AATS0532H,2006,165
2018A8TS0862P,2018,484
2024B3PS0275G,2024,841
2019AAPS0584G,2019,529
2015B3TS0581P,2015,404
2009B4TS0644P,2009,269
2010A3PS0782P,2010,298
2014A4TS0504P,2014,384
2015B2TS0390G,2015,412
2010A1TS0566H,2010,299
2005B3PS0085H,2005,132
2013A1PS0363H,2013,373
2015B5TS0324G,2015,405
2005A8PS0446G,2005,148
2013A7PS0200P,2013,364
2012A8PS0378P,2012,339
2004B4TS0366H,2004,104
2020B4PS0450P,2020,562
2006A1TS0902H,2006,156
2011B4TS0692G,2011,308
2018B2PS0335H,2018,498
2019B4TS0500H,2019,547
2019B2PS0384H,2019,518
2022A3TS0360G,2022,699
2023B5TS0491P,2023,733
2004A3PS0352P,2004,115
2008A4TS0616H,2008,232
2020B5PS0866G,2020,596
2012A7PS0672H,2012,325
2014A7PS0268H,2014,399
2013AAPS0015G,2013,352
2020B2PS0971H,2020,583
2018B3PS0700P,2018,498
2013B1PS0692P,2013,374
2014B1PS0675G,2014,395
2022A1TS0685P,2022,654
2024A8PS0843H,2024,767
2023B3TS0592H,2023,724
2023B4PS0274H,2023,714
2011A1PS0774H,2011,323
2013B4TS0361P,2013,366
2008A1TS0598G,2008,249
2008AATS0181G,2008,244
2019B5PS0939G,2019,529
2020AAPS0236P,2020,583
2018A1PS0524G,2018,488
2010AAPS0221P,2010,291
2016B3PS0601H,2016,425
2020A4TS0962P,2020,568
2020B1TS0528H,2020,583
2013B1PS0407P,2013,359
2021A8TS0901P,2021,625
2024B2PS0606G,2024,807
2022B2TS0496G,2022,688
2006A3TS0098G,2006,160
2014A8PS0799H,2014,388
2004A4PS0930G,2004,119
2020A8TS0357P,2020,587
2017A4TS0497G,2017,469
2024AATS0258P,2024,847
2004B4PS0004H,2004,116
2022A8PS0452P,2022,698
2012AATS0263P,2012,349
2007A3TS0955G,2007,178
2010B1TS0173G,2010,294
2006A1TS0930P,2006,163
2014A8PS0475G,2014,377
2006B2PS0412H,2006,170
2018B4TS0033P,2018,477
2016AATS0430H,2016,443
2004B2TS0712H,2004,101
2016B1TS0280G,2016,433
2017B1PS0460P,2017,471
2018A4TS0808P,2018,494
2005A8TS0355G,2005,148
2013B5PS0827H,2013,360
2019A3TS0577H,2019,541
2024B4TS0330H,2024,755
2007A3TS0705G,2007,184
2005A3TS0565P,2005,140
2006A7TS0539P,2006,154
2023B4PS0186H,2023,720
2016A3TS0081G,2016,438
2010AAPS0022P,2010,291
2021B5PS0994P,2021,614
2013B1TS0477H,2013,370
2018A1PS0251G,2018,481
2019A3PS0471P,2019,547
2013B1TS0526P,2013,364
2023B3PS0878P,2023,738
2009A3TS0646P,2009,263
2018B5TS0034G,2018,483
2009A3TS0021G,2009,272
2004B3PS0116H,2004,108
2009A4TS0542G,2009,252
2022A4PS0810G,2022,692
2009B2TS0992G,2009,258
2024A8PS0184P,2024,783
2004A8TS0083G,2004,122
2004B5TS0116P,2004,113
2007A4TS0764G,2007,197
2007B1PS0583G,2007,175
2011AAPS0261G,2011,300
2010A1TS0041H,2010,298
2020A8PS0925G,2020,552
2011B5TS0514H,2011,321
2019A8TS0032H,2019,533
2012B4TS0446P,2012,334
2008B1PS0262G,2008,226
2020B2TS0655P,2020,583
2022A8PS0539P,2022,681
2015B5TS0008P,2015,410
2011B4TS0701P,2011,311
2016AAPS0344H,2016,446
2008A8PS0618H,2008,240
2004A1TS0549H,2004,119
2014AATS0807G,2014,399
2018B3PS0884H,2018,475
2017A8TS0104H,2017,460
2012A8TS0796G,2012,327
2017B5TS0861G,2017,455
2014A3PS0657G,2014,376
2017A8PS0202G,2017,455
2014AATS0103P,2014,395
2009B3TS0432H,2009,263
2005AAPS0806H,2005,133
2005A8TS0462G,2005,136
2013B4TS0215P,2013,371
2019B1TS0814P,2019,520
2008A7PS0542P,2008,249
2018B3TS0573H,2018,499
2023A3PS0608H,2023,709
2013B4PS0607P,2013,363
2011B2PS0317H,2011,300
2006A8PS0730H,2006,166
2007AAPS0009H,2007,186
2008B2PS0614G,2008,235
2005A7PS0729G,2005,147
2018B4PS0312P,2018,475
2018B2PS0363H,2018,493
2013A3PS0212H,2013,361
2023A7PS0730P,2023,700
2007B1TS0784G,2007,184
2023A1PS0798G,2023,714
2008A3TS0925G,2008,230
2020B3PS0116G,2020,568
2010A4TS0563H,2010,278
2005A3TS0661P,2005,142
2016B1TS0568P,2016,442
2014B4TS0174P,2014,399
2018B4TS0468G,2018,475
2024A4TS0221H,2024,766
2023A3PS0681G,2023,724
2010A3PS0554H,2010,299
2007A8TS0598G,2007,185
2018B2PS0584H,2018,498
2023B2PS0219P,2023,726
2009B1TS0091H,2009,261
2010A1TS0989G,2010,287
2018A7PS0760G,2018,479
2015B4PS0583P,2015,423
2005B4TS0588P,2005,127
2007A3PS0483H,2007,183
2016A7TS0481H,2016,436
2018AAPS0607G,2018,484
2022AAPS0643H,2022,655
2017AATS0536H,2017,462
2015A7PS0656H,2015,406
2004A7TS0928G,2004,110
2008B3PS0328H,2008,227
2016A1TS0771P,2016,426
2012AAPS0175G,2012,331
2012A1PS0593H,2012,340
2005AATS0108H,2005,132
2022A1PS0483G,2022,674
2006A8PS0941H,2006,169
2015AATS0396P,2015,414
2009A3PS0718P,2009,263
2016B2TS0537G,2016,437
2024B2TS0974P,2024,768
2023B2TS0256G,2023,727
2013A7PS0129P,2013,373
2009B3PS0661P,2009,263
2009A1PS0656G,2009,259
2010AATS0252H,2010,295
2017A7TS0184P,2017,472
2015B1TS0240H,2015,400
2022A3PS0163P,2022,670
2004A8PS0585H,2004,104
2022A4PS0279H,2022,697
2018A4PS0973G,2018,479
2008A7PS0835G,2008,239
2016B5PS0617H,2016,431
2009B5PS0586H,2009,250
2019A8TS0613G,2019,516
2024AATS0985H,2024,844
2019B3TS0929G,2019,543
2008A7TS0611P,2008,229
2018A7PS0070H,2018,494
2007A8PS0020H,2007,193
2014AAPS0928P,2014,391
2016B1PS0798H,2016,440
2014B5TS0297G,2014,398
2022B1TS0671P,2022,681
2019B4PS0778H,2019,536
2024B1TS0226P,2024,825
2009A8PS0178G,2009,267
2011A7TS0740H,2011,317
2010B2TS0053G,2010,287
2010B2PS0877P,2010,280
2005A4PS0486P,2005,142
2024A3TS0265H,2024,780
2007B2TS0948G,2007,184
2007A7TS0866H,2007,177
2021A4PS0311P,2021,606
2023B1PS0796G,2023,738
2019B4TS0479G,2019,500
2024A7TS0041P,2024,786
2020B1TS0865G,2020,592
2012A4PS0218P,2012,339
2024A3TS0761H,2024,836
2018B3TS0182G,2018,491
2016AATS0536P,2016,440
2009A1PS0064P,2009,269
2020B4PS0844P,2020,565
2023AAPS0330H,2023,746
2005A4TS0707H,2005,145
2005B2TS0473P,2005,131
2005B4PS0570H,2005,146
2010A8TS0339H,2010,289
2009AAPS0646G,2009,255
2022A7TS0983P,2022,655
2005B4PS0696G,2005,134
2024AATS0091H,2024,810
2007B5PS0728P,2007,183
2014B1TS0149G,2014,393
2019A3TS0706G,2019,527
2010B3TS0761G,2010,293
2007AAPS0149H,2007,199
2011A8PS0830P,2011,308
2010B3TS0303G,2010,286
2013AAPS0904P,2013,362
2023A7TS0044G,2023,736
2006B3TS0070H,2006,153
2013B5PS0094P,2013,370
2010A3PS0157G,2010,282
2008B4PS0751P,2008,241
2018A3PS0403G,2018,499
2015A3PS0269G,2015,407
2023A1TS0414G,2023,714
2020A1PS0789P,2020,561
2018B3PS0575P,2018,491
2009A4TS0964H,2009,274
2022B2PS0116G,2022,659
2008B2PS0285G,2008,246
2005A7PS0063P,2005,128
2007A3TS0764G,2007,193
2014AAPS0623G,2014,391
2005B1PS0973G,2005,147
2020B3PS0275P,2020,569
2012AAPS0404P,2012,341
2011A7TS0897G,2011,301
2005B1PS0907G,2005,147
2010A8TS0034H,2010,277
2006A1TS0733P,2006,152
2019B1TS0246H,2019,507
2018B4TS0382G,2018,499
2020AAPS0575G,2020,570
2010B2PS0282H,2010,296
2011A1TS0474H,2011,315
2011A8TS0372P,2011,315
2024B5PS0778H,2024,844
2023AAPS0226P,2023,732
2015A7TS0382G,2015,404
2021A1PS0642G,2021,614
2006B3PS0283P,2006,159
2006B3PS0281P,2006,160
2006A8TS0864P,2006,156
2024A3PS0506G,2024,774
2015A1TS0938H,2015,405
2014A1PS0333G,2014,395
2017A7TS0233P,2017,460
2011AATS0297H,2011,303
2009B1TS0953G,2009,254
2009B2TS0197P,2009,267
2018A7TS0218G,2018,476
2010B5PS0579P,2010,280
2022B4TS0882H,2022,695
2005A7PS0965H,2005,137
2023A4TS0993P,2023,703
2013B2TS0442P,2013,371
2016A1TS0740G,2016,438
2019AATS0022G,2019,526
2006A3PS0749P,2006,167
2023B2TS0591G,2023,727
2006A8TS0983H,2006,162
2022A4TS0606H,2022,658
2011B3PS0247P,2011,317
2013AAPS0447P,2013,361
2006B2PS0185H,2006,170
2010A4PS0456P,2010,286
2010A1TS0091H,2010,275
2007B2PS0604G,2007,189
2017A8PS0370G,2017,462
2011B3PS0252G,2011,315
2013A1PS0794G,2013,374
2024B5TS0600P,2024,849
2023B2PS0320P,2023,749
2015B4TS0793H,2015,412
2024A8TS0982P,2024,821
2021B5PS0568H,2021,609
2020A7PS0973G,2020,577
2019B5TS0018P,2019,534
2015A7PS0543H,2015,415
2019A8TS0850H,2019,534
2022A3PS0560G,2022,655
2017AAPS0487H,2017,459
2017B4PS0326P,2017,464
2021A8PS0180P,2021,614
2014B2TS0732P,2014,386
2007B3TS0490G,2007,184
2017A1TS0735G,2017,472
2016A7PS0807H,2016,429
2012B4PS0960G,2012,341
2021B1TS0371H,2021,649
2010A8PS0632H,2010,281
2011A4TS0954P,2011,315
2010A4TS0570H,2010,275
2024A8TS0059H,2024,835
2014B4PS0492P,2014,398
2018A8TS0062P,2018,479
2018A7TS0486H,2018,479
2008B3TS0184P,2008,239
2022A7PS0212P,2022,650
2021A8TS0341G,2021,637
2005AAPS0365H,2005,132
2019A4PS0684P,2019,543
2013B2TS0099P,2013,368
2009A3PS0919H,2009,261
2019B3PS0119G,2019,519
2024B4TS0970H,2024,756
2018A1TS0360H,2018,499
2012B3PS0320G,2012,342
2007A7PS0663G,2007,181
2023A4TS0516P,2023,720
2017AATS0946P,2017,461
2018B4TS0360P,2018,493
2020A7PS0689P,2020,595
2012B3PS0131G,2012,328
2007A1TS0580H,2007,192
2007B2TS0047H,2007,176
2018A8PS0174G,2018,498
2004B1TS0668G,2004,100
2024B5PS0913G,2024,798
2020B5PS0349P,2020,575
2022A7PS0927G,2022,696
2009B5PS0032P,2009,257
2009B2TS0154G,2009,271
2020A3PS0112H,2020,597
2008B5TS0774P,2008,238
2017AATS0657G,2017,468
2016A8TS0080H,2016,429
2019A8PS0126G,2019,527
2020B4TS0736P,2020,570
2017B5TS0790G,2017,468
2012A3PS0727P,2012,340
2024A8TS0335G,2024,819
2020A4TS0219H,2020,550
2023B3TS0213P,2023,722
2011A7TS0475P,2011,300
2005B2PS0685P,2005,129
2014B4PS0492P,2014,376
2011AAPS0447H,2011,301
2010A3TS0453G,2010,276
2011A1PS0648P,2011,300
2020A1PS0346H,2020,576
2005A3TS0697P,2005,142
2008B4TS0203P,2008,238
2008A8TS0955P,2008,227
2005A4PS0448H,2005,139
2016A8TS0208P,2016,428
2023A1TS0986P,2023,748
2014A3TS0020G,2014,377
2021B5PS0962H,2021,632
2013A8PS0046H,2013,362
2019B1TS0116G,2019,526
2021A7TS0327H,2021,630
2017AAPS0289H,2017,455
2019B5PS0544P,2019,532
2008A8TS0394P,2008,244
2015AATS0738G,2015,423
2011A1TS0104H,2011,311
2017B5PS0626P,2017,456
2015B1PS0281P,2015,410
2020A3PS0684G,2020,593
2021B3PS0939P,2021,624
2022B2TS0242P,2022,661
2015B5PS0287G,2015,413
2010AATS0679H,2010,284
2006B1PS0119H,2006,151
2005B4TS0163H,2005,135
2022B2TS0772G,2022,689
2012B2TS0863H,2012,342
2021A4TS0254P,2021,606
2013A3TS0675G,2013,355
2020B3PS0175H,2020,566
2017A7PS0312G,2017,466
2019B1PS0546G,2019,529
2011B2TS0755H,2011,302
2012B3TS0668H,2012,330
2014AATS0695H,2014,394
2020B5TS0792G,2020,582
2022A3TS0385P,2022,691
2004B5PS0768H,2004,112
2007A4PS0491G,2007,185
2005B3PS0252H,2005,143
2010B2PS0495G,2010,295
2014A8TS0024P,2014,392
2022A1PS0786P,2022,669
2013B4TS0075P,2013,369
2012B5TS0403P,2012,336
2019B2PS0625H,2019,532
2018B1PS0842P,2018,485
2016B2PS0788H,2016,435
2018B1TS0618P,2018,495
2021B4PS0547H,2021,636
2015AATS0740G,2015,408
2024B1TS0174G,2024,755
2021A1PS0475H,2021,610
2010AAPS0741P,2010,298
2017B4TS0923P,2017,474
2022A7PS0428P,2022,694
2010B4PS0290G,2010,290
2020A1PS0108P,2020,583
2015B5PS0669H,2015,400
2006A8PS0103P,2006,157
2018A4PS0883G,2018,496
2012B2TS0089P,2012,331
2007B2PS0177H,2007,184
2017A4TS0292P,2017,455
2021A1TS0164G,2021,629
2020A3TS0898G,2020,560
2013B2PS0614P,2013,363
2012AATS0529G,2012,331
2004A4TS0876H,2004,112
2019B4TS0215H,2019,533
2011A4PS0337P,2011,314
2009A4PS0304G,2009,270
2013A7TS0861P,2013,361
2012B5PS0040H,2012,330
2018AAPS0078G,2018,491
2007A8PS0854G,2007,178
2016B3PS0417H,2016,432
2020A1TS0632G,2020,597
2022B3TS0880H,2022,667
2014A4PS0346G,2014,386
2013A3TS0420P,2013,362
2024AATS0546H,2024,823
2020A7TS0612G,2020,589
2005A1PS0464G,2005,131
2015A3PS0110H,2015,417
2007A1PS0186G,2007,199
2021A4TS0438H,2021,649
2023B3TS0847P,2023,748
2004A7PS0177G,2004,111
2013B2TS0583H,2013,370
2009A7TS0396P,2009,263
2008A4TS0249G,2008,246
2022A4PS0594H,2022,672
2024AAPS0570P,2024,793
2013A7PS0740H,2013,363
2009B5TS0716P,2009,251
2024B5TS0637G,2024,752
2012AAPS0805P,2012,338
2015A8TS0280G,2015,422
2012A7TS0512P,2012,334
2016AATS0679P,2016,429
2014B3PS0278P,2014,393
2010A3PS0433H,2010,280
2007B1TS0944H,2007,182
2014B3PS0801G,2014,384
2016AAPS0135G,2016,425
2017B2PS0812H,2017,465
2004B5TS0058P,2004,116
2015A8TS0515P,2015,414
2007A4PS0593P,2007,186
2014B3TS0715H,2014,386
2012B5PS0055H,2012,339
2020A7TS0161H,2020,590
2018A7TS0165P,2018,499
2023B1PS0205G,2023,734
2019AAPS0944G,2019,548
2005B1TS0933H,2005,130
2024A8TS0235H,2024,772
2014A3PS0370G,2014,399
2008B5TS0449G,2008,230
2024A3TS0163H,2024,799
2007A4TS0332H,2007,192
2020A4PS0783P,2020,567
2022B4TS0668G,2022,691
2008A1TS0426H,2008,238
2020B1TS0809H,2020,584
2023AAPS0242H,2023,741
2018AATS0059P,2018,480
2015B2PS0212P,2015,419
2014A8PS0697G,2014,378
2018B5PS0435P,2018,478
2013A1PS0488P,2013,364
2022B4TS0378P,2022,687
2019A8PS0327P,2019,524
2019A8PS0648H,2019,506
2022A3PS0025P,2022,684
2021A3TS0981G,2021,649
2023B3PS0173H,2023,743
2009A4TS0665H,2009,254
2010A8TS0853G,2010,294
2006B4PS0138G,2006,158
2018B2TS0796P,2018,496
2008B3PS0259H,2008,232
2018B4TS0242P,2018,478
2010B5TS0554P,2010,295
2022A4TS0982H,2022,677
2020A3PS0346H,2020,555
2022A1PS0741P,2022,694
2023A3TS0739H,2023,711
2015A8TS0071G,2015,419
2014AAPS0164G,2014,375
2015B1PS0400H,2015,419
2011A1TS0454P,2011,300
2011AATS0110G,2011,306
2012B5TS0254H,2012,349
2005A4PS0895G,2005,135
2021B4PS0616P,2021,609
2023A3PS0285H,2023,702
2017B1TS0436P,2017,456
2004A4TS0859G,2004,118
2016B1TS0202G,2016,433
2021A1TS0998P,2021,614
2020AAPS0112P,2020,551
2009B1PS0133H,2009,257
2014AAPS0666P,2014,395
2013A7TS0718P,2013,355
2014A1TS0174P,2014,392
2022A3TS0717P,2022,658
2021A4TS0200G,2021,631
2004B3PS0655G,2004,114
2019A8PS0616G,2019,501
2004A7PS0591H,2004,103
2021A7PS0605G,2021,647
2010B1TS0124H,2010,288
2006B4TS0715P,2006,161
2022B4PS0757P,2022,656
2004B5TS0009P,2004,106
2016B5TS0841P,2016,431
2016A7TS0927P,2016,437
2012B3TS0130H,2012,326
2023AATS0405H,2023,714
2012A8TS0031H,2012,346
2014B4PS0365P,2014,378
2005B5TS0282P,2005,126
2020AATS0929P,2020,576
2012B2PS0863P,2012,336
2013B2PS0432H,2013,367
2011B5TS0861G,2011,310
2017B4PS0416P,2017,472
2014B2TS0489G,2014,385
2014B2PS0582H,2014,376
2010B5TS0810H,2010,275
2017A3PS0727G,2017,453
2016B1TS0696G,2016,443
2021A3TS0997P,2021,641
2004B5PS0807P,2004,102
2018B5TS0017H,2018,499
2021B1TS0550H,2021,626
2010B3TS0079H,2010,277
2004B3TS0828P,2004,105
2013B4PS0186G,2013,354
2024B5PS0140G,2024,785
2008AATS0467P,2008,248
2008B4PS0399P,2008,230
2017A4TS0072G,2017,451
2023B2PS0330G,2023,728
2010AATS0973P,2010,294
2012B2PS0257H,2012,348
2012B1PS0120G,2012,330
2015A3TS0038P,2015,406
2016A7TS0961G,2016,432
2015A8PS0574P,2015,402
2014AAPS0694P,2014,399
2017B3PS0900G,2017,456
2024B2TS0297H,2024,815
2007B5PS0096P,2007,184
2018B4TS0938G,2018,482
2014B4TS0645H,2014,378
2010B2TS0110H,2010,295
2014A7PS0504G,2014,395
2010B5PS0453H,2010,299
2009B1PS0090H,2009,256
2022B1PS0931H,2022,653
2009A3TS0221H,2009,261
2006A1PS0505H,2006,166
2022B4PS0247P,2022,671
2015B1TS0238P,2015,413
2004B5PS0970H,2004,108
2016A1TS0336G,2016,447
2023A7TS0821G,2023,705
2019B3PS0670P,2019,537
2016B2TS0115H,2016,446
2012B2PS0401H,2012,345
2012A3PS0025P,2012,340
2011B2TS0365P,2011,322
2007A1PS0503P,2007,184
2022AAPS0206G,2022,662
2024B3PS0080H,2024,797
2004B5PS0408G,2004,103
2005A3TS0679P,2005,128
2016B1PS0222G,2016,427
2023AATS0606H,2023,744
2012B1PS0971G,2012,325
2015A7PS0448P,2015,405
2017B4TS0940P,2017,458
2021B2TS0824H,2021,619
2006A4PS0142G,2006,153
2006B5TS0732P,2006,167
2009A8TS0981G,2009,271
2007A8PS0894G,2007,179
2005B4TS0038P,2005,148
2012A7TS0511H,2012,343
2004B3TS0688P,2004,101
2015B5PS0681P,2015,406
2004A8TS0279H,2004,100
2011A3TS0189H,2011,300
2004A7TS0537G,2004,117
2010B1TS0991G,2010,291
2015A3TS0984H,2015,412
2008A1PS0086P,2008,243
2024A7PS0791P,2024,756
2024A1PS0312H,2024,806
2008AATS0175G,2008,228
2006B2PS0854G,2006,174
2010B5PS0433H,2010,294
2024A3PS0801H,2024,801
2004B2PS0479P,2004,116
2021AAPS0795P,2021,612
2004B5TS0676P,2004,106
2022B4TS0393P,2022,691
2023B5TS0531P,2023,711
2006A4TS0810P,2006,152
2019A4PS0750G,2019,528
2022B5TS0638G,2022,651
2014A7TS0954H,2014,398
2020B3PS0198P,2020,576
2015A3PS0120H,2015,419
2006B3PS0151H,2006,167
2004A8PS0180G,2004,104
2005B4PS0138G,2005,145
2009A3TS0352H,2009,253
2006B4PS0758H,2006,157
2015A1PS0734H,2015,405
2017AATS0181G,2017,454
2017B3TS0506G,2017,473
2014B5PS0076H,2014,397
2014B5TS0892H,2014,396
2020B3TS0037P,2020,594
2015B4TS0183H,2015,409
2023B4PS0345P,2023,708
2021B4PS0886G,2021,640
2018A7TS0505H,2018,493
2016B3TS0176G,2016,425
2010B2PS0309H,2010,299
2013AATS0816G,2013,357
2008A1PS0754G,2008,246
2015B1TS0367H,2015,403
2011A8PS0563G,2011,312
2019B3TS0644P,2019,546
2020A4PS0461G,2020,589
2009B5PS0426H,2009,253
2020A8PS0240P,2020,567
2023B1PS0535P,2023,711
2024B4TS0198G,2024,791
2009B5TS0481G,2009,250
2019A4TS0881P,2019,535
2014A8TS0179G,2014,394
2016A3TS0817P,2016,434
2008AATS0534H,2008,232
2012B2PS0628H,2012,331
2004A3PS0188G,2004,107
2010AATS0596P,2010,298
2020A8PS0691P,2020,582
2012B3TS0972G,2012,343
2022A1PS0318P,2022,693
2022A3PS0603P,2022,694
2011A4TS0818P,2011,324
2022A8PS0054G,2022,695
2014B5TS0624H,2014,386
2005A8TS0910P,2005,134
2006A1PS0124H,2006,158
2023AAPS0678P,2023,706
2005B2PS0767G,2005,133
2015B2TS0316G,2015,406
2019B2TS0275H,2019,525
2019B1PS0514H,2019,540
2005B1PS0498H,2005,141
2013A1PS0240H,2013,367
2021B1TS0296H,2021,628
2021A3PS0975G,2021,645
2004AATS0475H,2004,108
2022A8TS0109G,2022,668
2021B4PS0751P,2021,641
2016B4TS0424P,2016,425
2017A4PS0663G,2017,458
2020AATS0558G,2020,594
2011A8TS0209G,2011,311
2010A4TS0464H,2010,276
2024B5PS0271P,2024,837
2004AATS0128P,2004,100
2024B5TS0613H,2024,811
2023A7TS0532G,2023,743
2020A8TS0924H,2020,583
2019A3TS0641H,2019,525
2024B1PS0631P,2024,849
2024A4TS0016G,2024,779
2007A3PS0274H,2007,179
2013A4PS0110H,2013,364
2009B3PS0998G,2009,256
2020A3TS0089H,2020,572
2014A4TS0559G,2014,393
2015B2PS0662P,2015,414
2009A1PS0602G,2009,253
2023B2PS0602H,2023,715
2013A7PS0740H,2013,360
2005B2TS0687P,2005,146
2015A7TS0290G,2015,419
2007AATS0739P,2007,194
2020B3TS0880H,2020,552
2008A8PS0050H,2008,248
2006A4TS0442P,2006,169
2018A1PS0187H,2018,490
2012B3TS0733H,2012,349
2024B1TS0964G,2024,820
2016B5TS0670H,2016,425
2020B2PS0459G,2020,594
2020A1TS0729G,2020,596
2018B3PS0848G,2018,492
2007B5PS0955H,2007,190
2005A8TS0928G,2005,143
2011A3TS0326P,2011,313
2005A8PS0385H,2005,146
2006A7TS0431P,2006,174
2008A3TS0454P,2008,230
2020B3PS0404H,2020,559
2020B2PS0625G,2020,559
2023AATS0879H,2023,704
2005B3PS0280G,2005,125
2005A1PS0167P,2005,139
2016A3TS0714G,2016,439
2016B1TS0713H,2016,449
2020A4TS0947G,2020,593
2007B3TS0688H,2007,175
2014B5PS0449H,2014,396
2014AAPS0782P,2014,376
2018B1TS0163G,2018,497
2010AATS0538G,2010,285
2009A1TS0008P,2009,268
2023A4PS0018H,2023,746
2023B2PS0255P,2023,745
2015A3TS0344G,2015,406
2021AATS0838H,2021,629
2020A3TS0364H,2020,594
2008B5TS0995P,2008,237
2009A4PS0563P,2009,269
2009B3PS0877H,2009,264
2006A1PS0470G,2006,161
2008A1PS0733P,2008,241
2009A4PS0073H,2009,269
2012A3TS0393P,2012,328
2021B5TS0239H,2021,613
2022A8PS0674H,2022,697
2008B5TS0557G,2008,235
2005AATS0872H,2005,147
2012A3PS0231H,2012,349
2022B3TS0272P,2022,667
2017AATS0822G,2017,458
2008A8TS0755P,2008,240
2009A7PS0772P,2009,257
2018B2PS0101H,2018,496
2013B4TS0969H,2013,367
2019B1TS0709G,2019,501
2020A7PS0129P,2020,572
2006A8TS0289G,2006,165
2004A4PS0151P,2004,114
2005A7TS0450H,2005,149
2010A8PS0150G,2010,283
2004B4PS0405P,2004,119
2022A1PS0100H,2022,680
2022B3PS0348H,2022,695
2024B5TS0995P,2024,776
2023AAPS0074H,2023,724
2005A3PS0787P,2005,137
2019A7TS0053P,2019,542
2004A7TS0225H,2004,105
2005B2TS0565H,2005,141
2022A8TS0889H,2022,663
2020A3PS0634P,2020,575
2016B3PS0919G,2016,447
2004B3TS0667H,2004,118
2008A1TS0645P,2008,233
2022A4PS0918P,2022,670
2022B2PS0717H,2022,684
2022B2TS0121H,2022,699
2007A3PS0687H,2007,179
2024A4PS0781G,2024,765
2010A1TS0816G,2010,275
2010A3PS0346H,2010,280
2019B5PS0233P,2019,540
2022B4PS0253H,2022,677
2010B3PS0913H,2010,281
2013B2TS0481G,2013,352
2018B3TS0775P,2018,489
2004B3PS0705H,2004,103
2004B1PS0181P,2004,102
2023A8PS0665G,2023,702
2022A8TS0318P,2022,671
2010B4TS0912G,2010,278
2005B2TS0309P,2005,135
2013A3TS0132G,2013,361
2017A8TS0026H,2017,456
2023B1PS0630H,2023,710
2007A8TS0271P,2007,199
2010B3TS0269G,2010,295
2015B4PS0148P,2015,424
2010B2PS0377P,2010,298
2016B1TS0562G,2016,447
2010B1TS0029G,2010,282
2009B5TS0345H,2009,269
2016A1PS0121P,2016,427
2015A3PS0660G,2015,400
2019B2PS0753P,2019,523
2006B4PS0123P,2006,160
2016A3TS0722P,2016,446
2008B3TS0995P,2008,243
2011B4PS0462H,2011,302
2019A4PS0036G,2019,507
2011A8TS0937H,2011,321
2020A4PS0483H,2020,566
2023B4TS0395G,2023,717
2008A1TS0784P,2008,226
2023A8PS0951H,2023,720
2012B2TS0142H,2012,343
2017B5TS0131G,2017,471
2007A8TS0002G,2007,188
2016B2TS0195G,2016,428
2019A7PS0067P,2019,509
2014AAPS0438P,2014,392
2020B2PS0744G,2020,575
2004A8TS0587P,2004,119
2024B3TS0227P,2024,848
2012AAPS0498G,2012,336
2011B3PS0442H,2011,322
2005A3PS0787P,2005,133
2005A1PS0951P,2005,145
2024B2PS0980G,2024,787
2014B2PS0240G,2014,387
2005A4TS0329G,2005,140
2009A8TS0128P,2009,272
2019B2PS0087P,2019,514
2017A1PS0944H,2017,450
2020B3PS0922H,2020,593
2018B5TS0013H,2018,481
2014A4PS0713P,2014,395
2011B1TS0830G,2011,301
2024A7TS0979P,2024,806
2012A7PS0453G,2012,344
2005A4PS0951G,2005,129
2005B4TS0472H,2005,133
2013A4TS0271P,2013,372
2009A1PS0410G,2009,251
2018AATS0505P,2018,477
2015AAPS0807G,2015,421
2017A1TS0742G,2017,456
2010B2TS0607H,2010,281
2013B5PS0030H,2013,350
2023B5TS0071P,2023,725
2010B4TS0748G,2010,296
2018B2PS0359P,2018,482
2015B1PS0623P,2015,419
2017A8PS0136G,2017,459
2022A7PS0328P,2022,674
2004A4TS0312G,2004,116
2022A7TS0864G,2022,692
2017B5TS0492H,2017,470
2007B1TS0485H,2007,183
2024AATS0855G,2024,754
2023A3PS0328G,2023,744
2010A1PS0797P,2010,289
2007B3TS0143H,2007,192
2007AATS0117P,2007,182
2009B2TS0603H,2009,265
2012A4PS0325H,2012,342
2009B3PS0768H,2009,260
2013B5TS0929P,2013,372
2019B5TS0506H,2019,530
2021A3TS0146G,2021,627
2015B5TS0911P,2015,406
2016B3PS0455H,2016,429
2021B2TS0219H,2021,625
2011B2PS0503G,2011,300
2022B1PS0106P,2022,685
2014B2TS0898P,2014,397
2022A1TS0163G,2022,694
2008A7PS0490G,2008,245
2021A8TS0890P,2021,632
2005A1PS0449H,2005,145
2020B3PS0061G,2020,563
2011B2PS0645P,2011,310
2006A1PS0578G,2006,151
2016B5TS0805G,2016,433
2009A7PS0927H,2009,261
2011A4PS0987H,2011,301
2019B4TS0537H,2019,522
2020A3PS0813G,2020,562
2020B1PS0141G,2020,584
2021B5TS0294G,2021,623
2015A1PS0750H,2015,403
2022A1TS0027H,2022,655
2015A7PS0532P,2015,400
2019B1TS0755G,2019,526
2013B1TS0364G,2013,366
2017B1PS0820P,2017,472
2008B3PS0895G,2008,226
2019A1TS0268H,2019,505
2010B1TS0122H,2010,282
2010B4TS0801G,2010,298
2012A7PS0521H,2012,341
2016AAPS0571P,2016,448
2024B2PS0789H,2024,766
2016A7TS0904P,2016,425
2014B5TS0589G,2014,399
2009A3TS0387H,2009,259
2017A8TS0911H,2017,465
2008A3PS0025G,2008,226
2016B3TS0571G,2016,440
2006B2PS0241H,2006,158
2022B5TS0757P,2022,661
2004A3TS0319G,2004,123
2010B4PS0577P,2010,295
2005A3PS0434H,2005,139
2023A4TS0734H,2023,703
2018A7TS0849H,2018,487
2020A4TS0193H,2020,579
2023A1PS0981G,2023,748
2021B4TS0198P,2021,648
2013A7TS0619G,2013,350
2012B2TS0639H,2012,332
2017B2TS0459H,2017,455
2023B2PS0671P,2023,723
2016A4PS0571P,2016,436
2015AAPS0837H,2015,409
2023B4PS0321H,2023,707
2006B2PS0296G,2006,156
2012B4TS0021H,2012,346
2018B4TS0360G,2018,498
2009B1PS0498G,2009,257
2024AAPS0789P,2024,813
2005A1PS0977H,2005,130
2022B1TS0576P,2022,684
2016AAPS0418H,2016,427
2016B1TS0842H,2016,440
2009A7TS0167H,2009,270
2021A3TS0089P,2021,624
2011B2TS0335H,2011,304
2020A4TS0592P,2020,564
2004A8PS0462H,2004,113
2021B1TS0787P,2021,610
2021B1PS0084P,2021,645
2019A8TS0836G,2019,541
2016A8PS0616P,2016,440
2006A4PS0281G,2006,169
2012A7TS0990G,2012,334
2017B2TS0106G,2017,457
2011A7TS0309H,2011,301
2009A7PS0869P,2009,257
2007A7TS0509P,2007,196
2018B5TS0319P,2018,496
2005AAPS0062P,2005,139
2008A1TS0107H,2008,247
2005A3PS0769H,2005,140
2004AATS0454P,2004,103
2004B3TS0429H,2004,115
2015A8TS0072G,2015,413
2024AAPS0787P,2024,813
2007B2TS0875G,2007,186
2023A1TS0071G,2023,710
2015B2TS0450P,2015,405
2008A8PS0644P,2008,235
2009B2TS0357H,2009,273
2015A4TS0998P,2015,403
2024B2PS0808G,2024,815
2006A4TS0888P,2006,160
2012A4TS0548P,2012,337
2007B2TS0590H,2007,182
2011B4TS0478G,2011,301
2016B5PS0074G,2016,426
2022B3TS0242P,2022,684
2008A3TS0135P,2008,229
2016B4PS0778G,2016,437
2009B3PS0181P,2009,250
2009B3PS0916P,2009,262
2014A1PS0575G,2014,380
2005B4TS0258P,2005,135
2016B2TS0826H,2016,429
2012B2PS0866G,2012,327
2012B3PS0303G,2012,333
2023B4TS0145G,2023,711
2010B5PS0469H,2010,297
2019A3PS0378H,2019,532
2014B3TS0153H,2014,387
2024A8PS0889H,2024,763
2007B4TS0262H,2007,180
2021A1PS0404H,2021,620
2008B1PS0637H,2008,244
2007A7TS0683G,2007,189
2018B2PS0480G,2018,487
2009A1PS0994H,2009,251
2018B2TS0571G,2018,496
2024A1TS0459G,2024,752
2012AAPS0478H,2012,336
2008B2TS0788H,2008,247
2004A1TS0565H,2004,115
2023B5PS0261P,2023,717
2017B2TS0468P,2017,466
2011A7PS0071P,2011,308
2009AATS0778P,2009,253
2017B4TS0976P,2017,474
2011A4TS0760H,2011,310
2024B5PS0736P,2024,805
2005B1TS0892H,2005,148
2020AAPS0844H,2020,586
2011B5TS0478P,2011,311
2006B3TS0243P,2006,168
2018A1PS0500G,2018,483
2022A4PS0861G,2022,681
2010B1TS0345H,2010,284
2004A8PS0664H,2004,113
2010A1PS0801P,2010,295
2013B3PS0571H,2013,372
2019A4PS0792G,2019,532
2013A3TS0511H,2013,372
2006A3PS0265P,2006,166
2019A8TS0809P,2019,512
2021AAPS0468G,2021,638
2019A1TS0710H,2019,528
2007A4PS0704H,2007,187
2009B2PS0342P,2009,265
2005A7TS0008G,2005,128
2024AATS0220P,2024,761
2004AATS0460P,2004,122
2010B1PS0650P,2010,280
2010A8TS0277H,2010,276
2024B1TS0870P,2024,809
2015A3TS0609P,2015,421
2011B4PS0492H,2011,304
2006B3PS0138G,2006,157
2007B4PS0894P,2007,193
2010A1TS0923P,2010,278
2018A3PS0300P,2018,495
2008B2TS0389P,2008,246
2021AAPS0311G,2021,627
2007A4TS0029G,2007,182
2015B3TS0238H,2015,405
2016A4PS0973P,2016,429
2015A3TS0394P,2015,400
2006B4TS0446G,2006,169
2005B3PS0713G,2005,141
2009AATS0664H,2009,267
2010A7TS0629G,2010,295
2023A7TS0552H,2023,749
2008B5TS0922G,2008,235
2018A3TS0552G,2018,480
2013B5PS0924G,2013,357
2014A8TS0491H,2014,382
2020B4PS0766H,2020,585
2018A3PS0213G,2018,489
2016B1TS0136P,2016,430
2013B1PS0842P,2013,368
2014A7PS0662G,2014,399
2009B2TS0333P,2009,260
2012AAPS0832G,2012,346
2017B2TS0960H,2017,462
2011A8PS0732G,2011,310
2013B3TS0656P,2013,354
2015A7TS0967P,2015,404
2023A7PS0264H,2023,700
2010AAPS0293H,2010,278
2012B5PS0922H,2012,335
2016A7PS0950H,2016,432
2023A1PS0793G,2023,737
2019B2TS0540G,2019,519
2008B4TS0866H,2008,235
2014B3PS0027G,2014,387
2007A3PS0086G,2007,195
2004A4PS0581H,2004,114
2013A4TS0488P,2013,358
2008A1PS0884P,2008,246
2023A3TS0017P,2023,740
2013A3TS0743H,2013,356
2005B3PS0551H,2005,140
2006A4TS0531G,2006,165
2013B5PS0759G,2013,367
2022A8PS0376G,2022,657
2004A3TS0175G,2004,107
2017AAPS0246H,2017,469
2019B3PS0888G,2019,527
2006A7PS0895P,2006,157
2009A4PS0014G,2009,259
2017A3PS0650G,2017,472
2007A3PS0052P,2007,182
2020A7PS0800H,2020,595
2016A4TS0462P,2016,449
2013B2PS0829P,2013,356
2019AATS0390H,2019,537
2024A8PS0864H,2024,751
2020B5TS0781P,2020,578
2010B2PS0306H,2010,278
2022A1PS0216P,2022,655
2023B2TS0286P,2023,710
2014A7TS0256G,2014,375
2018B4PS0656H,2018,494
2007A8TS0658P,2007,189
2020B2PS0731G,2020,559
2008A1PS0690G,2008,225
2014A4TS0932P,2014,387
2010B3PS0091G,2010,293
2015B4PS0215G,2015,413
2020B1TS0937G,2020,597
2020A7TS0042P,2020,566
2013B3PS0731H,2013,367
2009B3PS0066H,2009,270
2011AATS0815G,2011,308
2011A4TS0101H,2011,311
2009A7PS0323G,2009,262
2015AATS0368G,2015,423
2016A4PS0835P,2016,441
2007B1PS0369H,2007,176
2004B2PS0151H,2004,107
2018A1PS0295P,2018,479
2013B5PS0442P,2013,365
2018B3TS0714H,2018,496
2006B4PS0518P,2006,162
2011B4PS0053G,2011,324
2012B1TS0515P,2012,335
2021A7TS0401P,2021,612
2022B2TS0554P,2022,665
2022B1PS0970G,2022,688
2024A4TS0196G,2024,825
2017B5PS0166P,2017,450
2023B2PS0987P,2023,722
2022A8PS0246H,2022,662
2010B3PS0221P,2010,298
2019B1TS0792H,2019,549
2007B1TS0970P,2007,194
2020A1TS0916P,2020,550
2010B2PS0316G,2010,282
2019B5PS0230G,2019,525
2024AATS0236G,2024,753
2023A8TS0324H,2023,734
2015B4TS0541G,2015,419
2020A3TS0011G,2020,561
2023B2PS0578P,2023,747
2007B2PS0705H,2007,194
2024AATS0390G,2024,775
2008B5TS0905H,2008,233
2007A1PS0638P,2007,199
2005B3TS0223P,2005,148
2006B3TS0695P,2006,165
2016A1PS0930H,2016,438
2009B3TS0976H,2009,258
2008B5PS0651P,2008,245
2021B1PS0363H,2021,643
2020A3PS0159P,2020,550
2014B5TS0131P,2014,397
2006B4TS0301G,2006,173
2023B3PS0134P,2023,700
2004AAPS0213H,2004,107
2020AAPS0235P,2020,570
2016AAPS0623P,2016,445
2024B5TS0751H,2024,781
2021A8PS0014P,2021,631
2018B5PS0696P,2018,491
2022AAPS0538P,2022,681
2007AAPS0071G,2007,198
2015A3PS0663H,2015,402
2004AAPS0881P,2004,104
2007A8TS0124H,2007,198
2020B3TS0267H,2020,583
2004B5PS0429P,2004,100
2024B1PS0802P,2024,836
2022B2PS0853P,2022,693
2024A7TS0652G,2024,764
2015AATS0667G,2015,404
2004AATS0933G,2004,100
2022B4PS0353P,2022,661
2012A4PS0012P,2012,338
2015B2PS0515H,2015,409
2022A8PS0398P,2022,681
2014A4TS0999P,2014,387
2004B2TS0266P,2004,103
2015A7TS0315P,2015,421
2024B5TS0743P,2024,813
2023B4TS0218P,2023,705
2011A8TS0613G,2011,315
2011A1TS0504G,2011,312
2016AAPS0286P,2016,431
2008B4PS0607G,2008,239
2014B2TS0396G,2014,379
2015AAPS0165P,2015,415
2024B4TS0896P,2024,799
2006B4PS0482H,2006,162
2011A7PS0160H,2011,307
2010B4PS0413P,2010,295
2014A8TS0461G,2014,392
2023B1TS0003P,2023,717
2023B1PS0902P,2023,718
2015A1PS0421H,2015,421
2024A4TS0483G,2024,838
2011A8TS0995G,2011,319
2005B1PS0347P,2005,131
2016B5TS0390P,2016,430
2015A1PS0993H,2015,420
2018B2TS0353H,2018,495
2019A1PS0123H,2019,521
2008A8TS0186H,2008,245
2007A8TS0530G,2007,182
2005A7TS0087G,2005,137
2009B3PS0019P,2009,260
2014A7TS0658G,2014,377
2015A7PS0989H,2015,404
2011B2TS0528P,2011,323
2008A4TS0245H,2008,234
2015AATS0251G,2015,412
2011AAPS0308G,2011,305
2022B2TS0596G,2022,668
2015B4PS0647P,2015,420
2014B1TS0559P,2014,390
2008AAPS0970G,2008,248
2022B1PS0534P,2022,663
2022B1PS0942H,2022,666
2016B3PS0673H,2016,426
2009A8PS0464P,2009,269
2011A7PS0053G,2011,322
2024A4TS0199H,2024,784
2005A1TS0309H,2005,137
2024B5TS0068G,2024,838
2018B5TS0392P,2018,482
2004A1PS0588H,2004,110
2010AATS0061G,2010,282
2012B5PS0454P,2012,341
2016B3TS0511G,2016,444
2014A1PS0188G,2014,377
2004A4TS0042G,2004,116
2023B5TS0020P,2023,732
2017B3PS0173H,2017,459
2004A8PS0388G,2004,109
2010B3PS0354G,2010,288
2022B4TS0408G,2022,695
2018B3TS0970H,2018,476
2019A1PS0875G,2019,517
2010AAPS0544H,2010,277
2012A1TS0297H,2012,333
2012B2PS0291P,2012,344
2015A7TS0002H,2015,419
2020B2PS0410G,2020,555
2012B1PS0534P,2012,346
2018A4TS0433G,2018,475
2014B5TS0649G,2014,381
2013A4TS0704P,2013,368
2013A1PS0031P,2013,357
2020A3PS0431P,2020,572
2021A8TS0485P,2021,618
2024AATS0148H,2024,753
2024B1PS0427P,2024,788
2024A3TS0251G,2024,804
2021B2PS0826H,2021,611
2007B1TS0064H,2007,183
2024B3TS0907H,2024,827
2014A7TS0849G,2014,386
2019A1PS0323H,2019,533
2008B3TS0619H,2008,235
2011A4PS0047H,2011,320
2019B3TS0147P,2019,546
2008B2TS0617H,2008,228
2023A3TS0983P,2023,706
2020AATS0899G,2020,573
2004B5TS0465P,2004,103
2005A1PS0175H,2005,127
2022A7PS0734G,2022,650
2005B5PS0998P,2005,134
2015A7TS0937H,2015,423
2004B5TS0408H,2004,108
2012A1TS0020G,2012,347
2014B4TS0781G,2014,387
2004B4PS0303H,2004,107
2021A3PS0133H,2021,610
2007B2PS0290H,2007,178
2022A3PS0958H,2022,665
2024B2TS0327H,2024,821
2017A1TS0897H,2017,472
2024AATS0650G,2024,764
2013A1PS0223G,2013,366
2020B3PS0187G,2020,599
2009AAPS0901P,2009,252
2021B2PS0434H,2021,615
2024B4TS0367G,2024,760
2009B5PS0595G,2009,252
2022A1PS0828G,2022,672
2024B2TS0339H,2024,777
2006B5PS0361G,2006,173
2020AATS0191P,2020,590
2024B1PS0551P,2024,779
2004A3PS0586H,2004,120
2004A7TS0139P,2004,113
2004A3TS0196H,2004,121
2009A8TS0176G,2009,270
2023B2TS0648H,2023,704
2011A1TS0416P,2011,302
2008B5PS0068G,2008,237
2011B2TS0676H,2011,323
2022A1PS0421G,2022,668
2016A7PS0086H,2016,438
2024A1TS0228P,2024,753
2023B3PS0328P,2023,716
2019B1TS0453H,2019,535
2024A1TS0596P,2024,772
2016AAPS0551H,2016,446
2020A3PS0541G,2020,592
2023A4PS0371P,2023,701
2012B1PS0448G,2012,329
2017B1TS0837P,2017,450
2006A1TS0006P,2006,165
2023A4TS0034G,2023,734
2013B5PS0769H,2013,359
2007B4PS0672P,2007,175
2020A4TS0744G,2020,571
2019A7TS0968H,2019,506
2005A1PS0040H,2005,134
2020B1TS0214G,2020,571
2017A3TS0652P,2017,458
2012A7PS0819G,2012,334
2015A4TS0767H,2015,421
2009B3TS0944G,2009,259
2012B3PS0650P,2012,335
2024A4TS0686P,2024,821
2019AATS0506P,2019,510
2016A4PS0211H,2016,441
2024A4PS0797P,2024,753
2008B5TS0611G,2008,225
2024A8TS0359G,2024,776
2012B5TS0536H,2012,338
2020A3PS0416G,2020,552
2009A8TS0170H,2009,265
2006B5PS0322H,2006,172
2005A4TS0148P,2005,132
2020A7PS0469G,2020,580
2004B4TS0454G,2004,108
2015A3TS0515G,2015,417
2021A1TS0597G,2021,611
2024B3PS0522P,2024,836
2017B3PS0281G,2017,473
2007A3PS0302G,2007,194
2005A7PS0517G,2005,132
2021A4PS0599H,2021,611
2012B4TS0266G,2012,335
2019A7PS0874H,2019,547
2005A7TS0341G,2005,134
2021A8TS0086H,2021,645
2010A1TS0950P,2010,280
2004A8TS0050P,2004,103
2019A4TS0724G,2019,540
2005A7TS0046P,2005,130
2006AAPS0809H,2006,173
2021AAPS0621P,2021,638
2011B2PS0790G,2011,321
2024A1TS0441H,2024,809
2012B2TS0857H,2012,344
2007A3TS0749H,2007,175
2022B5TS0881P,2022,682
2020A8TS0888G,2020,586
2022A1PS0044H,2022,655
2007A1TS0042G,2007,192
2021A1TS0153P,2021,615
2021A7PS0302P,2021,639
2018B1TS0307G,2018,481
2020A8PS0035H,2020,569
2009A3TS0071H,2009,267
2020A8PS0307G,2020,563
2019B4PS0788P,2019,540
2019B3PS0765G,2019,521
2018B1PS0610H,2018,489
2004A3PS0597G,2004,102
2021B1PS0393H,2021,620
2024A3PS0066G,2024,826
2012B5TS0920P,2012,349
2011AAPS0396P,2011,313
2011A8TS0883H,2011,308
2023B4TS0092H,2023,700
2017B5TS0391G,2017,450
2010B2PS0995P,2010,291
2023A7TS0803G,2023,723
2023B2PS0089P,2023,729
2023B4PS0548P,2023,707
2017B1PS0025P,2017,466
2007A7TS0987H,2007,194
2021AATS0416H,2021,602
2021B3PS0161H,2021,629
2010A1PS0153P,2010,280
2010A8TS0595G,2010,296
2013B4PS0687H,2013,357
2004A4PS0352P,2004,103
2017B2PS0134H,2017,460
2020B3TS0023H,2020,566
2020AAPS0107G,2020,569
2023A3PS0396H,2023,745
2010AAPS0178G,2010,281
2016B1PS0172G,2016,442
2016B2TS0617P,2016,443
2018B5TS0320H,2018,490
2015B1PS0923P,2015,414
2008A4PS0223H,2008,230
2023A3PS0671G,2023,738
2005A1TS0934P,2005,132
2010B2PS0434G,2010,297
2014A4PS0423H,2014,381
2006B4PS0884H,2006,161
2008B2TS0355G,2008,245
2005A1TS0293G,2005,140
2014A4PS0397P,2014,395
2022AATS0564H,2022,673
2015B5TS0357G,2015,408
2018B2PS0101G,2018,487
2017A1TS0036G,2017,460
2014A3PS0869G,2014,377
2007B2PS0357G,2007,189
2014AATS0387G,2014,397
2020A4PS0258P,2020,562
2016A1PS0876G,2016,434
2022A4TS0684G,2022,658
2007A3TS0349P,2007,194
2008A1TS0087G,2008,246
2024B4TS0440H,2024,761
2024B4PS0665P,2024,764
2006A1PS0325H,2006,162
2013B2TS0537H,2013,353
2019B4PS0762P,2019,506
2010B4TS0793P,2010,285
2013AAPS0748P,2013,354
2021B4PS0561P,2021,620
2019B2PS0179P,2019,529
2012A7PS0923P,2012,327
2014B1PS0643P,2014,377
2006AAPS0846P,2006,165
2007A8TS0893G,2007,180
2019A3PS0565P,2019,503
2011A3PS0096H,2011,311
2007B3TS0590H,2007,192
2007A3TS0624G,2007,193
2014B4PS0889H,2014,391
2022B5TS0914G,2022,686
2016AAPS0324P,2016,434
2010A4TS0413P,2010,289
2006A1TS0562G,2006,164
2016A8TS0791G,2016,433
2019B3TS0702H,2019,513
2024A8PS0105P,2024,821
2019A1PS0386G,2019,512
2015B1TS0952P,2015,417
2019B5TS0224P,2019,516
2008A3TS0605P,2008,233
2010AAPS0933H,2010,289
2007AAPS0913G,2007,175
2007A1TS0400P,2007,175
2017B5PS0389G,2017,456
2012A1TS0643G,2012,338
2014A1TS0292P,2014,387
2013AATS0964G,2013,359
2010B2TS0739G,2010,275
2014B3TS0111P,2014,379
2011A3TS0412G,2011,321
2016A4PS0047G,2016,434
2014B4PS0217P,2014,389
2016A8PS0617G,2016,442
2018AAPS0154H,2018,476
2020A3PS0665H,2020,559
2011A7TS0826P,2011,315
2020B4PS0434P,2020,569
2012B2PS0148P,2012,348
2014A8PS0063G,2014,383
2014A1PS0672G,2014,376
2023A7TS0387H,2023,732
2010A3PS0259G,2010,280
2021A8PS0073H,2021,649
2019A3PS0830H,2019,500
2013A8PS0710G,2013,366
2010A1PS0052G,2010,282
2015B5PS0858H,2015,418
2018A3PS0004H,2018,490
2016B5TS0162G,2016,439
2017B2PS0367P,2017,463
2017B4TS0343G,2017,460
2020B2TS0762H,2020,591
2022AAPS0003P,2022,678
2004AATS0107G,2004,123
2007AAPS0925G,2007,180
2013A3PS0697P,2013,359
2015B4TS0483H,2015,419
2023B2PS0575G,2023,743
2009A3TS0915H,2009,255
2023A1PS0381G,2023,727
2022B4PS0075G,2022,677
2023A8PS0471G,2023,731
2011B5PS0134H,2011,314
2012A3TS0859G,2012,343
2024AATS0006G,2024,791
2009B3PS0307P,2009,271
2020B4PS0205H,2020,570
2004B2PS0244G,2004,100
2017AATS0599G,2017,460
2008B4TS0305P,2008,225
2023A1PS0989H,2023,735
2017AATS0455P,2017,463
2013A4TS0950H,2013,370
2023A7PS0782H,2023,716
2015A1PS0101H,2015,406
2013A4PS0156P,2013,360
2011A4PS0204H,2011,307
2011B3TS0546H,2011,321
2024B2PS0713P,2024,768
2023A3TS0947G,2023,733
2014AATS0816P,2014,393
2016AAPS0061G,2016,431
2023A4PS0941P,2023,722
2006B2PS0863H,2006,163
2010A1PS0411G,2010,275
2004A3PS0114H,2004,116
2012A7TS0544P,2012,333
2024A1TS0110H,2024,777
2014B2PS0200P,2014,394
2011A4PS0231P,2011,323
2021A1PS0305G,2021,612
2017A3PS0747H,2017,456
2010AAPS0260P,2010,276
2011A1TS0964P,2011,313
2007A3PS0422H,2007,195
2023B5TS0668G,2023,711
2016A3PS0757P,2016,428
2017B4TS0917P,2017,454
2023A1TS0075G,2023,724
2021B5TS0972G,2021,628
2019AATS0535H,2019,548
2018A8TS0673H,2018,499
2017B3PS0946H,2017,468
2023B3TS0244H,2023,707
2005AATS0955P,2005,140
2011A4TS0670G,2011,318
2022A3TS0075P,2022,683
2004B2PS0990P,2004,116
2015B2PS0869P,2015,418
2022A1PS0418G,2022,655
2009A3TS0948H,2009,273
2020AATS0446G,2020,566
2009B5PS0967P,2009,259
2022B4TS0200H,2022,682
2017A3TS0400P,2017,451
2016A4PS0179G,2016,441
2016AATS0672H,2016,434
2020B3PS0565P,2020,590
2015A7TS0778P,2015,424
2014A1PS0629H,2014,397
2006B5PS0945P,2006,161
2018B1TS0789H,2018,483
2018A8PS0041G,2018,484
2023AATS0393G,2023,723
2020B3PS0958H,2020,575
2017A4PS0468G,2017,470
2014A7PS0929H,2014,377
2004B1TS0433H,2004,118
2015A8PS0731H,2015,422
2011B2TS0444P,2011,307
2021A8TS0316H,2021,612
2024B2TS0417G,2024,820
2020A7TS0447P,2020,571
2004A4TS0985H,2004,105
2007B4PS0534H,2007,192
2017A3TS0827G,2017,460
2019B4TS0621P,2019,512
2020AAPS0605P,2020,567
2010A1TS0913H,2010,278
2022A7PS0285G,2022,692
2013A8TS0120H,2013,366
2013B1TS0969P,2013,360
2006B5TS0601H,2006,155
2013A1PS0501P,2013,353
2004A8TS0881H,2004,107
2023A4PS0904P,2023,716
2014A3TS0596P,2014,395
2008A8TS0375P,2008,245
2021A8PS0614G,2021,600
2012A3PS0185G,2012,347
2008A4TS0554P,2008,249
2017AAPS0603G,2017,459
2008A3PS0889G,2008,227
2006B5TS0769G,2006,158
2005A8PS0501H,2005,144
2021A4TS0355P,2021,605
2020B1TS0786G,2020,572
2014A4TS0458G,2014,376
2010A1TS0244H,2010,279
2015A8PS0577P,2015,400
2007B1TS0891G,2007,184
2022A7PS0068H,2022,677
2011B1TS0101P,2011,312
2004B5TS0358H,2004,105
2008B3PS0151G,2008,231
2004A7PS0563H,2004,104
2015A8TS0818G,2015,422
2008A4TS0318G,2008,247
2011A1TS0917P,2011,319
2024A1PS0319G,2024,761
2018A7PS0065H,2018,485
2017AATS0572P,2017,450
2017B4PS0986G,2017,465
2009A7PS0179P,2009,257
2011A3PS0065P,2011,323
2013A1PS0005G,2013,356
2005B4TS0634P,2005,148
2017B5PS0512G,2017,452
2016AATS0194G,2016,431
2022B4PS0477H,2022,657
2009A8PS0255P,2009,266
2018A3TS0903G,2018,493
2009A3TS0205H,2009,261
2023AATS0396P,2023,741
2004B5TS0939G,2004,111
2021A8PS0490P,2021,632
2018A4PS0692G,2018,491
2017B2PS0077H,2017,451
2007B4TS0561P,2007,199
2008A4TS0147P,2008,243
2015B2TS0409H,2015,412
2017A7PS0515P,2017,468
2006B3PS0152G,2006,167
2005A3TS0935H,2005,125
2004A8PS0788G,2004,113
2013AAPS0192P,2013,372
2021A3PS0798G,2021,643
2013B2TS0676P,2013,365
2013B2PS0367H,2013,356
2015A8PS0386H,2015,423
2015A7PS0418G,2015,415
2016A4TS0240H,2016,434
2013A1PS0422H,2013,366
2022B1PS0056H,2022,669
2023B5PS0002G,2023,709
2024A7PS0224H,2024,809
2022B3PS0285P,2022,667
2004B5PS0821G,2004,102
2004A1TS0863P,2004,113
2007B1PS0505H,2007,179
2015A3PS0272G,2015,421
2018A4PS0541G,2018,481
2010B2TS0686G,2010,281
2008AATS0221H,2008,246
2006A1PS0348G,2006,172
2016AAPS0475G,2016,442
2017B3TS0778G,2017,474
2014A8PS0299H,2014,376
2004A8TS0131P,2004,116
2006A8TS0526P,2006,168
2017A1PS0742H,2017,463
2014B2TS0690H,2014,378
2007B1PS0367H,2007,196
2024B1PS0767G,2024,844
2006B1TS0571G,2006,170
2015A4PS0396P,2015,424
2009A1TS0630P,2009,263
2007A4PS0328G,2007,179
2012B4PS0071G,2012,329
2017A7PS0661P,2017,450
2022B5PS0257G,2022,686
2009B5TS0067H,2009,253
2014A1TS0488H,2014,376
2004B2TS0170G,2004,108
2005B5PS0736G,2005,146
2012A1PS0722G,2012,326
2014A3PS0922G,2014,392
2019B1PS0843G,2019,533
2024B4TS0605G,2024,756
2009B3PS0026H,2009,264
2019A3PS0621H,2019,504
2020B5PS0627H,2020,593
2004A8PS0453G,2004,102
2006A7PS0585P,2006,158
2012A3TS0950G,2012,331
2018B3PS0604G,2018,489
2005A7PS0644G,2005,147
2018A8TS0931G,2018,481
2004B4PS0308H,2004,108
2021A8PS0540H,2021,649
2013A1PS0005G,2013,374
2021B5TS0400G,2021,639
2004A1PS0315H,2004,103
2013B3PS0738G,2013,357
2017B2PS0991H,2017,467
2009B4TS0172P,2009,262
2007A8TS0796G,2007,186
2017B1PS0960H,2017,473
2007A7PS0106H,2007,196
2014B5PS0678G,2014,397
2019B5TS0742P,2019,523
2016A1PS0129G,2016,442
2013A8TS0825G,2013,350
2018A7PS0713H,2018,497
2013A7TS0294G,2013,355
2017B3PS0083H,2017,456
2021AAPS0960G,2021,644
2015A7TS0986G,2015,407
2005B4PS0609G,2005,130
2008A4PS0892G,2008,232
2021A8PS0962P,2021,646
2024A1TS0144G,2024,818
2009A7PS0999H,2009,264
2013A3PS0529H,2013,373
2018AAPS0814H,2018,493
2004AAPS0418G,2004,101
2009A3TS0923H,2009,274
2011B5TS0131G,2011,317
2021B4PS0361G,2021,601
2007B4TS0155G,2007,184
2013B4TS0966H,2013,358
2024B3PS0350H,2024,750
2018A1TS0489H,2018,493
2005B1PS0960H,2005,145
2017B3PS0540H,2017,456
2017A7PS0798P,2017,459
2019A4TS0531G,2019,528
2012B2PS0993H,2012,333
2024A1PS0502G,2024,810
2010AATS0945P,2010,291
2010A1PS0346H,2010,275
2007A4TS0644G,2007,189
2019A3PS0999G,2019,523
2006B4PS0232P,2006,172
2006A1PS0116G,2006,154
2015B2TS0522P,2015,410
2009B1PS0397G,2009,255
2011A1PS0087P,2011,315
2007A7TS0103G,2007,183
2014B5PS0086G,2014,375
2013B2TS0219P,2013,371
2008A3PS0265H,2008,225
2023A7TS0326P,2023,742
2021B2TS0391G,2021,645
2015A7PS0983P,2015,417
2013A3PS0006G,2013,372
2004A8TS0738H,2004,101
2019B5TS0289G,2019,517
2012A3TS0472G,2012,327
2018B3TS0324G,2018,481
2023AAPS0131P,2023,728
2011A1PS0634P,2011,309
2011A4PS0451H,2011,310
2009A1PS0896G,2009,270
2009A4PS0470P,2009,254
2005B1TS0553P,2005,131
2015A4TS0090G,2015,419
2021A7TS0321H,2021,617
2023AAPS0209G,2023,747
2007A4PS0450H,2007,182
2007B5TS0708G,2007,197
2018B5TS0153H,2018,480
2008A1PS0470G,2008,234
2013AAPS0606H,2013,374
2019A3TS0322P,2019,507
2016B4PS0156P,2016,444
2018A8PS0319P,2018,480
2008AAPS0486G,2008,242
2009B1PS0638H,2009,265
2007B4TS0785G,2007,180
2017A8TS0540P,2017,463
2008B5TS0447H,2008,243
2016A4PS0898G,2016,433
2014B3TS0012G,2014,386
2006B5PS0705G,2006,168
2021AATS0036P,2021,632
2023A7TS0203H,2023,710
2017B1TS0110G,2017,470
2020B5PS0823G,2020,585
2019A8TS0279P,2019,534
2017B4PS0338H,2017,470
2017A1PS0078P,2017,466
2006AATS0109H,2006,162
2024B4PS0201H,2024,760
2006AATS0034H,2006,159
2016AATS0466P,2016,427
2006A7TS0864P,2006,170
2011B2TS0251G,2011,306
2023A1PS0109H,2023,737
2024A4PS0532P,2024,815
2006A3TS0384G,2006,155
2007AAPS0789H,2007,195
2007AATS0226G,2007,185
2015A4PS0543P,2015,405
2022A7PS0727P,2022,682
2019A4TS0602H,2019,509
2004A7PS0799H,2004,113
2023A1PS0672P,2023,720
2006AAPS0808G,2006,162
2024B5TS0607G,2024,770
2011B5PS0732G,2011,300
2004AAPS0111G,2004,100
2011A4TS0056G,2011,306
2016A1TS0080P,2016,447
2009A1PS0413P,2009,272
2019B5TS0545H,2019,538
2016B1PS0059G,2016,443
2014B4TS0796G,2014,379
2021B1TS0655H,2021,636
2016A7TS0364H,2016,445
2006B1TS0169P,2006,151
2009B5PS0669H,2009,266
2011B1TS0451G,2011,310
2012B5PS0614G,2012,341
2011B2PS0575P,2011,313
2004AAPS0110G,2004,102
2006A8PS0725H,2006,155
2016A4PS0292G,2016,440
2020A3TS0777P,2020,580
2007B3PS0257H,2007,190
2010A7PS0350G,2010,292
2012A7PS0078G,2012,338
2011A4TS0711G,2011,310
2018A1PS0971H,2018,490
2006B5TS0969H,2006,161
2007B1TS0881H,2007,193
2021A1TS0678P,2021,600
2004A4PS0442G,2004,115
2022B3PS0697G,2022,686
2015B2PS0063P,2015,418
2013B2PS0301H,2013,358
2009AAPS0319G,2009,259
2020B5TS0714P,2020,575
2024B3TS0533G,2024,830
2006A3PS0844G,2006,165
2015A7PS0504G,2015,404
2013A1PS0868H,2013,355
2006A4PS0195G,2006,166
2017A8PS0582H,2017,461
2004B4TS0644P,2004,105
2011A1TS0183H,2011,317
2023A3PS0589G,2023,729
2005AAPS0254H,2005,143
2009A1PS0614H,2009,271
2009A1TS0937P,2009,262
2014AATS0163H,2014,397
2008AATS0937P,2008,248
2017B3TS0434P,2017,467
2024A3TS0312P,2024,806
2017A1PS0329P,2017,466
2014A8TS0823H,2014,381
2024B2PS0852H,2024,788
2020A7PS0768P,2020,587
2021A7TS0980G,2021,600
2007B3PS0177G,2007,189
2014A4PS0466P,2014,397
2016B3TS0842P,2016,443
2019B5PS0982G,2019,539
2007A3TS0769P,2007,193
2011A8PS0476H,2011,308
2024AATS0090G,2024,807
2012B5TS0236P,2012,341
2007A1PS0021P,2007,180
2015AAPS0105G,2015,420
2012A1TS0815P,2012,325
2004B1PS0176H,2004,111
2022A4PS0675P,2022,698
2009B3TS0742P,2009,255
2011B2TS0875H,2011,300
2015B3PS0848G,2015,415
2013A1TS0867G,2013,369
2012B3TS0757G,2012,340
2022B5PS0320H,2022,698
2024A7PS0834H,2024,778
2020B3PS0258P,2020,580
2007AATS0665G,2007,186
2016B2TS0875P,2016,430
2018A7PS0043G,2018,488
2011B1TS0203P,2011,303
2013B3TS0148H,2013,371
2006A3TS0482G,2006,157
2021B2TS0957P,2021,625
2014B5PS0128G,2014,397
2016A3TS0331H,2016,434
2019A4TS0561H,2019,545
2014A1PS0883G,2014,381
2022B2PS0105G,2022,678
2007A3TS0494H,2007,187
2011B5PS0455G,2011,312
2014B4TS0097P,2014,377
2019A7PS0524H,2019,503
2004B4PS0428P,2004,117
2023B5TS0986H,2023,744
2006A1PS0932G,2006,172
2016A1PS0575H,2016,434
2021AATS0202H,2021,608
2012B3PS0784P,2012,340
2023B5PS0333G,2023,722
2020A3PS0080P,2020,598
2016A4PS0082H,2016,428
2010B1TS0148P,2010,278
2020A1PS0352H,2020,560
2009A4TS0660H,2009,251
2012A3PS0171H,2012,343
2024B1TS0483H,2024,791
2005B1TS0928H,2005,137
2005A3TS0939H,2005,129
2005A3PS0288H,2005,127
2019A8PS0012H,2019,503
2021AATS0462P,2021,643
2013A3TS0271H,2013,360
2016B4TS0087H,2016,445
2011B1TS0894H,2011,319
2015AATS0477H,2015,413
2016B1TS0366G,2016,431
2011A1PS0829H,2011,301
2024A1PS0762G,2024,776
2016B2TS0846G,2016,447
2014B1TS0912G,2014,387
2010B5PS0550H,2010,285
2012A8PS0165G,2012,328
2016B4TS0562P,2016,425
2019A8TS0264P,2019,501
2014A4TS0636G,2014,393
2010AATS0526G,2010,294
2008B3TS0155H,2008,228
2007B3TS0557P,2007,188
2020AAPS0813P,2020,565
2012A1TS0326G,2012,326
2014B3TS0834H,2014,377
2011AAPS0205P,2011,308
2023B1TS0761H,2023,702
2016AAPS0099H,2016,446
2021A4PS0151P,2021,609
2021B5TS0299P,2021,617
2018A4TS0325G,2018,497
2005A8PS0542H,2005,147
2022B5PS0686H,2022,679
2013B3PS0078H,2013,350
2008B3TS0948H,2008,231
2009B2TS0090P,2009,255
2015A3PS0636H,2015,401
2018A1PS0679G,2018,492
2023A1PS0309P,2023,729
2018B5PS0029P,2018,475
2021B2PS0778G,2021,640
2015A8PS0203H,2015,404
2021A3PS0971H,2021,612
2023A8PS0377H,2023,705
2014A7PS0589G,2014,398
2013A7TS0114G,2013,369
2017A1TS0353H,2017,454
2005B2TS0237H,2005,141
2008B5PS0918H,2008,226
2016A3TS0835G,2016,428
2022B4TS0699G,2022,652
2022AAPS0700G,2022,670
2014B5TS0344G,2014,391
2008AATS0144G,2008,229
2011A3TS0782H,2011,307
2021B3TS0266P,2021,627
2015B4PS0443H,2015,408
2006A1TS0284H,2006,159
2024A8TS0642G,2024,779
2006A7TS0284G,2006,164
2016B2PS0689H,2016,430
2013A7PS0879G,2013,350
2005A8TS0555P,2005,138
2023A4PS0009P,2023,717
2007A1TS0304P,2007,185
2006A3PS0788H,2006,159
2009B2TS0943H,2009,253
2022A1PS0999P,2022,685
2022A4TS0430G,2022,699
2011B5TS0771P,2011,308
2017B2PS0649P,2017,470
2014B2PS0783H,2014,383
2022AAPS0306G,2022,678
2012A3TS0612G,2012,330
2010AATS0548G,2010,285
2011A3TS0008P,2011,309
2019B1TS0449G,2019,526
2017B4TS0072P,2017,473
2012B3PS0501P,2012,327
2011A1PS0285P,2011,309
2016B4TS0830H,2016,447
2016A8TS0518G,2016,445
2014A1TS0588P,2014,386
2010AAPS0235G,2010,293
2019B3TS0238G,2019,500
2023A3PS0657P,2023,727
2012A1TS0829P,2012,327
2022A3PS0302H,2022,651
2020AATS0375P,2020,574
2017A7TS0641H,2017,451
2018AAPS0010G,2018,476
2012A8TS0565P,2012,334
2017B1PS0927G,2017,452
2005AAPS0850H,2005,133
2012B3TS0645G,2012,334
2024B5PS0045H,2024,838
2013AAPS0445P,2013,357
2023B2TS0532G,2023,702
2014B1PS0611H,2014,393
2014B1PS0949H,2014,399
2004B1TS0315H,2004,120
2017A4TS0700P,2017,462
2015A4TS0490G,2015,404
2005B4PS0792G,2005,148
2023A1TS0137P,2023,716
2008A7TS0040P,2008,229
2010AATS0752H,2010,297
2012AAPS0296G,2012,335
2013A4TS0025G,2013,357
2019AAPS0293H,2019,530
2013A8TS0299G,2013,365
2007B1PS0307G,2007,177
2020A3PS0487G,2020,576
2020AAPS0439G,2020,571
2021AAPS0292G,2021,603
2021A1PS0747P,2021,624
2014A3PS0651P,2014,392
2010B1TS0205H,2010,278
2005B4PS0081P,2005,146
2011B4TS0013G,2011,316
2004B4TS0099H,2004,105
2012B5PS0012G,2012,337
2011A7PS0659G,2011,320
2021B2TS0861G,2021,607
2006B5TS0428P,2006,158
2024B5TS0896H,2024,829
2017A8PS0910G,2017,466
2005B5PS0777P,2005,126
2020AATS0351G,2020,589
2017B5TS0307P,2017,459
2011A3TS0879P,2011,307
2012AAPS0339H,2012,349
2022A8PS0615P,2022,669
2016B1TS0337G,2016,447
2010A1TS0030G,2010,291
2013B2TS0585G,2013,367
2020B5PS0942P,2020,587
2017A7TS0556H,2017,451
2022AATS0267P,2022,670
2006B5TS0653H,2006,164
2020B2TS0727H,2020,571
2019AATS0172G,2019,512
2016AAPS0122H,2016,441
2012B3TS0131H,2012,336
2008B4TS0556H,2008,228
2010B5TS0917P,2010,277
2021B3TS0933P,2021,644
2008A1PS0787H,2008,235
2013B3PS0146P,2013,372
2013B5TS0239H,2013,363
2010B5TS0140H,2010,277
2017B1TS0452P,2017,450
2011B2TS0141H,2011,313
2019A3PS0139G,2019,531
2022A7TS0289P,2022,686
2009A1PS0157G,2009,263
2021A8PS0310G,2021,636
2009B1TS0658G,2009,273
2010B3TS0559H,2010,275
2016AATS0023H,2016,439
2014B2TS0052G,2014,399
2022A8PS0927P,2022,664
2011A8PS0478G,2011,303
2010B5PS0077G,2010,293
2005A4PS0019H,2005,146
2020B2PS0841H,2020,563
2018A8TS0490H,2018,481
2014B3PS0032P,2014,375
2005A3PS0350H,2005,144
2011A7PS0467H,2011,303
2008B1PS0500P,2008,227
2009A4TS0286G,2009,254
2023A3TS0273G,2023,744
2023A3TS0440H,2023,725
2018B4TS0658G,2018,497
2009A4PS0290P,2009,270
2005B2TS0677P,2005,130
2019A3TS0318P,2019,544
2022AAPS0416G,2022,677
2013A1TS0276G,2013,367
2010B1PS0988P,2010,287
2024A4TS0594P,2024,845
2014B4TS0776P,2014,395
2005A4TS0034P,2005,143
2005B5TS0915G,2005,140
2023A3PS0496G,2023,730
2007B3PS0584P,2007,177
2010A1TS0817P,2010,284
2011AAPS0929P,2011,316
2005A4PS0647P,2005,147
2006B3PS0529G,2006,167
2021B2TS0042P,2021,617
2017AATS0917H,2017,470
2019A4PS0634G,2019,514
2015B1PS0049H,2015,409
2006B4PS0027H,2006,154
2006A3PS0822G,2006,164
2009B4PS0539P,2009,251
2021A3TS0390P,2021,616
2021A7PS0097P,2021,616
2023A7TS0777P,2023,711
2023AAPS0029H,2023,728
2023B3TS0825G,2023,741
2020B2PS0649P,2020,589
2009A3PS0951G,2009,253
2015B3TS0046P,2015,423
2007A1TS0146H,2007,179
2009AATS0345P,2009,270
2011B1PS0884H,2011,314
2009A1TS0800P,2009,270
2023B2TS0253P,2023,728
2006A3TS0666P,2006,152
2004A3TS0239G,2004,119
2017B1PS0651H,2017,465
2006A1TS0436P,2006,152
2015A7TS0406G,2015,408
2019A3PS0933H,2019,509
2014B3PS0327G,2014,382
2004A4TS0458G,2004,120
2005AATS0033G,2005,134
2024B4TS0522P,2024,820
2017A3TS0934P,2017,462
2014B3TS0568P,2014,376
2010A7PS0827H,2010,289
2019B2TS0584G,2019,541
2021A8PS0403P,2021,612
2022B2PS0232P,2022,668
2019B3TS0321G,2019,534
2010A3TS0297P,2010,284
2004AAPS0117G,2004,110
2004AATS0596G,2004,106
2021A7TS0406P,2021,644
2009AATS0514H,2009,256
2021A4TS0360G,2021,610
2009A1PS0260G,2009,274
2009A3TS0036G,2009,253
2024AATS0116G,2024,766
2022B4PS0187H,2022,652
2019AATS0613P,2019,522
2016B2TS0166P,2016,441
2022A1PS0381P,2022,669
2005B3PS0330P,2005,143
2018B4PS0339H,2018,487
2023B1PS0545P,2023,714
2021B4PS0982P,2021,628
2022AATS0061H,2022,664
2019B1TS0486G,2019,539
2011B5TS0056P,2011,306
2024B4TS0199H,2024,751
2024B5TS0365H,2024,803
2021B5TS0288G,2021,611
2015B1PS0132H,2015,409
2009A7PS0445H,2009,271
2015A4TS0221G,2015,414
2010AAPS0598G,2010,296
2007B1PS0294H,2007,178
2022AATS0629H,2022,697
2023A4PS0389H,2023,730
2006B2PS0902P,2006,162
2006B3PS0369P,2006,170
2009A7PS0515G,2009,251
2014B2PS0031H,2014,384
2019B5PS0311G,2019,519
2014B5PS0875P,2014,377
2019A8TS0369P,2019,520
2017B4TS0576P,2017,453
2015AATS0672G,2015,408
2010A1PS0461P,2010,275
2020A7TS0013G,2020,562
2008B4TS0442H,2008,232
2024B1PS0523P,2024,801
2013B5PS0408G,2013,357
2017A1TS0212H,2017,458
2013B2PS0864P,2013,358
2011B3PS0379H,2011,321
2014B2TS0949G,2014,377
2007B3PS0295P,2007,184
2010AAPS0647P,2010,296
2013A3TS0017H,2013,372
2015B2PS0027G,2015,421
2021A4TS0011P,2021,635
2014B4PS0152G,2014,378
2010B4PS0717H,2010,289
2016B4PS0466G,2016,446
2018A1PS0569P,2018,494
2005A1TS0967H,2005,130
2015A4PS0706P,2015,405
2024B1PS0129H,2024,797
2017A1PS0377H,2017,451
2014A7TS0371H,2014,377
2022A8TS0413G,2022,652
2017A4TS0171G,2017,454
2011A7PS0003G,2011,304
2014B4TS0573P,2014,385
2018A3TS0998G,2018,491
2021A8PS0125G,2021,610
2006A1PS0941P,2006,161
2017AAPS0539H,2017,460
2012A8PS0332G,2012,329
2024B5TS0825P,2024,815
2008A8PS0869H,2008,246
2009B2TS0839P,2009,252
2023A7TS0046H,2023,745
2012A8PS0393H,2012,326
2017A7TS0507H,2017,467
2012B3TS0489P,2012,339
2021B2PS0221H,2021,631
2009A8PS0932P,2009,261
2004AAPS0756G,2004,107
2006A1PS0831H,2006,151
2008A8TS0639H,2008,230
2019A3PS0242H,2019,540
2013A1TS0357G,2013,358
2004A1TS0481H,2004,117
2015B4TS0336P,2015,413
2014AAPS0134G,2014,385
2015A3PS0928H,2015,412
2022A8TS0145P,2022,689
2017B2PS0759G,2017,459
2007A1TS0700P,2007,186
2024A1PS0290H,2024,835
2013B3PS0943P,2013,362
2009A7PS0828P,2009,265
2017B3TS0357P,2017,463
2017A7TS0411H,2017,452
2022A1TS0853G,2022,685
2008A1TS0066H,2008,237
2016A8PS0950P,2016,436
2016A7PS0261P,2016,432
2004A4TS0023H,2004,120
2014A7TS0839G,2014,384
2017A4PS0789P,2017,460
2004A7TS0133G,2004,115
2019A4TS0986H,2019,515
2015A8PS0263P,2015,423
2017A1PS0954H,2017,466
2018B3PS0718P,2018,481
2014A8PS0323H,2014,399
2006B2TS0405P,2006,165
2022A4TS0754H,2022,658
2013B2TS0102P,2013,359
2021A1TS0970G,2021,647
2006B4PS0605G,2006,151
2005A8PS0098H,2005,138
2013A1PS0404P,2013,371
2010B2PS0435H,2010,297
2016A7TS0758H,2016,436
2021AATS0727H,2021,607
2012AAPS0830H,2012,340
2008A7PS0403G,2008,227
2010B2TS0546P,2010,287
2005B1PS0192G,2005,126
2024B1TS0898P,2024,800
2006A4PS0926H,2006,172
2016B4PS0295H,2016,440
2022A1PS0471P,2022,697
2006A4TS0601P,2006,168
2011B1PS0136H,2011,306
2014B2TS0939G,2014,388
2017B3TS0642P,2017,458
2004AATS0036H,2004,123
2015B1PS0307P,2015,405
2021B4PS0674G,2021,646
2015B4TS0377G,2015,418
2010AATS0549G,2010,296
2010A1PS0542P,2010,282
2008AATS0567H,2008,238
2005A8PS0787G,2005,141
2019A3PS0700G,2019,542
2006B1PS0528H,2006,158
2009B5PS0685H,2009,272
2004A1TS0332H,2004,100
2004A3TS0771P,2004,103
2004A1TS0490H,2004,102
2013B3TS0166P,2013,351
2016B1PS0910G,2016,434
2020B5PS0768P,2020,597
2020A8PS0386H,2020,563
2023A4PS0866H,2023,737
2018B1PS0911H,2018,486
2019A8TS0505H,2019,506
2007A1TS0941G,2007,185
2011A4PS0833P,2011,306
2007B2PS0946P,2007,180
2013B3PS0915P,2013,353
2005AATS0151P,2005,142
2022AATS0868H,2022,669
2012A4PS0291P,2012,347
2024A8TS0603P,2024,766
2017A3TS0133H,2017,468
2021A3PS0186H,2021,619
2004B3PS0112P,2004,113
2022A7PS0725P,2022,690
2023B4TS0905P,2023,738
2014AATS0969P,2014,377
2014B1TS0133H,2014,391
2015A8TS0717G,2015,408
2024A7TS0221H,2024,787
2020AAPS0308H,2020,577
2017A7PS0299H,2017,465
2012B4TS0114P,2012,335
2015B2PS0904P,2015,417
2014A8TS0395P,2014,385
2007B2TS0952P,2007,187
2018B4TS0992H,2018,499
2009A8PS0641P,2009,265
2014A8TS0534H,2014,391
2011A1TS0792H,2011,309
2007B3TS0444G,2007,196
2018B2PS0755P,2018,493
2010B3TS0050G,2010,292
2005B1PS0764P,2005,126
2011B4PS0060G,2011,308
2019A3PS0681P,2019,502
2017AAPS0196P,2017,472
2006B5PS0597G,2006,163
2024A1TS0317G,2024,815
2019B5PS0715H,2019,508
2009B1TS0009G,2009,255
2008A7PS0423G,2008,245
2005B3TS0574P,2005,137
2010A8PS0322G,2010,293
2012A3PS0997G,2012,330
2024A3TS0962G,2024,845
2017B1PS0103G,2017,452
2015B4TS0602P,2015,414
2019A7PS0061H,2019,508
2019B2PS0006P,2019,522
2006A7PS0860H,2006,152
2006A4TS0113P,2006,173
2014A1PS0055H,2014,384
2004B2TS0079G,2004,106
2016B2TS0061P,2016,436
2007B4TS0773H,2007,191
2006B5PS0124G,2006,154
2010A1TS0754G,2010,287
2013A4PS0144G,2013,369
2022B5PS0377G,2022,676
2012A8PS0527G,2012,328
2008A3PS0535P,2008,240
2016B1PS0632P,2016,432
2012AAPS0297H,2012,328
2016B5PS0999P,2016,437
2022B2TS0471G,2022,654
2019B3PS0440P,2019,521
2009B3PS0289H,2009,252
2019AAPS0817G,2019,547
2010A8PS0827H,2010,280
2006B1PS0862P,2006,165
2006A7TS0055G,2006,170
2004B4PS0844P,2004,105
2015A3TS0030H,2015,414
2005B3TS0722G,2005,145
2004B5TS0666P,2004,116
2013B4PS0183G,2013,373
2017B5PS0620G,2017,465
2022B4PS0455H,2022,699
2005B2PS0324G,2005,136
2013A1PS0567G,2013,363
2021B1TS0225P,2021,604
2010A3PS0940P,2010,282
2021A4TS0563P,2021,606
2007B5TS0097P,2007,192
2009B2TS0188P,2009,271
2014B5PS0487H,2014,386
2019B5PS0853H,2019,525
2004B5TS0953H,2004,123
2018AATS0730P,2018,478
2019B1TS0590H,2019,534
2006A1TS0797G,2006,169
2010B5TS0558H,2010,290
2010B5TS0486P,2010,285
2010B2PS0235P,2010,279
2015B1TS0288P,2015,403
2018A3PS0397P,2018,482
2006A7TS0237P,2006,163
2009A4PS0510H,2009,261
2005B5PS0038G,2005,144
2011A7PS0577G,2011,312
2007B3TS0804P,2007,182
2008AAPS0494G,2008,227
2016A7TS0504H,2016,429
2013B2PS0543P,2013,360
2006A4PS0584G,2006,154
2022A4PS0862G,2022,672
2015AATS0810G,2015,423
2007A4TS0372P,2007,179
2020A3TS0647P,2020,598
2014B2TS0262H,2014,382
2024A4TS0156G,2024,752
2016A8PS0639H,2016,439
2018A3TS0184G,2018,496
2005B4PS0333H,2005,145
2022A4PS0051P,2022,688
2007A4TS0113H,2007,185
2008A3PS0633P,2008,242
2014A7TS0983P,2014,391
2022A8PS0707G,2022,660
2018A7PS0109P,2018,479
2008B3TS0606G,2008,232
2023A4PS0326P,2023,734
2022B3TS0186P,2022,693
2019B3TS0685H,2019,529
2017B4PS0869P,2017,472
2016B3PS0403G,2016,444
2007B1PS0385G,2007,191
2004A8PS0269G,2004,116
2018AAPS0573H,2018,475
2009A8TS0732P,2009,267
2019AATS0144H,2019,501
2023A4TS0881G,2023,719
2004B1PS0222H,2004,107
2020A8PS0540G,2020,552
2016AAPS0898P,2016,426
2019B2TS0389G,2019,511
2012A3PS0151P,2012,344
2008A3TS0776G,2008,238
2015B4PS0488P,2015,424
2010A4TS0697H,2010,297
2012A3TS0779G,2012,327
2020B5TS0718P,2020,589
2018B4PS0089P,2018,476
2024B2TS0749P,2024,756
2020B5TS0316G,2020,596
2019B1PS0597P,2019,516
2021B1TS0629P,2021,644
2020A3PS0848H,2020,555
2014A3TS0366G,2014,385
2022A7PS0303G,2022,695
2021B4PS0492G,2021,636
2014A3TS0504G,2014,391
2015A7TS0876G,2015,413
2014A4PS0654H,2014,395
2024AAPS0293H,2024,780
2008B3PS0885P,2008,242
2015A1PS0506G,2015,423
2019B5PS0901P,2019,501
2010B5PS0806G,2010,277
2004A7TS0104P,2004,113
2014A1PS0488P,2014,392
2007A1PS0528G,2007,177
2004AAPS0626G,2004,123
2021A4TS0151P,2021,609
2010AATS0585G,2010,292
2008A4PS0270H,2008,226
2024A8TS0891G,2024,750
2006A1PS0183P,2006,151
2007B3TS0868P,2007,194
2005B4TS0019G,2005,147
2006B2TS0874P,2006,168
2007A1TS0032G,2007,181
2005B2TS0214H,2005,125
2004AAPS0970G,2004,108
2022B3PS0182H,2022,685
2006A7PS0657H,2006,172
2004B1PS0978G,2004,108
2024A3PS0187H,2024,843
2017B1PS0966H,2017,454
2023B5PS0047G,2023,702
2006B3TS0452G,2006,155
2008B2PS0603H,2008,234
2005A8TS0250H,2005,129
2006B2PS0110H,2006,174
2010B5PS0249P,2010,282
2023A8TS0267P,2023,749
2021B5TS0092G,2021,616
2011A3PS0696H,2011,324
2018A8PS0978P,2018,497
2018AATS0069P,2018,487
2005A3PS0781H,2005,134
2004B2PS0063P,2004,110
2009B2TS0335P,2009,268
2015A8TS0958P,2015,406
2008B3TS0617H,2008,244
2013B2PS0656P,2013,350
2021A1PS0682H,2021,619
2016A7TS0976H,2016,446
2007AAPS0679H,2007,194
2021B5PS0477H,2021,621
2013B2PS0944P,2013,350
2024B2PS0590G,2024,802
2022A1PS0150P,2022,666
2008B4TS0351P,2008,242
2008B5TS0364P,2008,248
2016A8PS0359G,2016,428
2020B5PS0008G,2020,598
2005B2TS0648G,2005,138
2005B5PS0611P,2005,144
2019A1TS0657H,2019,548
2010A3TS0786P,2010,298
2019B5PS0994H,2019,529
2008A3TS0976G,2008,225
2014A8TS0683G,2014,391
2021B2PS0939G,2021,629
2019A7PS0317G,2019,544
2006AAPS0368P,2006,156
2008AATS0923P,2008,238
2023B4TS0379P,2023,739
2014A7PS0178P,2014,391
2009A8TS0101H,2009,265
2014B4PS0618G,2014,395
2008A7PS0273P,2008,246
2005B5TS0527P,2005,131
2006A7TS0570H,2006,159
2016A8TS0959P,2016,435
2020B1TS0399P,2020,561
2015A3PS0756H,2015,409
2022AAPS0311H,2022,668
2013A8PS0059P,2013,360
2007B5TS0597H,2007,190
2004A1TS0944H,2004,122
2022B2TS0264G,2022,683
2010A3PS0896P,2010,290
2008A1PS0102H,2008,238
2009B2TS0848H,2009,252
2006A8PS0019H,2006,158
2008A8PS0778H,2008,246
2022B4PS0965P,2022,664
2020A1PS0894H,2020,563
2017A3TS0614G,2017,450
2024A4PS0622H,2024,791
2007B2TS0308P,2007,181
2005B2PS0018P,2005,144
2017B4TS0737G,2017,462
2012B5TS0788P,2012,346
2023A8TS0758P,2023,732
2014B1PS0490G,2014,398
2024B5PS0723H,2024,835
2007B2PS0973H,2007,179
2004B3PS0339H,2004,102
2021B1PS0991P,2021,629
2022B1PS0208G,2022,695
2015AAPS0876H,2015,409
2018B2PS0011H,2018,488
2017A7TS0747G,2017,472
2023B1TS0910G,2023,726
2007B1PS0710H,2007,196
2005A1PS0256P,2005,136
2020A7TS0105P,2020,553
2013A3TS0156G,2013,360
2009B3TS0696H,2009,269
2009B3TS0156H,2009,256
2007AATS0894P,2007,190
2007B4PS0980H,2007,183
2006A1PS0239H,2006,158
2007A7TS0440P,2007,193
2016B3PS0301P,2016,447
2010B2PS0347H,2010,299
2013A1PS0078G,2013,373
2023AAPS0166G,2023,738
2006B3PS0136G,2006,167
2023B2PS0673H,2023,728
2020B2PS0149P,2020,573
2011A8PS0723G,2011,315
2006B5PS0464G,2006,159
2015A4TS0596P,2015,419
2006B2TS0845H,2006,166
2010B1PS0986H,2010,295
2020B5TS0329H,2020,553
2010B5TS0502P,2010,280
2004B1TS0151G,2004,121
2023A4TS0020G,2023,700
2014B5TS0519P,2014,376
2016B4TS0470H,2016,426
2005A4TS0303H,2005,141
2010A7PS0375P,2010,285
2004A7PS0519H,2004,118
2016B2PS0216G,2016,444
2008A8TS0025G,2008,230
2017B4PS0100P,2017,457
2020A4TS0204G,2020,555
2006B2TS0667H,2006,151
2020A7PS0811H,2020,563
2024A7PS0611P,2024,817
2005AATS0828G,2005,143
2010B2TS0399P,2010,294
2004B1PS0522P,2004,107
2016A7TS0519H,2016,442
2020A3PS0745G,2020,578
2007A1TS0093P,2007,179
2004AAPS0295G,2004,113
2023B5TS0867H,2023,749
2007A3PS0352H,2007,185
2018B3TS0472P,2018,478
2005A8PS0530G,2005,148
2017AATS0762P,2017,466
2008B2PS0761P,2008,232
2021B1PS0043G,2021,609
2006B4TS0425G,2006,159
2016AAPS0184P,2016,433
2005A3PS0670G,2005,138
2022A4TS0903H,2022,662
2007A3TS0104G,2007,178
2012A3TS0494G,2012,334
2018B2PS0222G,2018,476
2007B2PS0776G,2007,184
2007A1TS0169P,2007,179
2012B4PS0555G,2012,348
2017B4PS0546G,2017,473
2018A1TS0088H,2018,475
2011AAPS0157H,2011,309
2017B3TS0604H,2017,463
2021AAPS0488H,2021,618
2015B4TS0386H,2015,413
2006B2TS0277G,2006,160
2024A1TS0716G,2024,830
2007B3PS0207G,2007,199
2013A7PS0981P,2013,351
2017A4TS0460H,2017,452
2007B3TS0381H,2007,195
2016B5PS0560P,2016,429
2017A3TS0298H,2017,460
2023A4TS0869G,2023,744
2011A3PS0362H,2011,309
2005B4PS0257G,2005,135
2017A8PS0022P,2017,464
2020A7PS0712H,2020,568
2010A3PS0884P,2010,293
2006B5PS0682H,2006,153
2024AATS0795G,2024,843
2018B2PS0103H,2018,476
2012A4TS0627P,2012,338
2008B4PS0885H,2008,232
2007A1TS0456P,2007,180
2007A8PS0066H,2007,180
2023B1PS0020P,2023,710
2022AAPS0884P,2022,670
2008B5PS0173H,2008,247
2011B2TS0203G,2011,311
2011A1PS0991H,2011,308
2013AATS0554H,2013,374
2009A7PS0872H,2009,266
2013A4TS0318P,2013,352
2023B2PS0112H,2023,715
2020B2TS0123H,2020,575
2024A4PS0937P,2024,783
2009A7TS0898P,2009,252
2020A3TS0603H,2020,568
2013B2TS0004P,2013,372
2020A8PS0256G,2020,571
2009A4TS0537H,2009,269
2015A3TS0188G,2015,417
2014A4PS0704G,2014,397
2023A4PS0462G,2023,705
2012A8PS0346H,2012,339
2004B3TS0728P,2004,113
2010B1TS0565G,2010,290
2020A4TS0810P,2020,564
2019A8TS0344G,2019,519
2007A3TS0848G,2007,198
2024B4TS0431H,2024,757
2018A4TS0121G,2018,494
2006A8TS0135H,2006,161
2024B4PS0914P,2024,762
2022A8PS0526H,2022,650
2016B3TS0181P,2016,433
2008A3PS0938G,2008,233
2020A8PS0199G,2020,568
2008B5TS0133G,2008,235
2006A4PS0621H,2006,159
2022A8TS0265P,2022,680
2008A7TS0851G,2008,236
2024B2PS0658H,2024,763
2024B1PS0416P,2024,776
2018A7PS0482P,2018,496
2008A4TS0642P,2008,246
2007B5PS0684H,2007,197
2009B5PS0794P,2009,261
2004B5PS0633P,2004,103
2008A1PS0507G,2008,239
2012A3TS0634P,2012,341
2010AATS0667G,2010,297
2020A3PS0526H,2020,578
2014B2TS0671P,2014,398
2014A1PS0678P,2014,392
2006A7PS0422H,2006,163
2021A1PS0149H,2021,605
2016B4TS0675G,2016,426
2013A1TS0356G,2013,359
2010B3TS0691G,2010,281
2005B5PS0609P,2005,144
2016B4PS0467H,2016,444
2010A4PS0009H,2010,281
2008A7TS0268G,2008,231
2014A8PS0985G,2014,384
2021B5PS0247P,2021,637
2016B2TS0155H,2016,447
2011B5TS0315H,2011,324
2006A8TS0535G,2006,158
2017B4TS0737G,2017,474
2019A8TS0109P,2019,522
2016A1TS0282H,2016,444
2009A8TS0308P,2009,253
2018B2TS0596G,2018,492
2013A4PS0317G,2013,358
2009A1PS0664H,2009,266
2024AAPS0215H,2024,772
2017A7TS0332H,2017,461
2013A8TS0959G,2013,369
2009B4PS0280G,2009,250
2016B2PS0540H,2016,432
2005A3TS0082H,2005,139
2022B5PS0781H,2022,690
2009AATS0611G,2009,260
2021B3PS0445G,2021,631
2004A7TS0605G,2004,108
2024B2TS0322H,2024,830
2008B5PS0390H,2008,225
2009B3TS0411G,2009,251
2018A4TS0462G,2018,492
2008B2PS0881G,2008,249
2007B5TS0479H,2007,192
2009A3TS0750H,2009,257
2015B2PS0766G,2015,404
2022A4TS0757G,2022,677
2024AATS0359P,2024,802
2007B1TS0557H,2007,196
2022B2PS0776G,2022,680
2021AATS0990H,2021,614
2016B3TS0783P,2016,442
2011A7PS0252G,2011,324
2022AATS0008H,2022,690
2006A3PS0842P,2006,153
2016B3PS0553G,2016,425
2011A1TS0021P,2011,323
2004A7PS0015H,2004,102
2009B3TS0137P,2009,267
2011B1PS0794G,2011,323
2023AATS0167H,2023,724
2014A8PS0348G,2014,394
2014A8TS0747H,2014,379
2023AAPS0039P,2023,745
2021B5PS0021P,2021,623
2018B1TS0716G,2018,484
2013A3TS0614G,2013,371
2008B2TS0317G,2008,236
2017A4TS0085G,2017,468
2011A1PS0089P,2011,315
2014A4PS0338P,2014,392
2018A3PS0240H,2018,495
2013A7TS0624H,2013,366
2006A8PS0459H,2006,172
2011A4TS0952G,2011,304
2006B2TS0952H,2006,159
2015A8PS0151G,2015,404
2013A4TS0428G,2013,366
2017A3PS0860P,2017,450
2008B1TS0699P,2008,242
2014A1TS0279H,2014,385
2023B5PS0306H,2023,748
2008B3PS0713P,2008,246
2015B3TS0047H,2015,422
2020AATS0998P,2020,563
2013B5PS0806H,2013,353
2008A7PS0480P,2008,241
2021A8TS0510G,2021,629
2011AAPS0660G,2011,303
2004B2TS0825H,2004,109
2022B1TS0831P,2022,663
2011A1PS0993G,2011,324
2024A8PS0184G,2024,774
2012A3TS0015G,2012,327
2004B2TS0974G,2004,112
2017B5TS0889P,2017,451
2012B4TS0778P,2012,346
2012A4TS0824G,2012,335
2004A3PS0047G,2004,123
2014B1TS0442H,2014,396
2005A7TS0082P,2005,145
2013B5PS0305P,2013,363
2005A4PS0531G,2005,135
2011A7PS0978P,2011,310
2012A4PS0748P,2012,349
2007A1TS0622P,2007,180
2021B4PS0029G,2021,621
2017A4PS0051P,2017,468
2018A4PS0572H,2018,483
2022B1PS0546P,2022,681
2021B2TS0886G,2021,643
2005A1PS0502P,2005,138
2023A4PS0783H,2023,734
2013A7PS0189H,2013,360
2005B5TS0015H,2005,138
2019A3PS0175G,2019,518
2011A4TS0314H,2011,315
2014B3TS0235P,2014,392
2020A7PS0691H,2020,585
2022B2PS0663H,2022,677
2016A8PS0544H,2016,428
2018A4PS0117H,2018,478
2014B4PS0735G,2014,383
2023A1TS0880P,2023,703
2008A8TS0550H,2008,247
2006B2PS0572G,2006,160
2012B1PS0904P,2012,348
2020B2PS0452G,2020,557
2014B5TS0466G,2014,375
2023AATS0879H,2023,731
2015A1TS0520G,2015,410
2006B2TS0082P,2006,174
2008A1TS0040G,2008,227
2019A1PS0803G,2019,528
2021B3PS0764P,2021,611
2011AAPS0470G,2011,314
2023A1TS0579P,2023,734
2011B5TS0501G,2011,320
2020A8TS0019G,2020,583
2008A1TS0873G,2008,233
2014A4PS0831H,2014,395
2007B5TS0476G,2007,193
2015B1TS0155H,2015,418
2022B4PS0209P,2022,665
2015B1TS0705G,2015,412
2009B1TS0346G,2009,255
2006B3TS0242P,2006,155
2020A4PS0093P,2020,565
2015AAPS0878P,2015,403
2012B3TS0420G,2012,343
2021A3PS0585G,2021,617
2022B4PS0522H,2022,652
2020B4TS0039H,2020,577
2006A8PS0226P,2006,159
2005AAPS0334G,2005,147
2013AAPS0534P,2013,358
2010B4PS0630H,2010,276
2004A7PS0053G,2004,105
2016A4PS0966H,2016,449
2013A3TS0557G,2013,358
2014A4TS0511H,2014,398
2005B2PS0293G,2005,148
2023A1TS0980H,2023,708
2010B1TS0519H,2010,292
2015A4TS0736P,2015,414
2013B1PS0259P,2013,355
2014A1PS0604H,2014,389
2023A4TS0879P,2023,739
2009A3PS0270H,2009,257
2013A3PS0115H,2013,363
2014B5PS0392G,2014,389
2015B2PS0847G,2015,423
2005A7TS0448H,2005,136
2014B4TS0462P,2014,393
2007A4PS0977G,2007,175
2020B1PS0209P,2020,574
2014B2PS0206P,2014,375
2006A1PS0290H,2006,172
2009A3PS0481G,2009,266
2019A8TS0935H,2019,505
2016A1PS0608G,2016,435
2014A7TS0551H,2014,382
2004A3PS0113H,2004,110
2012A7TS0354G,2012,343
2021A1PS0047P,2021,614
2007A4TS0621H,2007,176
2007AATS0340G,2007,175
2012A1TS0812H,2012,347
2008B5PS0705P,2008,242
2020A7PS0445H,2020,566
2007B5TS0843P,2007,180
2024B3PS0883H,2024,763
2015A3TS0771G,2015,421
2008A3PS0856P,2008,234
2004A4PS0380P,2004,113
2013A1PS0671P,2013,370
2016B3PS0672H,2016,426
2006B3PS0348P,2006,163
2020AATS0874G,2020,568
2009B4PS0147P,2009,259
2009A8PS0719G,2009,266
2014A4PS0429G,2014,377
2008B4PS0828G,2008,249
2018B2PS0039P,2018,492
2014A3PS0758P,2014,397
2023B1TS0923H,2023,732
2009AAPS0739H,2009,259
2020B2TS0597P,2020,591
2006B3TS0364P,2006,170
2010B3TS0142G,2010,278
2009A3PS0673H,2009,273
2005B2TS0771H,2005,128
2017B1PS0605G,2017,450
2021B3TS0325G,2021,611
2010B5PS0586G,2010,278
2009B3TS0622G,2009,264
2019A1TS0840G,2019,542
2023A7PS0501G,2023,729
2016A3PS0964G,2016,433
2006A3PS0359P,2006,165
2012B3TS0615G,2012,346
2019B2TS0571P,2019,521
2016AATS0988G,2016,448
2014A8PS0952H,2014,389
2017A7TS0049H,2017,460
2023B1TS0499G,2023,702
2015B4PS0060H,2015,406
2009A1PS0688P,2009,272
2006B4PS0720P,2006,172
2010A1PS0472P,2010,293
2013B2TS0864H,2013,367
2022A8TS0989G,2022,651
2022A3PS0947H,2022,687
2022AAPS0483P,2022,689
2012A4TS0890G,2012,331
2015A4TS0755H,2015,418
2006A1PS0996H,2006,156
2007B1PS0337H,2007,198
2005B1PS0452P,2005,142
2007A4TS0618P,2007,197
2023B4PS0670G,2023,734
2019B3TS0093G,2019,548
2006A4TS0853G,2006,163
2018B1TS0042H,2018,488
2005AATS0960H,2005,129
2006A7PS0540G,2006,151
2024A7PS0197P,2024,777
2021B2TS0308G,2021,647
2004A8TS0709H,2004,113
2020A3TS0233P,2020,558
2007A1TS0254P,2007,180
2006A3PS0639P,2006,154
2005A7PS0720H,2005,131
2022A8PS0251G,2022,690
2021A4TS0147P,2021,633
2009B3PS0578P,2009,271
2012B2TS0922G,2012,341
2020A8TS0136H,2020,552
2018A3PS0002P,2018,483
2010A4PS0951P,2010,290
2015B4TS0081P,2015,422
2005B4TS0363P,2005,134
2020A3PS0722H,2020,576
2008B3PS0221H,2008,236
2014B5TS0760P,2014,375
2009A1TS0584P,2009,256
2023A1PS0829H,2023,721
2012A4TS0986H,2012,344
2021A4PS0534P,2021,640
2011A1TS0272G,2011,314
2006B2TS0959H,2006,167
2004A4TS0819G,2004,123
2010B5TS0730H,2010,293
2016B1PS0983G,2016,430
2017B3PS0357P,2017,455
2020A4PS0878G,2020,581
2010B5PS0434P,2010,297
2013AATS0543H,2013,373
2019B3PS0820G,2019,545
2011A7TS0629G,2011,303
2004B4TS0636P,2004,108
2010B5PS0393H,2010,287
2018A7PS0792G,2018,497
2024A1PS0100G,2024,780
2022B3PS0137H,2022,676
2017B5TS0615H,2017,456
2017B2TS0751G,2017,461
2016B2PS0058G,2016,442
2009B5PS0960G,2009,266
2008A3PS0576P,2008,226
2023B4TS0899G,2023,740
2017A3PS0713H,2017,450
2024A4TS0520P,2024,831
2007B5TS0390P,2007,183
2008AAPS0975G,2008,249
2019A7TS0193H,2019,535
2021A1TS0125G,2021,636
2023A4PS0189G,2023,721
2015B4PS0540H,2015,401
2005B5PS0848H,2005,138
2004B2TS0246G,2004,122
2017B4TS0393P,2017,457
2016A7TS0181H,2016,428
2007AATS0660G,2007,179
2022A7PS0321G,2022,655
2020AAPS0049P,2020,567
2012A8PS0090G,2012,336
2014A1TS0986H,2014,376
2006A3PS0970H,2006,172
2005AATS0545H,2005,135
2005A4PS0409P,2005,129
2021A7TS0363P,2021,642
2023B3TS0534G,2023,702
2018AATS0332H,2018,493
2024A3TS0196H,2024,772
2009B2PS0329P,2009,270
2020A1TS0542H,2020,567
2021A4TS0272G,2021,617
2012AATS0851P,2012,336
2004B1PS0299G,2004,113
2011B4TS0832G,2011,311
2020A8TS0530G,2020,582
2015B4TS0566H,2015,406
2012A7PS0064P,2012,333
2021B4PS0894P,2021,616
2008AATS0291P,2008,235
2022A4PS0617G,2022,680
2007B2TS0396G,2007,180
2015A8PS0276G,2015,424
2011A1TS0744H,2011,312
2009AATS0924P,2009,271
2020B3TS0335P,2020,593
2024A4PS0780P,2024,784
2007A8PS0781G,2007,192
2018A4PS0220G,2018,497
2016B1TS0666P,2016,439
2008B5PS0375G,2008,238
2021B4TS0521P,2021,637
2011AATS0457G,2011,319
2007A3PS0523P,2007,198
2019A1PS0069G,2019,518
2004A7PS0219P,2004,120
2009B2TS0921H,2009,273
2010A7TS0439G,2010,285
2004A3TS0333G,2004,124
2018B2TS0522P,2018,477
2011A4PS0506H,2011,312
2021A8PS0659P,2021,626
2018B1TS0411H,2018,491
2018B2PS0462P,2018,496
2007B5TS0941G,2007,184
2013B3PS0173P,2013,369
2011B4TS0672P,2011,323
2006B4PS0208H,2006,164
2013A3PS0848H,2013,350
2020A4TS0717H,2020,582
2006B1TS0513G,2006,151
2008B1PS0488P,2008,242
2010A1PS0497P,2010,298
2014B4TS0337G,2014,396
2004A8PS0645H,2004,113
2021AATS0048H,2021,641
2009A8TS0731H,2009,262
2005A8TS0764P,2005,144
2016A4TS0048G,2016,446
2004A4PS0093G,2004,124
2020B3PS0297H,2020,590
2020A4TS0747H,2020,584
2006A3PS0756G,2006,165
2019A8PS0200P,2019,534
2015A4PS0322H,2015,406
2023A7PS0537G,2023,715
2015B2TS0890P,2015,422
2014AAPS0703H,2014,390
2023A3PS0434H,2023,740
2009A7PS0231P,2009,250
2016A3TS0216H,2016,442
2019A1PS0690G,2019,511
2014B1TS0866H,2014,385
2008A8PS0324P,2008,242
2007B2TS0414G,2007,176
2012B1PS0944P,2012,346
2023A4TS0892G,2023,735
2007A3TS0484P,2007,182
2009B3TS0037G,2009,270
2012B5PS0762P,2012,344
2011A7PS0472P,2011,301
2008A4TS0865P,2008,236
2008A3TS0406G,2008,241
2016B2PS0528G,2016,434
2011A3PS0127P,2011,301
2024B3TS0418G,2024,765
2022B1TS0977G,2022,693
2007B1PS0524H,2007,175
2007A4TS0036H,2007,189
2015AATS0656G,2015,416
2006AAPS0333H,2006,152
2015AAPS0312P,2015,403
2021A7TS0858P,2021,630
2016A8PS0924H,2016,447
2008AATS0246H,2008,236
2023AAPS0638H,2023,705
2016A8TS0960G,2016,448
2015AAPS0572G,2015,409
2014B1TS0192H,2014,386
2014A1TS0206P,2014,378
2012A8PS0383P,2012,339
2017A1TS0025H,2017,472
2015B1PS0858G,2015,415
2007A7TS0416P,2007,193
2007B1PS0729P,2007,177
2015AATS0340P,2015,411
2021A3PS0185H,2021,625
2013B1TS0590G,2013,360
2009A4PS0063H,2009,271
2019B4TS0475H,2019,510
2004A4TS0865H,2004,119
2005A7TS0761G,2005,131
2022B5PS0113G,2022,687
2017A3TS0052G,2017,457
2017A4TS0099G,2017,455
2010B5TS0684G,2010,282
2016A4PS0762P,2016,439
2019A4TS0101G,2019,523
2019A1PS0129G,2019,508
2009A4PS0671G,2009,265
2014A8PS0235G,2014,376
2009B1TS0173H,2009,273
2009A8PS0663P,2009,271
2004A8TS0885G,2004,106
2014A4PS0226P,2014,381
2022A3PS0643P,2022,684
2006B1TS0592G,2006,151
2018A7TS0591H,2018,479
2016A8PS0583P,2016,427
2009A1PS0262H,2009,253
2008B1PS0874P,2008,239
2011AAPS0471H,2011,321
2009A8TS0488G,2009,273
2014B4PS0903H,2014,381
2010A1PS0108P,2010,292
2023A3TS0883H,2023,729
2004A8PS0973H,2004,121
2009B1PS0544P,2009,252
2023B2TS0594H,2023,721
2005A3PS0265G,2005,138
2015A3TS0662H,2015,400
2020B3PS0806G,2020,586
2019A1PS0124H,2019,540
2018A3PS0754G,2018,488
2018B5PS0771P,2018,491
2008B1TS0493G,2008,228
2005A1PS0161G,2005,146
2012B5TS0270P,2012,345
2004B3PS0236G,2004,107
2009B1PS0504G,2009,273
2008A7TS0871G,2008,239
2009B5TS0535G,2009,256
2013A4TS0537G,2013,358
2008B3PS0599H,2008,228
2011A7PS0485P,2011,301
2012B1PS0913G,2012,347
2019B1TS0710P,2019,549
2018A7PS0937P,2018,488
2019A4PS0945G,2019,541
2008B2TS0453H,2008,241
2017A7TS0700G,2017,466
2005AAPS0772H,2005,141
2015B1PS0906G,2015,410
2016A3PS0914G,2016,441
2024A4TS0870P,2024,764
2008B2PS0311P,2008,236
2023B3TS0190H,2023,704
2012AAPS0609G,2012,335
2019A3PS0983H,2019,539
2017B4PS0440G,2017,454
2008B1TS0548H,2008,238
2022B1TS0710H,2022,689
2024A8TS0713G,2024,838
2014A3TS0458P,2014,388
2009A8PS0637G,2009,251
2017A4PS0312G,2017,460
2009B3PS0756G,2009,255
2024A7PS0113P,2024,772
2014A7PS0569H,2014,398
2014B5TS0928G,2014,382
2010A1TS0163H,2010,295
2014A7PS0283H,2014,388
2014B5PS0568G,2014,384
2009A7PS0711P,2009,263
2024B2TS0073G,2024,847
2015A4TS0620H,2015,409
2006B5PS0896G,2006,173
2009B4PS0028H,2009,264
2022AAPS0252G,2022,658
2007A1PS0311H,2007,199
2017B5TS0181G,2017,461
2006B1PS0860P,2006,153
2004A8TS0518P,2004,124
2018A8PS0840G,2018,479
2021AAPS0009H,2021,603
2008B2PS0096G,2008,232
2017AATS0569P,2017,468
2012A7TS0247H,2012,328
2015B2TS0260G,2015,424
2024A7PS0319P,2024,756
2014B5PS0048H,2014,384
2004B1PS0827H,2004,102
2020B5TS0356H,2020,599
2018A8TS0261H,2018,481
2018A1PS0008H,2018,482
2007B2TS0179G,2007,193
2024A8PS0020G,2024,836
2016B2TS0183P,2016,442
2010A7TS0018G,2010,284
2017AATS0954P,2017,469
2011A8TS0517G,2011,313
2018A8PS0385G,2018,493
2014B2PS0340H,2014,393
2011B5PS0351P,2011,314
2005B1TS0539H,2005,141
2014B5PS0385G,2014,380
2005A1TS0543H,2005,147
2012B1TS0207P,2012,329
2017A8TS0303P,2017,471
2020A4PS0677G,2020,551
2009B5TS0824P,2009,251
2018A8PS0047H,2018,489
2023B4PS0175P,2023,720
2007B1PS0724P,2007,180
2009AATS0175G,2009,272
2007AAPS0778P,2007,186
2019A1TS0168P,2019,530
2006B2TS0877H,2006,166
2021B3PS0347P,2021,618
2008B4PS0425H,2008,240
2022B3PS0766P,2022,686
2023AATS0545P,2023,717
2016A4TS0285G,2016,442
2021A7PS0372H,2021,646
2019B2TS0403H,2019,546
2008AATS0890G,2008,228
2011B4TS0187G,2011,304
2017A3TS0927P,2017,471
2011B5PS0503H,2011,321
2009B1PS0177G,2009,274
2010A1TS0139P,2010,276
2017A3PS0247P,2017,464
2024B4PS0518G,2024,831
2024AAPS0891P,2024,840
2020B5TS0266H,2020,566
2016B1TS0076H,2016,425
2020A1TS0735G,2020,581
2020B4TS0051G,2020,559
2016A7TS0488P,2016,441
2016B1PS0370G,2016,440
2015B5PS0243G,2015,423
2020B4TS0043H,2020,582
2023B3PS0793G,2023,741
2010A3PS0504H,2010,299
2016A7TS0170G,2016,447
2017A1PS0083G,2017,472
2018B3TS0390P,2018,495
2013AATS0788H,2013,358
2015A7PS0159G,2015,412
2016B1PS0587H,2016,435
2023A7PS0207G,2023,742
2005AATS0563H,2005,145
2023A8PS0255H,2023,723
2010A4TS0358P,2010,280
2012A8TS0195P,2012,335
2017B5TS0922H,2017,464
2022B4TS0113G,2022,651
2019B4PS0362G,2019,508
2023B1TS0829P,2023,735
2014B4TS0906G,2014,378
2021B4TS0147H,2021,609
2009B1TS0482P,2009,271
2004A4PS0697G,2004,102
2017A8TS0817P,2017,454
2009AATS0777H,2009,256
2007B5TS0261H,2007,182
2010B1PS0378P,2010,295
2015B1PS0408P,2015,404
2016B2TS0981G,2016,435
2006A3TS0114P,2006,165
2007B3TS0622H,2007,189
2022AAPS0163H,2022,693
2023B3TS0035H,2023,747
2020B5TS0446H,2020,567
2005B3PS0593P,2005,147
2022B2PS0866G,2022,650
2012A8TS0728G,2012,333
2022B2TS0445G,2022,650
2008B4TS0295P,2008,245
2020B5PS0409G,2020,550
2013AATS0786P,2013,351
2006B3TS0899P,2006,163
2007A1PS0073G,2007,197
2013B4PS0727G,2013,366
2022A4PS0201H,2022,657
2020B5TS0110H,2020,577
2005A3PS0147G,2005,129
2023B2PS0389H,2023,733
2015B1TS0307H,2015,411
2018A4PS0556H,2018,489
2007A7PS0999P,2007,192
2022B4TS0570H,2022,670
2006A4PS0672P,2006,160
2016A3PS0668P,2016,442
2012A7TS0352P,2012,326
2005B3PS0719P,2005,141
2010B5PS0149G,2010,294
2006B3PS0714H,2006,161
2006B4TS0136H,2006,152
2014A7PS0791G,2014,388
2008B1PS0056G,2008,226
2008B1TS0490H,2008,238
2024A8TS0259G,2024,787
2004B3PS0720H,2004,100
2005A4PS0455P,2005,137
2011A4TS0698H,2011,305
2024A1TS0688H,2024,831
2021A3PS0303H,2021,643
2005A1PS0102G,2005,144
2011A4TS0208G,2011,304
2005A1TS0359P,2005,125
2007B5PS0704G,2007,180
2008B1PS0683P,2008,227
2007B2PS0868G,2007,195
2012B5TS0868H,2012,329
2011B2TS0310H,2011,314
2010B1PS0215P,2010,285
2017B4TS0603P,2017,455
2013B3TS0216P,2013,371
2019B4PS0341G,2019,517
2012A4TS0730H,2012,327
2008B1PS0028H,2008,243
2016A4PS0611H,2016,446
2004A3PS0096P,2004,120
2017A3PS0543G,2017,465
2019B4PS0722G,2019,536
2005B5TS0234P,2005,129
2015B4TS0364G,2015,404
2011A8TS0933H,2011,322
2008B3PS0237G,2008,239
2016A4PS0699P,2016,434
2021B2PS0884H,2021,619
2014A3PS0213H,2014,385
2006B5PS0323H,2006,158
2008A3PS0081H,2008,239
2015B5PS0542H,2015,415
2004B5TS0541H,2004,109
2010B1TS0385P,2010,291
2012A1TS0496P,2012,334
2021B1PS0570P,2021,612
2019B1TS0340H,2019,534
2022B4PS0842H,2022,675
2024A8PS0787H,2024,774
2022B2TS0675P,2022,672
2011A7TS0271G,2011,306
2013A8PS0498P,2013,352
2012A7PS0043H,2012,343
2022B3PS0374H,2022,690
2005A8TS0161G,2005,147
2021AAPS0377P,2021,613
2020A4TS0699P,2020,594
2020B1PS0016P,2020,576
2020B2TS0599G,2020,594
2013A4TS0926H,2013,370
2004B2PS0513H,2004,102
2005A4TS0387H,2005,147
2007A4PS0769P,2007,195
2006A3PS0493G,2006,171
2005A8TS0190G,2005,139
2006B5TS0433P,2006,171
2011AAPS0124G,2011,315
2010A1TS0260P,2010,283
2014AATS0451G,2014,391
2014A7PS0292H,2014,381
2006B1TS0296G,2006,167
2021B4PS0029G,2021,612
2009B4PS0974G,2009,257
2023A1TS0969P,2023,723
2020A8TS0265G,2020,578
2015A7TS0030G,2015,405
2013A8TS0505G,2013,373
2007B2PS0014P,2007,199
2010A1TS0660G,2010,278
2019A3TS0904G,2019,525
2007A1PS0479G,2007,185
2019B3TS0454H,2019,535
2011A1TS0281P,2011,313
2020B3PS0498G,2020,572
2011AATS0960P,2011,312
2020A1PS0943P,2020,558
2008B4TS0798P,2008,227
2004A7TS0332H,2004,122
2008B1TS0766H,2008,231
2015A4TS0506H,2015,405
2023A4PS0652G,2023,735
2004B4PS0559P,2004,108
2009A7TS0166H,2009,274
2010B1TS0961P,2010,276
2010B3TS0303P,2010,277
2014A3PS0290H,2014,392
2015B3PS0705H,2015,406
2021A7PS0595P,2021,610
2020A7PS0638H,2020,591
2023AATS0454H,2023,743
2004A3TS0353H,2004,116
2018B3TS0465P,2018,484
2007B4TS0385G,2007,193
2011B4TS0170H,2011,315
2020B5PS0677P,2020,595
2004A8PS0062H,2004,121
2015A8PS0179P,2015,400
2004A8PS0130G,2004,116
2006A7TS0354G,2006,152
2008B4TS0325H,2008,245
2006A7PS0838G,2006,152
2007B1PS0503P,2007,183
2012A4PS0795H,2012,333
2024A1TS0746P,2024,846
2023A3TS0987P,2023,702
2009A4TS0875P,2009,273
2010B1TS0549H,2010,283
2005A8PS0317H,2005,138
2019A7PS0335G,2019,504
2014B5TS0584H,2014,398
2020A3PS0287P,2020,599
2018B3PS0613G,2018,489
2020B3TS0147P,2020,573
2009A7TS0862G,2009,250
2023A4PS0596G,2023,735
2022B3TS0258G,2022,688
2007A3PS0400P,2007,176
2006B2PS0479G,2006,158
2022B2PS0460P,2022,685
2011B5PS0522G,2011,323
2018B3PS0843G,2018,495
2022B2PS0702G,2022,670
2021A8PS0789H,2021,613
2012A4TS0121P,2012,340
2018B1PS0033H,2018,489
2014AAPS0461H,2014,378
2014B3PS0168G,2014,375
2017B3TS0167G,2017,465
2017A7PS0095G,2017,458
2020B4PS0315H,2020,571
2009A1TS0075P,2009,269
2016B4PS0704H,2016,438
2012B1PS0140P,2012,343
2008A4TS0435H,2008,230
2004B1TS0424G,2004,116
2005B5PS0428P,2005,138
2019A8TS0301G,2019,545
2010A7PS0231P,2010,281
2017AAPS0980P,2017,454
2017B3PS0794G,2017,450
2021B1TS0916P,2021,621
2022A7TS0217G,2022,679
2015B2PS0480P,2015,411
2009B1TS0319P,2009,263
2021B1TS0618P,2021,646
2016AATS0131G,2016,428
2008A3TS0766G,2008,238
2024B4TS0803G,2024,829
2009A7TS0298H,2009,273
2017AATS0926G,2017,453
2007A3PS0688P,2007,195
2010AAPS0506P,2010,288
2021A1PS0076P,2021,617
2024B3PS0445G,2024,750
2004A7TS0643P,2004,119
2017B2PS0869P,2017,450
2013A1TS0506P,2013,367
2008A7TS0964P,2008,233
2021B3TS0473P,2021,614
2015B1TS0111G,2015,405
2021AAPS0042G,2021,613
2016B4PS0075G,2016,436
2014A8PS0765H,2014,394
2012B2TS0577H,2012,329
2012B5PS0148H,2012,341
2017AATS0529P,2017,470
2018B3TS0277G,2018,490
2016A7PS0706H,2016,436
2011A4PS0436G,2011,302
2008B5TS0943P,2008,225
2014A8TS0900G,2014,398
2006B2PS0148P,2006,160
2011B2PS0742P,2011,315
2024A1PS0722H,2024,836
2020A8PS0310P,2020,588
2023B5TS0945G,2023,735
2007A1PS0600H,2007,192
2009B5PS0173G,2009,264
2008B4PS0528H,2008,229
2011B4TS0094G,2011,318
2014B3TS0582H,2014,397
2016AAPS0442P,2016,441
2015A7TS0984G,2015,412
2008B2PS0601G,2008,238
2017A4PS0880H,2017,452
2021A3PS0096G,2021,639
2014A8TS0942H,2014,393
2006B2PS0219G,2006,154
2021B4TS0184H,2021,630
2011A8PS0934P,2011,321
2017A4TS0903P,2017,464
2015B3PS0362H,2015,406
2015B1TS0628P,2015,413
2020A8PS0229G,2020,564
2007A1PS0239H,2007,189
2008A1PS0796P,2008,233
2014B3PS0414H,2014,385
2021A7TS0499G,2021,623
2018A8TS0479G,2018,491
2014B1TS0564G,2014,385
2019B2TS0716G,2019,542
2008A1PS0459G,2008,237
2016A3PS0086P,2016,434
2009AATS0910G,2009,251
2011B3TS0583G,2011,307
2005A3TS0166G,2005,134
2024A4TS0129G,2024,826
2023B5TS0598P,2023,726
2021B3TS0664G,2021,646
2011B4PS0633H,2011,314
2011B5TS0144G,2011,308
2021A4TS0032G,2021,630
2008B4TS0016H,2008,231
2019AAPS0971H,2019,538
2016B3PS0695G,2016,426
2019A7TS0808H,2019,540
2004A3TS0530H,2004,117
2020B1TS0104H,2020,557
2014B1PS0570P,2014,395
2010B5PS0453G,2010,296
2005A3TS0600G,2005,137
2019A4PS0576P,2019,534
2018B5TS0140P,2018,487
2004A1PS0314P,2004,124
2010B2PS0282H,2010,275
2023B5TS0932H,2023,709
2015B4PS0700G,2015,414
2009B2PS0047G,2009,252
2008B1PS0850P,2008,225
2020B2TS0257H,2020,554
2022A3TS0013G,2022,655
2018B3TS0515H,2018,496
2008A7PS0534P,2008,243
2017B4PS0171P,2017,466
2010A3TS0702P,2010,278
2006A4PS0410H,2006,153
2018A3TS0864H,2018,498
2007A3PS0658H,2007,191
2016A4PS0510G,2016,439
2006A1TS0203G,2006,155
2017A8TS0983P,2017,454
2010A1TS0150P,2010,283
2015B4TS0964H,2015,406
2021A1TS0686P,2021,632
2010B3TS0749P,2010,283
2018A8PS0881H,2018,497
2022B5TS0724G,2022,671
2010A3PS0082P,2010,281
2019B4PS0267P,2019,515
2012A1TS0089G,2012,343
2011A1PS0597G,2011,308
2012A8TS0796P,2012,333
2004A4TS0602H,2004,112
2015B1TS0359H,2015,402
2018A3PS0625G,2018,493
2023A3PS0918P,2023,702
2021A4PS0084H,2021,627
2013B2PS0277H,2013,370
2021AATS0261G,2021,635
2018B2PS0912H,2018,493
2012A3PS0093G,2012,346
2024A1TS0952P,2024,777
2004A8TS0112H,2004,110
2023A7TS0605H,2023,748
2017A7PS0430H,2017,473
2015A7PS0613P,2015,417
2006A8PS0089P,2006,157
2016B3PS0495H,2016,427
2014A1TS0782G,2014,378
2005A3TS0484P,2005,142
2013A7TS0179G,2013,365
2020A1PS0075P,2020,597
2016B3PS0404G,2016,442
2014A3TS0237G,2014,381
2020B5PS0358G,2020,551
2021B5TS0294G,2021,628
2011A3TS0437G,2011,300
2015B1PS0120G,2015,412
2021A4TS0893G,2021,613
2018B2PS0929P,2018,475
2009A1PS0101P,2009,274
2013B3PS0155P,2013,353
2019AAPS0551G,2019,537
2011B1PS0449G,2011,305
2021B2TS0108G,2021,614
2013B5TS0588H,2013,369
2009B3TS0648H,2009,267
2019B3TS0095P,2019,537
2007A1TS0102G,2007,194
2006B5TS0169P,2006,165
2018B5TS0187H,2018,477
2004A8PS0012G,2004,111
2023A7PS0902G,2023,717
2020AAPS0101P,2020,587
2016A4PS0629P,2016,446
2024B3PS0172P,2024,799
2004A7TS0773P,2004,104
2014B2PS0585P,2014,380
2021A7TS0015G,2021,622
2023A4TS0287P,2023,747
2010B3PS0512P,2010,278
2021B1TS0016G,2021,637
2007B2PS0839H,2007,193
2011A7PS0541H,2011,307
2007B1PS0258P,2007,179
2022A1TS0599P,2022,697
2015A7PS0818G,2015,415
2007B2PS0860P,2007,180
2007B2TS0316H,2007,180
2024B3PS0691G,2024,840
2014A8TS0217G,2014,384
2006A7TS0010P,2006,165
2006A3TS0771G,2006,168
2006A8PS0488P,2006,159
2020B5TS0062P,2020,568
2015B2TS0309H,2015,403
2006B5PS0512G,2006,156
2023A8PS0156H,2023,732
2023B2TS0588P,2023,720
2013A1PS0638H,2013,350
2007A1TS0097H,2007,179
2015A7PS0646P,2015,405
2009B5TS0975G,2009,257
2021A8TS0745P,2021,615
2020A4TS0241P,2020,579
2023B1TS0370H,2023,735
2017A1TS0557G,2017,469
2008A4PS0845H,2008,230
2016B1TS0404H,2016,441
2023B2PS0914P,2023,731
2017AATS0178P,2017,454
2016A4TS0188G,2016,435
2016B2TS0756G,2016,426
2024B3TS0715H,2024,751
2015B5PS0669H,2015,400
2010A7PS0519P,2010,284
2015B2PS0466G,2015,408
2010B1TS0422H,2010,275
2024A7TS0773H,2024,790
2011A1TS0757G,2011,309
2010A4TS0883P,2010,297
2020B4PS0382G,2020,577
2006A8TS0667G,2006,151
2018B4TS0294H,2018,495
2021B2TS0984G,2021,629
2020A8TS0962H,2020,572
2021B2PS0258G,2021,627
2019A3TS0289P,2019,500
2010B1TS0764H,2010,289
2015A7PS0142P,2015,401
2013A3PS0426P,2013,351
2023B2PS0952H,2023,735
2008B1TS0449P,2008,232
2012A3PS0446G,2012,337
2024A4PS0752G,2024,829
2018B2TS0744H,2018,488
2019B2TS0077G,2019,504
2021A4TS0990P,2021,638
2008AATS0420P,2008,233
2017A4TS0149H,2017,471
2016B1PS0905H,2016,433
2006A3PS0331G,2006,159
2013B3TS0754H,2013,372
2024A1PS0476G,2024,802
2014B4TS0957H,2014,389
2007A1PS0016G,2007,176
2020B3TS0588G,2020,550
2009B2TS0825P,2009,265
2007A4PS0477P,2007,184
2014B5PS0122P,2014,387
2019A7PS0101H,2019,502
2008B3PS0601H,2008,240
2011A4PS0827P,2011,316
2015B4PS0199P,2015,422
2009A1TS0014H,2009,256
2018A4TS0226P,2018,497
2005A4TS0058P,2005,136
2004B5TS0135G,2004,119
2006B5TS0414P,2006,169
2013B1PS0480H,2013,366
2015A1PS0763P,2015,407
2005B5PS0101G,2005,141
2006B2PS0709P,2006,159
2011AAPS0917P,2011,302
2007B3PS0556P,2007,175
2007A4TS0916P,2007,178
2016B4TS0637G,2016,433
2004A8TS0186P,2004,107
2022A3TS0781H,2022,694
2014B4TS0076H,2014,386
2015B5TS0358P,2015,413
2023B4TS0815G,2023,718
2009B1PS0095H,2009,266
2016AAPS0347G,2016,433
2018B3TS0479P,2018,476
2023B2TS0346G,2023,722
2014A1TS0846P,2014,392
2023B2TS0357G,2023,731
2006AATS0902P,2006,159
2010B3PS0339G,2010,297
2007A1TS0213H,2007,197
2004A1PS0792H,2004,124
2022A7TS0368G,2022,655
2018B3TS0698G,2018,479
2021B3PS0292H,2021,617
2018AATS0687P,2018,492
2016A3PS0618G,2016,445
2007A3TS0042H,2007,196
2016B3PS0192H,2016,443
2005A8PS0287G,2005,142
2022B2TS0062P,2022,693
2024A8PS0594G,2024,810
2021A4PS0444H,2021,614
2018A1PS0814G,2018,492
2011B1TS0634H,2011,318
2010A3PS0781G,2010,286
2011B1PS0478P,2011,313
2022B2TS0023P,2022,692
2019A8TS0418P,2019,533
2007A7PS0796G,2007,178
2004B4PS0365H,2004,101
2004B1PS0934G,2004,123
2020AATS0087P,2020,598
2017B4TS0514G,2017,466
2014A1TS0696G,2014,377
2023B1PS0703G,2023,739
2006B3PS0014H,2006,154
2019A8PS0471P,2019,507
2004B3TS0088G,2004,108
2009B3PS0911G,2009,267
2019A3TS0544P,2019,519
2019A7PS0320G,2019,545
2006A3TS0757G,2006,153
2013B1PS0238H,2013,371
2013B3PS0074P,2013,365
2007B4PS0924G,2007,192
2007A4TS0807H,2007,191
2015A3PS0252H,2015,405
2013B5TS0524G,2013,362
2016B2TS0490P,2016,425
2020A4PS0243P,2020,586
2008B2TS0306H,2008,238
2021AAPS0354P,2021,626
2010B3PS0435P,2010,280
2017AAPS0575P,2017,474
2013A8PS0453G,2013,363
2005A3PS0719H,2005,136
2020A7PS0030H,2020,599
2007A1PS0331H,2007,193
2015A4PS0505P,2015,414
2024A3PS0356H,2024,824
2012B5TS0045P,2012,340
2020A4TS0969H,2020,567
2019A4TS0238H,2019,548
2021B3TS0543G,2021,606
2004B4TS0163G,2004,104
2021B1PS0020H,2021,643
2006A7PS0245G,2006,165
2004B2TS0494G,2004,100
2022B2TS0482P,2022,693
2024B5TS0084G,2024,783
2010B2TS0741H,2010,286
2005B4PS0313G,2005,145
2007B1PS0134H,2007,177
2004A3PS0147H,2004,119
2022A7TS0262G,2022,669
2011B5TS0012H,2011,312
2021B3TS0758P,2021,648
2004A1PS0811P,2004,120
2014B5PS0157H,2014,397
2018B5PS0284G,2018,479
2004A4TS0310P,2004,100
2016A7PS0551G,2016,428
2011B5PS0123G,2011,314
2015B5PS0027H,2015,403
2005A3TS0029P,2005,133
2018B5PS0596H,2018,477
2020B5PS0739P,2020,551
2023B1PS0892P,2023,712
2009A4TS0272P,2009,263
2006A1PS0807H,2006,154
2015B5TS0916P,2015,415
2021B2PS0421H,2021,649
2016AAPS0992G,2016,431
2021B3TS0573H,2021,648
2010A3PS0176P,2010,292
2014A8TS0872H,2014,385
2005B3TS0375H,2005,138
2007B5PS0607P,2007,189
2022AATS0959H,2022,658
2015B5TS0743H,2015,415
2009A7PS0124H,2009,261
2016A1PS0526G,2016,442
2008B4PS0838P,2008,240
2006A7PS0830P,2006,171
2023B2TS0566P,2023,715
2021A8PS0745P,2021,632
2019B3TS0419H,2019,503
2020AAPS0101G,2020,553
2009B1TS0727G,2009,262
2004A4TS0479G,2004,116
2008B5PS0409P,2008,241
2022A1TS0172G,2022,676
2022B5PS0356H,2022,662
2019B2PS0466P,2019,535
2018A8TS0596P,2018,484
2016B2PS0914P,2016,425
2024A7PS0692H,2024,762
2010A4TS0384H,2010,285
2016A8PS0543G,2016,431
2017A4PS0445G,2017,464
2019A1PS0402G,2019,508
2023AAPS0262P,2023,714
2024A1TS0066H,2024,805
2004AAPS0535P,2004,112
2005AATS0484P,2005,140
2013B2TS0202P,2013,368
2018A3PS0056G,2018,481
2009AATS0043H,2009,256
2019A3PS0493G,2019,539
2013A1TS0626G,2013,350
2015AATS0421G,2015,421
2015A1PS0381G,2015,407
2004B4PS0264P,2004,112
2008A4TS0883H,2008,238
2005A1TS0283G,2005,145
2013B3TS0190G,2013,350
2024A4TS0984P,2024,800
2022B5PS0067P,2022,663
2006A1PS0024G,2006,154
2013A4TS0316G,2013,373
2018B2TS0846G,2018,487
2010B4TS0213P,2010,283
2022A4PS0513G,2022,695
2011A4TS0575G,2011,307
2024AAPS0232G,2024,778
2024B4PS0707P,2024,764
2014B1TS0264P,2014,395
2023B2TS0194P,2023,712
2013B5TS0009H,2013,361
2022A8PS0246H,2022,655
2023B2TS0047H,2023,749
2006B4TS0556G,2006,174
2024B1TS0194P,2024,799
2023B5TS0106P,2023,732
2012A1PS0897H,2012,346
2016A7PS0214G,2016,448
2014B4TS0435P,2014,389
2005B5PS0602P,2005,131
2022A7TS0470P,2022,662
2009A3PS0273H,2009,265
2017A8PS0593G,2017,453
2016AATS0237P,2016,435
2012B4TS0510G,2012,336
2017A7TS0629P,2017,470
2007B5PS0800G,2007,179
2020B4TS0952H,2020,593
2012A8TS0404G,2012,328
2012B5PS0066G,2012,332
2011A4TS0221H,2011,307
2024B2PS0868G,2024,775
2012B4TS0619P,2012,326
2024B5PS0081G,2024,848
2006A3TS0221P,2006,155
2020AAPS0196G,2020,598
2014B5PS0911G,2014,387
2007B4PS0519H,2007,198
2015B1PS0296H,2015,411
2010A1PS0478G,2010,279
2023B4TS0195G,2023,704
2012B4PS0902H,2012,332
2004AAPS0890H,2004,121
2008A8PS0124G,2008,226
2015B2PS0339G,2015,405
2005A1TS0810P,2005,130
2004A3PS0903P,2004,117
2017B3TS0451P,2017,465
2006AATS0370G,2006,165
2024A7PS0558H,2024,765
2013B5PS0865G,2013,363
2022A1PS0048G,2022,664
2023AATS0166G,2023,733
2019A4PS0242G,2019,514
2004A4PS0804P,2004,112
2009A7TS0702P,2009,260
2013AATS0888H,2013,359
2013B1PS0392G,2013,370
2021A3TS0795G,2021,615
2006B1TS0069P,2006,159
2019A8TS0943G,2019,535
2024A7TS0082G,2024,786
2013A8PS0166H,2013,355
2019B3PS0224G,2019,500
2015B3TS0987G,2015,406
2019AAPS0787H,2019,533
2017B5TS0797H,2017,451
2004A3TS0039H,2004,104
2023B4TS0271H,2023,725
2009B5PS0464H,2009,258
2006AATS0097G,2006,164
2016A1PS0399H,2016,431
2017A7PS0459G,2017,455
2009B5TS0022P,2009,267
2022B1TS0430G,2022,680
2008B4PS0993G,2008,242
2015A8PS0581H,2015,420
2015A3TS0717H,2015,406
2005A7PS0708H,2005,142
2021A1PS0943H,2021,642
2009B2TS0775H,2009,259
2016B1PS0027H,2016,431
2006B1PS0782P,2006,154
2016B2PS0574G,2016,433
2007A1TS0935G,2007,176
2004B4TS0044H,2004,121
2011A1PS0907H,2011,319
2010A3TS0038G,2010,296
2013B5TS0444H,2013,372
2022A1TS0373G,2022,681
2010A1PS0944G,2010,284
2018AATS0501P,2018,481
2008B4TS0092G,2008,234
2010B5TS0206H,2010,296
2015B1PS0215P,2015,401
2006A3PS0647P,2006,152
2018A4PS0025H,2018,484
2019B5TS0164P,2019,534
2024AAPS0932G,2024,782
2005B1PS0012H,2005,132
2023A4TS0832H,2023,711
2011A7TS0424G,2011,302
2016A1PS0856P,2016,433
2010B3PS0331H,2010,296
2022A7PS0730G,2022,652
2012A7PS0589P,2012,345
2009A7TS0936P,2009,259
2005A3TS0944P,2005,142
2023B3TS0882P,2023,748
2018AATS0114H,2018,486
2017B2PS0153P,2017,460
2011A3PS0691G,2011,323
2018B2PS0742H,2018,478
2020A4TS0823G,2020,554
2004A7TS0903P,2004,107
2008A3PS0375H,2008,249
2008B1TS0923G,2008,228
2015B3PS0864P,2015,424
2013A1TS0775H,2013,369
2022B1PS0250G,2022,690
2013B3TS0729G,2013,351
2014B3TS0998G,2014,387
2020A3TS0180H,2020,588
2018B4PS0408H,2018,499
2011B5PS0208G,2011,311
2004A7PS0113P,2004,106
2012B2TS0866H,2012,341
2009B1PS0729H,2009,252
2020A8TS0499P,2020,570
2004B3PS0387P,2004,118
2017A8PS0711H,2017,470
2005A1TS0731H,2005,125
2021AATS0542G,2021,610
2020AAPS0733P,2020,586
2019A4TS0750G,2019,525
2011B5PS0465H,2011,322
2004B1PS0132H,2004,110
2019A8TS0785G,2019,501
2011A7TS0660H,2011,300
2006A7TS0578G,2006,153
2013B3PS0183P,2013,351
2013A8PS0643P,2013,352
2011A7TS0618P,2011,318
2021A1PS0941H,2021,630
2016B1PS0553P,2016,447
2024A1PS0866H,2024,830
2012A8PS0691G,2012,338
2010A4PS0859H,2010,276
2013B4PS0642P,2013,363
2023A1TS0630P,2023,726
2019A7PS0252P,2019,528
2019B4TS0445G,2019,525
2007AATS0563H,2007,186
2012A8TS0973H,2012,332
2008B5TS0514P,2008,241
2008B3TS0205G,2008,239
2022AAPS0704H,2022,653
2016B2TS0142P,2016,431
2017A7PS0319H,2017,450
2010B3TS0820G,2010,276
2023A8TS0897H,2023,742
2024A8PS0164P,2024,751
2008A1PS0546G,2008,236
2004AAPS0955G,2004,117
2006A4TS0803P,2006,170
2024A8TS0321H,2024,827
2021A1PS0662G,2021,630
2017B2TS0405H,2017,457
2012A7TS0146H,2012,333
2008AATS0453G,2008,226
2017A7TS0264G,2017,454
2013B3TS0931P,2013,357
2004A3PS0415P,2004,123
2019AAPS0752P,2019,509
2022B2TS0051P,2022,688
2018A3PS0318P,2018,487
2021A8PS0744P,2021,601
2010A8TS0145G,2010,277
2020AATS0514G,2020,581
2018A1TS0507G,2018,498
2024A8PS0278G,2024,828
2005B4PS0964P,2005,136
2021B4PS0757H,2021,625
2011A4TS0047P,2011,319
2021A4PS0067H,2021,638
2014B4TS0766G,2014,386
2021B1TS0394H,2021,609
2021A4TS0519H,2021,626
2018AAPS0798P,2018,484
2012A8PS0102H,2012,348
2016B1PS0475G,2016,432
2014B5TS0269P,2014,393
2006B1PS0339G,2006,167
2018A1TS0255G,2018,480
2016AAPS0054G,2016,444
2005A8PS0667G,2005,138
2011AATS0638G,2011,316
2013AATS0508G,2013,356
2023A3PS0193H,2023,721
2004B2PS0278H,2004,106
2008AATS0064H,2008,225
2011A7TS0335H,2011,307
2015A7TS0390G,2015,415
2024A7TS0314H,2024,775
2005A3PS0534H,2005,129
2014A1PS0616H,2014,384
2019A4TS0118G,2019,547
2018B3PS0622P,2018,478
2017A4PS0830P,2017,474
2008B3PS0396G,2008,239
2016AAPS0810P,2016,442
2015A1PS0770P,2015,404
2020A7PS0020P,2020,568
2009A3PS0863P,2009,255
2012B1PS0159H,2012,343
2005B5PS0184H,2005,142
2022B4TS0229G,2022,696
2023B4TS0165H,2023,740
2021AATS0825H,2021,607
2010A3TS0711G,2010,298
2012B4TS0797P,2012,349
2023B3TS0943H,2023,747
2007A8TS0418H,2007,182
2012B4PS0501G,2012,325
2009A1PS0857P,2009,256
2014B3TS0867G,2014,380
2009AAPS0501G,2009,274
2005A1TS0472H,2005,139
2005B3PS0569H,2005,145
2024B1TS0658G,2024,846
2023A4TS0972H,2023,704
2017B4PS0103H,2017,471
2016AAPS0699G,2016,438
2016AAPS0594H,2016,435
2013B2TS0574P,2013,366
2017A7PS0667H,2017,470
2009A1TS0532G,2009,251
2018B3TS0656H,2018,477
2021A3PS0530G,2021,624
2024A4TS0076H,2024,765
2017B2TS0338G,2017,468
2009B4PS0193P,2009,269
2010AATS0964P,2010,279
2017A3PS0781G,2017,471
2014B4TS0054G,2014,378
2014B1TS0059H,2014,394
2020B4TS0937H,2020,553
2024B3TS0931P,2024,760
2024A4PS0099P,2024,806
2004A8PS0917H,2004,114
2023A4TS0851H,2023,747
2018B1PS0397G,2018,485
2013B4TS0985G,2013,350
2014B1TS0565P,2014,389
2009A1TS0136P,2009,268
2010B2TS0265P,2010,283
2024A1TS0004H,2024,758
2019B1PS0145P,2019,523
2023A8TS0401H,2023,733
2021A7TS0401P,2021,624
2017A4TS0780G,2017,474
2005A7TS0724G,2005,125
2018B2PS0265H,2018,484
2006A7TS0308H,2006,161
2019A8PS0151G,2019,547
2018A7PS0057H,2018,496
2005A3PS0937P,2005,143
2021B5TS0090H,2021,644
2018A4PS0748H,2018,482
2024B1PS0939G,2024,829
2009B3TS0480P,2009,263
2015A8TS0839P,2015,406
2007A3PS0966P,2007,190
2021B3TS0334P,2021,647
2007B1PS0628H,2007,179
2009A8PS0276G,2009,270
2005B5TS0450P,2005,134
2011B5PS0982P,2011,324
2010A1TS0631H,2010,283
2020B2PS0397G,2020,586
2018AAPS0637H,2018,488
2012B1TS0977G,2012,341
2011B2TS0272H,2011,309
2015B2PS0686G,2015,410
2008A4PS0088G,2008,249
2008A3TS0613P,2008,234
2022B2TS0394G,2022,687
2010B5TS0021G,2010,292
2007A4TS0163G,2007,197
2008A1TS0875G,2008,233
2006B1TS0395H,2006,172
2016B1PS0424P,2016,435
2008AATS0995G,2008,232
2021A1TS0742H,2021,617
2020B4PS0123P,2020,570
2019A3TS0564P,2019,522
2014B5TS0086P,2014,382
2021B2PS0727P,2021,626
2007B2PS0970H,2007,190
2018A4TS0950P,2018,497
2008A3PS0469G,2008,232
2022B2PS0976G,2022,655
2012B5PS0244P,2012,341
2014AATS0252H,2014,379
2020B5TS0315P,2020,561
2023A3PS0494G,2023,719
2006B5TS0440H,2006,155
2024B3PS0555H,2024,796
2004A8TS0354G,2004,117
2019B5TS0279P,2019,549
2022A7PS0586P,2022,671
2004B5TS0673H,2004,110
2011B4PS0062P,2011,314
2012B1PS0613H,2012,343
2019B5TS0402P,2019,524
2007B1TS0858H,2007,184
2005B5TS0843G,2005,148
2013B2PS0876G,2013,362
2017AATS0626G,2017,462
2007A8PS0435H,2007,192
2009B1TS0709G,2009,270
2022A7PS0546H,2022,663
2021B2PS0849P,2021,629
2009A4PS0699P,2009,257
2007A3TS0514H,2007,179
2021B5TS0098G,2021,641
2006AATS0398G,2006,171
2006B1PS0838H,2006,157
2009A4PS0649G,2009,257
2017B5TS0033P,2017,452
2018AATS0944P,2018,485
2007B5TS0654P,2007,196
2012A8PS0654G,2012,331
2004B1TS0527G,2004,119
2018A3PS0496P,2018,490
2023B3TS0349H,2023,703
2016A4TS0073G,2016,434
2024A3PS0615P,2024,801
2009A7PS0627P,2009,251
2016B4PS0440P,2016,440
2004A8TS0394H,2004,122
2024A1PS0767G,2024,761
2010B3TS0837G,2010,297
2018AAPS0645G,2018,495
2004B2TS0978P,2004,113
2012B2PS0178H,2012,336
2013B3TS0199P,2013,370
2012B4PS0289H,2012,348
2008B3TS0043G,2008,245
2022AATS0213H,2022,693
2016A1PS0525H,2016,449
2023A4PS0366H,2023,745
2022B3TS0023G,2022,682
2012A3PS0608H,2012,330
2017B1PS0860P,2017,472
2018A1TS0368P,2018,486
2010A7TS0218P,2010,299
2024B3TS0737G,2024,795
2012AAPS0367P,2012,342
2008B3PS0820G,2008,225
2009A3PS0317G,2009,266
2012B2TS0622H,2012,335
2016B2PS0668G,2016,439
2024B4TS0796G,2024,829
2024A1TS0532G,2024,772
2019B1PS0836G,2019,530
2020B5PS0595G,2020,595
2016B5TS0106P,2016,439
2024A8PS0149P,2024,767
2009B2TS0712G,2009,274
2004A1PS0323P,2004,117
2023A7PS0358P,2023,738
2015A8PS0597G,2015,415
2005A8PS0807P,2005,139
2017A7TS0959P,2017,457
2004A3PS0381P,2004,112
2021B1TS0982G,2021,629
2012A1PS0387G,2012,328
2009B4TS0613G,2009,250
2008A7PS0846H,2008,230
2004A8PS0121G,2004,110
2022B5TS0385G,2022,659
2019A1TS0205G,2019,503
2015B4TS0075H,2015,406
2010B3TS0386H,2010,279
2018AAPS0128H,2018,476
2015B3PS0448G,2015,400
2008A8TS0232P,2008,228
2004B1TS0732H,2004,121
2012A7TS0998P,2012,349
2015A8TS0864H,2015,415
2012A7PS0253G,2012,326
2020A8TS0645P,2020,588
2008B1PS0325P,2008,232
2023A1PS0087P,2023,710
2017A1PS0329G,2017,454
2024A4TS0920H,2024,771
2008B1PS0874G,2008,230
2015B5PS0626P,2015,424
2014B3TS0238P,2014,388
2019A1PS0020H,2019,500
2019A7TS0390H,2019,500
2018AAPS0288H,2018,497
2023B2PS0141P,2023,742
2019AAPS0390H,2019,506
2008A4TS0972P,2008,246
2024B2TS0134H,2024,760
2004B5TS0062P,2004,108
2017A7PS0846H,2017,456
2008AAPS0391H,2008,247
2015AATS0872G,2015,413
2012AAPS0976P,2012,336
2014B2PS0168P,2014,383
2011A4PS0858H,2011,307
2009B4TS0083H,2009,256
2014A4TS0898H,2014,392
2013A4PS0566H,2013,361
2004A1PS0022P,2004,117
2020A3PS0405G,2020,569
2022B5TS0557H,2022,652
2017A7TS0617H,2017,460
2013A8PS0821H,2013,363
2012A7PS0472P,2012,340
2009A3PS0643H,2009,253
2011A8TS0281G,2011,314
2021B1PS0669H,2021,638
2022B3TS0721G,2022,668
2014B4PS0435G,2014,393
2010B4TS0228H,2010,280
2012B4TS0296P,2012,330
2015B1PS0271H,2015,424
2008B5PS0876P,2008,242
2014A4PS0424P,2014,399
2009A3TS0366P,2009,264
2018B5PS0072H,2018,481
2010A3PS0580H,2010,289
2019B1TS0638H,2019,545
2012A4PS0571P,2012,328
2005B1PS0837P,2005,139
2015B3PS0377G,2015,407
2014AATS0651G,2014,390
2013A7TS0869G,2013,361
2005A3PS0645P,2005,130
2010A3TS0531H,2010,294
2006A8PS0680P,2006,161
2024B3TS0732P,2024,819
2005B4PS0041P,2005,139
2005A4PS0775H,2005,132
2010B1PS0119P,2010,288
2018B1PS0734P,2018,483
2020B1TS0205P,2020,571
2011B4PS0876H,2011,322
2018B1TS0652G,2018,490
2019B1PS0015P,2019,513
2007A7TS0090P,2007,189
2017AAPS0468P,2017,471
2008B4TS0868P,2008,241
2008B2TS0406P,2008,241
2022A7PS0394P,2022,699
2023A4PS0293H,2023,739
2024B3TS0929G,2024,787
2008A4PS0367P,2008,237
2022B1PS0975H,2022,680
2004B3PS0932H,2004,113
2019A3PS0711G,2019,506
2021A3TS0867G,2021,640
2014AATS0208G,2014,399
2012A1TS0195G,2012,333
2022A8TS0648P,2022,689
2016B1TS0169G,2016,436
2011A8PS0197P,2011,320
2016A8TS0762G,2016,440
2006AAPS0263H,2006,165
2006B5PS0697G,2006,170
2009B3PS0792G,2009,256
2017A3TS0262P,2017,450
2006B2TS0847G,2006,151
2016A3PS0724P,2016,446
2010A1TS0022P,2010,286
2021B4TS0479P,2021,639
2009B4PS0997G,2009,250
2017B3PS0885H,2017,470
2016A8TS0854P,2016,432
2017A1TS0944H,2017,461
2015B1PS0002G,2015,416
2012B5TS0468H,2012,337
2021A8PS0124G,2021,629
2006B3TS0416G,2006,167
2019A7TS0742G,2019,536
2009A7PS0029G,2009,268
2018B3PS0140P,2018,485
2015A3TS0753H,2015,424
2021B2TS0137H,2021,605
2011A4PS0514G,2011,322
2005A1PS0268H,2005,149
2018AAPS0494H,2018,497
2022A4TS0406P,2022,655
2005A1PS0832H,2005,130
2009B4PS0340P,2009,261
2007B5PS0785H,2007,190
2006B3PS0207H,2006,172
2012A1TS0546P,2012,341
2014A1TS0114P,2014,383
2024B1PS0763G,2024,827
2022A1PS0489P,2022,676
2011B5TS0191H,2011,316
2010A1PS0657G,2010,295
2009B3PS0931G,2009,267
2019B2PS0464G,2019,536
2015A1PS0382H,2015,421
2023B2TS0066H,2023,738
2012B5PS0425P,2012,342
2015B1TS0272H,2015,406
2011B1PS0103P,2011,323
2005AATS0083H,2005,139
2013B5PS0415P,2013,351
2007B5TS0683P,2007,181
2010B2PS0107P,2010,298
2023A4PS0776G,2023,748
2017B4PS0062P,2017,468
2020A7PS0719H,2020,577
2011A3PS0011P,2011,322
2021B4TS0493P,2021,644
2022A3TS0863P,2022,690
2017A7PS0063P,2017,472
2009AAPS0692P,2009,255
2024B1TS0040P,2024,818
2021B4TS0191H,2021,644
2013AATS0529H,2013,365
2021A7PS0190G,2021,635
2020A4PS0137H,2020,579
2010B1PS0515H,2010,277
2016A1PS0020P,2016,436
2004B2PS0343P,2004,112
2022A8TS0739G,2022,680
2011A7TS0434G,2011,310
2017B1PS0088P,2017,466
2010B1TS0190H,2010,297
2020A3TS0816P,2020,578
2015A4TS0116P,2015,412
2011A8TS0498G,2011,305
2012A1PS0478G,2012,329
2014A4TS0724G,2014,385
2011A3TS0343G,2011,317
2008A3TS0600P,2008,225
2022AAPS0508H,2022,688
2005A8PS0630P,2005,135
2017A8TS0333P,2017,474
2019A8PS0140G,2019,513
2018A1TS0570P,2018,481
2020B5PS0364H,2020,552
2008A3TS0386G,2008,241
2012AAPS0781G,2012,346
2008A1PS0763P,2008,234
2004B1TS0928P,2004,107
2011A1TS0976G,2011,316
2011AATS0475H,2011,316
2010B3TS0183H,2010,290
2017B1PS0462P,2017,467
2015AATS0431H,2015,410
2020A4TS0756P,2020,567
2009B4TS0342H,2009,267
2012A7TS0137H,2012,331
2015B2PS0273G,2015,420
2011B5PS0751P,2011,310
2006B4PS0172P,2006,151
2024B5PS0918P,2024,752
2016A3PS0416P,2016,438
2012A1PS0677G,2012,327
2008AATS0013P,2008,249
2024B1TS0245G,2024,761
2023B3PS0444G,2023,702
2008A8TS0686G,2008,240
2006A3TS0092P,2006,153
2014A3PS0124G,2014,391
2010B5TS0645P,2010,291
2013B2PS0083G,2013,354
2007B1PS0711G,2007,183
2009A8TS0002P,2009,250
2005AATS0401G,2005,133
2005A3TS0430G,2005,129
2008A8TS0297P,2008,235
2021A3TS0627H,2021,645
2022AATS0580P,2022,689
2024AATS0556H,2024,770
2018A4TS0003G,2018,495
2012B5PS0771G,2012,346
2020A7PS0090P,2020,557
2022AATS0413P,2022,696
2016A1PS0711P,2016,434
2013B2TS0112P,2013,352
2004A3PS0235H,2004,119
2018A3TS0454P,2018,484
2019A4PS0998H,2019,512
2012A7TS0943P,2012,341
2011B3PS0950H,2011,317
2007A3TS0308H,2007,181
2008A1TS0859G,2008,244
2004A3PS0788G,2004,116
2023A3TS0182G,2023,714
2015B5PS0022P,2015,411
2012B5PS0980P,2012,328
2020B2TS0317G,2020,576
2007B4TS0402G,2007,179
2020A4TS0855G,2020,592
2019A7PS0566P,2019,549
2021B4TS0535G,2021,633
2012B2TS0100H,2012,333
2011B5TS0449P,2011,319
2011A7TS0015G,2011,314
2018AAPS0470H,2018,490
2013A3TS0347P,2013,371
2007A3PS0077H,2007,191
2005B4PS0756H,2005,130
2021B4TS0028H,2021,621
2020B5PS0566P,2020,554
2006B2PS0914G,2006,163
2007A1PS0707G,2007,196
2009B4TS0330G,2009,259
2022A4TS0703H,2022,692
2020B1TS0380P,2020,558
2011B3PS0653H,2011,308
2020B5PS0167P,2020,562
2010A1TS0570H,2010,289
2012B3PS0967P,2012,345
2018B4TS0263G,2018,487
2017A4PS0231G,2017,461
2009AAPS0641G,2009,259
2008B1TS0595H,2008,249
2024B4TS0655P,2024,789
2016AAPS0218H,2016,430
2016A7TS0988P,2016,446
2023B5TS0191H,2023,744
2013AAPS0934P,2013,353
2019A3TS0440H,2019,522
2010B4TS0006G,2010,283
2018B3PS0643G,2018,477
2015B3PS0314P,2015,408
2007A7PS0973P,2007,191
2005A7PS0916H,2005,134
2024A8TS0068P,2024,821
2005A4TS0371H,2005,134
2012B1PS0116G,2012,340
2009A8TS0444H,2009,257
2018B3TS0258G,2018,485
2011B5PS0980G,2011,314
2013B3TS0214G,2013,350
2008B2PS0233P,2008,232
2023B2PS0972H,2023,739
2020AATS0071H,2020,588
2006A4PS0088G,2006,170
2012A8TS0440P,2012,325
2006B1PS0914G,2006,159
2008B5TS0022G,2008,242
2007B5TS0564P,2007,195
2008A3TS0057H,2008,232
2017B4PS0657G,2017,454
2013B3PS0429P,2013,352
2018B1TS0495G,2018,489
2019B5TS0604H,2019,546
2006B4TS0676G,2006,160
2007A7PS0499G,2007,198
2022B4TS0410P,2022,694
2014AAPS0964H,2014,386
2016B3PS0038H,2016,429
2008B5TS0759P,2008,234
2007AAPS0462G,2007,190
2017B5PS0884H,2017,463
2005A3PS0253P,2005,146
2016B3TS0770G,2016,442
2007A4TS0794H,2007,176
2016B2PS0421P,2016,434
2013A4TS0977P,2013,353
2021A1PS0344H,2021,611
2012A4TS0268P,2012,344
2018B3PS0467G,2018,492
2018B4TS0252G,2018,494
2018A8PS0229G,2018,481
2007A8PS0590G,2007,192
2015A7PS0835G,2015,410
2011B1PS0694G,2011,309
2015A4TS0593P,2015,418
2017A8PS0144G,2017,459
2015A4PS0030G,2015,420
2022A1PS0341H,2022,697
2005B4PS0089P,2005,129
2015B3PS0009H,2015,416
2019A8PS0895H,2019,520
2013A3TS0495P,2013,366
2018B3PS0101G,2018,483
2017B1PS0904G,2017,468
2017B5PS0222H,2017,457
2021B1PS0936G,2021,630
2011A3TS0667G,2011,305
2012B2PS0217G,2012,326
2021AAPS0068P,2021,627
2014B3TS0761P,2014,379
2015A1PS0775H,2015,401
2011AAPS0149H,2011,308
2020B3PS0523G,2020,587
2009B4TS0741G,2009,250
2019A4TS0199G,2019,530
2009B3TS0854P,2009,252
2014A8TS0297G,2014,383
2021A3PS0897G,2021,612
2006AATS0909P,2006,170
2022B5PS0538P,2022,663
2015A7TS0213H,2015,405
2018B1PS0161G,2018,495
2007A1TS0208H,2007,194
2019B5PS0231G,2019,538
2014A3PS0482H,2014,380
2013A8TS0642P,2013,354
2021AAPS0752G,2021,633
2013A3TS0218P,2013,359
2005AAPS0240H,2005,128
2012B4TS0216P,2012,346
2010B5PS0240H,2010,293
2011B3TS0442P,2011,306
2023B5PS0546P,2023,706
2016B5TS0351G,2016,427
2014AAPS0114H,2014,388
2006A4TS0931H,2006,162
2004B2TS0080P,2004,108
2008A1TS0241G,2008,249
2022A3PS0295G,2022,650
2016A3TS0144G,2016,444
2008A7TS0162P,2008,235
2015A4PS0384H,2015,423
2009B4TS0950H,2009,274
2018AAPS0060H,2018,485
2007AAPS0500P,2007,178
2021A7TS0774G,2021,613
2024A8PS0367P,2024,836
2012A7PS0675G,2012,328
2017A8TS0946G,2017,461
2010AATS0976G,2010,298
2024B5TS0973G,2024,834
2016B3PS0392H,2016,436
2023A4PS0586P,2023,747
2009B3TS0944G,2009,273
2018A1PS0049G,2018,497
2019A7PS0162P,2019,515
2007A7PS0684H,2007,198
2021B1TS0830H,2021,640
2008A3TS0649G,2008,229
2018B5TS0563H,2018,495
2023AATS0268H,2023,723
2021B2PS0922G,2021,616
2024B3PS0033H,2024,827
2022B1TS0053G,2022,650
2015A4PS0526G,2015,415
2018B4PS0905G,2018,490
2023B1TS0935G,2023,712
2023B2TS0916P,2023,719
2012A3PS0366H,2012,329
2022B3PS0973P,2022,674
2016B4PS0490H,2016,425
2022A3PS0950H,2022,695
2020A1TS0141H,2020,585
2023A7TS0755P,2023,720
2007B5PS0167H,2007,175
2017B2PS0276P,2017,455
2011B3TS0006G,2011,308
2004B4PS0066H,2004,112
2019A3PS0753H,2019,544
2016A8PS0479H,2016,449
2022B5PS0016H,2022,683
2014B3TS0241P,2014,389
2024B3TS0053H,2024,776
2024A7TS0618G,2024,785
2013A8TS0710G,2013,371
2016B4PS0020G,2016,436
2021A4PS0808P,2021,622
2012A7PS0963H,2012,336
2023A3TS0447G,2023,725
2008A8PS0631G,2008,238
2009A8PS0125H,2009,266
2004A7PS0534H,2004,117
2006A8PS0109G,2006,171
2012B1TS0398G,2012,337
2023A7TS0591H,2023,740
2017B5TS0588G,2017,456
2006B5PS0650H,2006,163
2022B4TS0780G,2022,677
2023A3TS0182G,2023,742
2012A7TS0389P,2012,346
2023B1TS0232P,2023,721
2005A8PS0477P,2005,142
2022A7TS0821P,2022,679
2013B3TS0687P,2013,354
2011B5PS0286P,2011,315
2006B4PS0150H,2006,157
2019B4TS0994P,2019,514
2016A7PS0151G,2016,441
2021B1TS0803H,2021,605
2011A1TS0823G,2011,300
2006A7TS0255P,2006,164
2012AATS0192H,2012,345
2023B5TS0940G,2023,721
2006A1TS0750P,2006,157
2022B3PS0916H,2022,676
2007B4PS0931G,2007,177
2012B2PS0575P,2012,337
2009A8PS0984P,2009,274
2013B3PS0291G,2013,362
2006B4TS0647H,2006,156
2023A3PS0779H,2023,739
2012A8TS0628P,2012,340
2023B3TS0561G,2023,700
2022B2PS0339P,2022,662
2012B2TS0946H,2012,328
2023B3PS0888P,2023,735
2024A3TS0124G,2024,809
2014A7TS0240G,2014,379
2004B4TS0553G,2004,114
2019B4TS0166G,2019,519
2005B3PS0702H,2005,139
2008A3TS0662H,2008,249
2022A7TS0316P,2022,691
2014B3TS0217H,2014,391
2021A7TS0307P,2021,622
2020A1TS0416H,2020,591
2017B3PS0069H,2017,469
2009A3PS0021H,2009,266
2021A4PS0678G,2021,645
2011B5PS0600G,2011,300
2008A8PS0873H,2008,231
2008A7TS0502G,2008,239
2017B5PS0679P,2017,471
2014B1PS0198H,2014,385
2011B1TS0723H,2011,300
2020B3TS0920G,2020,592
2018B1PS0702G,2018,477
2023A8PS0818H,2023,717
2018B2PS0714P,2018,481
2011B5TS0500H,2011,320
2014A1PS0985P,2014,382
2019A4PS0538G,2019,513
2014B5PS0503H,2014,380
2005B5PS0524H,2005,132
2023A8PS0682P,2023,748
2005A4TS0607H,2005,149
2015A8TS0242H,2015,400
2006A3TS0666P,2006,163
2005B2TS0166H,2005,132
2024A1TS0082P,2024,848
2021A3TS0210G,2021,615
2008B3TS0950H,2008,231
2010B1PS0259H,2010,281
2017A8PS0560H,2017,460
2004B4PS0417P,2004,113
2010B2PS0376P,2010,290
2020B2PS0905H,2020,569
2024A1PS0653P,2024,785
2009A1PS0986P,2009,258
2006AATS0415G,2006,167
2018B4PS0348H,2018,475
2024A3PS0853G,2024,796
2020B4TS0526H,2020,578
2016B3TS0963H,2016,437
2022A4PS0699H,2022,668
2017A1PS0629G,2017,466
2016AAPS0479P,2016,447
2013AATS0242P,2013,367
2007A1TS0281H,2007,193
2023AATS0729H,2023,749
2004B4PS0005H,2004,108
2009A4TS0604H,2009,273
2006B4TS0170P,2006,172
2012B5TS0870H,2012,341
2006B4TS0085G,2006,159
2015B1PS0988P,2015,400
2022B4TS0511P,2022,695
2023B2PS0459P,2023,703
2004A1TS0529P,2004,111
2023AATS0357H,2023,733
2008A7PS0097H,2008,228
2020A4TS0387P,2020,557
2015A3PS0610G,2015,406
2010B5PS0635G,2010,297
2017AAPS0757P,2017,450
2005A7PS0453H,2005,134
2014A4TS0737H,2014,383
2021A3TS0895P,2021,645
2021AAPS0631P,2021,638
2023B2PS0845P,2023,745
2004B5TS0049H,2004,117
2019B5PS0037H,2019,535
2006AATS0973G,2006,164
2006B1PS0899G,2006,170
2011A7TS0206G,2011,321
2013A4TS0203G,2013,353
2023B4PS0095G,2023,749
2017B4PS0117H,2017,457
2019B5TS0804P,2019,510
2024B4PS0757H,2024,821
2023A3PS0933G,2023,709
2014B2PS0960H,2014,386
2012A8TS0343G,2012,338
2023B3TS0155G,2023,721
2017A7PS0722P,2017,461
2018AAPS0234P,2018,491
2012B2PS0122H,2012,345
2004A4PS0857H,2004,117
2011A4TS0892P,2011,320
2022A8PS0760G,2022,672
2021B1PS0534G,2021,619
2009AAPS0375H,2009,260
2008B2PS0664G,2008,238
2014A4PS0796P,2014,381
2010AATS0405H,2010,288
2019B5PS0899P,2019,529
2005B5PS0903H,2005,130
2012B5PS0698H,2012,326
2023A7PS0244P,2023,718
2011B4TS0881P,2011,305
2023AAPS0634H,2023,709
2019A7PS0093P,2019,524
2020B1TS0331P,2020,594
2004B5TS0379H,2004,124
2008A7TS0046P,2008,226
2007AAPS0082P,2007,181
2012B3TS0293G,2012,344
2006B1TS0946P,2006,170
2004A3TS0711G,2004,118
2024A8PS0953H,2024,843
2011B5TS0013H,2011,318
2008A4TS0189H,2008,231
2004B3PS0713P,2004,120
2013A7TS0940G,2013,363
2024B5TS0576G,2024,769
2013A3TS0867H,2013,371
2009B4PS0632P,2009,257
2016B1PS0449P,2016,440
2018A3PS0461G,2018,491
2015B4PS0690P,2015,415
2010AAPS0014G,2010,285
2017A4PS0188H,2017,457
2013A4PS0258H,2013,354
2012B4TS0523P,2012,326
2023B1PS0502H,2023,737
2011B5TS0187P,2011,306
2006A1TS0303P,2006,164
2017AAPS0074P,2017,455
2012B3TS0029P,2012,335
2008B5TS0239H,2008,228
2006A4PS0625P,2006,153
2023B3TS0395P,2023,713
2014B3PS0159P,2014,383
2019A8PS0744H,2019,517
2021A4TS0337H,2021,624
2024AAPS0481G,2024,828
2012A1PS0654H,2012,334
2015A3PS0544P,2015,420
2020B1TS0060H,2020,551
2010A8PS0686P,2010,281
2021AAPS0537G,2021,646
2021B1PS0257P,2021,614
2023B2TS0658G,2023,736
2018B1TS0289G,2018,490
2005A8TS0282P,2005,137
2009A3TS0981H,2009,266
2011B3PS0049P,2011,316
2021B1PS0602P,2021,609
2019A7PS0094H,2019,509
2004A3TS0607P,2004,124
2018B3TS0154G,2018,493
2011AAPS0251P,2011,309
2020B3PS0922H,2020,574
2022A4PS0078G,2022,675
2010B4TS0334H,2010,283
2024A1TS0438H,2024,787
2013B2TS0368P,2013,350
2008B1TS0844P,2008,226
2018A4TS0591G,2018,481
2023A3PS0143H,2023,705
2020A4PS0736P,2020,588
2012B5TS0767G,2012,349
2018A4TS0257P,2018,475
2009A1TS0578P,2009,269
2015B5TS0347H,2015,403
2007B5PS0689H,2007,198
2012A1PS0958G,2012,339
2018B3PS0519G,2018,480
2017A7PS0295G,2017,464
2018B3TS0545H,2018,492
2019B4TS0191G,2019,510
2015A3PS0687P,2015,411
2008A1PS0670G,2008,248
2009A4PS0564H,2009,272
2013AATS0772H,2013,360
2004A3PS0686P,2004,112
2015A8TS0115H,2015,407
2009A8PS0164H,2009,259
2008B4PS0969P,2008,237
2013A8PS0397P,2013,363
2020AATS0046H,2020,569
2005B2PS0357H,2005,148
2018B1PS0944P,2018,485
2022A3TS0667P,2022,664
2024B4PS0205H,2024,798
2015B3TS0901H,2015,402
2023A8PS0591H,2023,746
2007B1PS0341G,2007,178
2008A1PS0827G,2008,239
2022B5PS0490G,2022,666
2023A4PS0217P,2023,736
2018AAPS0071G,2018,476
2018A3PS0301P,2018,477
2023B1TS0321G,2023,738
2016AAPS0554G,2016,432
2023B4PS0694H,2023,737
2007B1TS0915P,2007,183
2024B1TS0420H,2024,793
2017B2TS0559P,2017,469
2024A4PS0384G,2024,810
2015A1PS0261H,2015,409
2023B5PS0185G,2023,733
2020A7TS0743P,2020,560
2009B2PS0303H,2009,264
2008A3TS0395P,2008,241
2010B3PS0557P,2010,283
2021A3PS0106G,2021,625
2013B5PS0925H,2013,362
2013AAPS0615G,2013,374
2004B1TS0773H,2004,124
2021A3TS0496H,2021,628
2010A4TS0348G,2010,275
2014A8TS0391H,2014,396
2019A4TS0933G,2019,528
2020A4PS0981H,2020,572
2005B2TS0434H,2005,142
2004B2PS0632H,2004,123
2018A7TS0833P,2018,479
2023B4PS0687H,2023,726
2014B1TS0765P,2014,390
2013A4PS0171G,2013,374
2022A1TS0572P,2022,691
2016A1TS0900H,2016,446
2023A7PS0233P,2023,748
2022B2PS0309G,2022,676
2013AAPS0008P,2013,359
2024B1PS0661P,2024,770
2020A7TS0004H,2020,599
2006B5PS0081H,2006,171
2005B5TS0007G,2005,149
2011AAPS0929P,2011,302
2019A8TS0585H,2019,524
2015A8PS0444H,2015,412
2011B4TS0593H,2011,319
2011B4TS0074H,2011,312
2022B2PS0853G,2022,655
2016B2TS0578H,2016,443
2009A1TS0819H,2009,261
2008A4TS0364P,2008,226
2021A1PS0905H,2021,612
2006A8PS0481G,2006,173
2020B4PS0468G,2020,564
2012B1PS0564P,2012,334
2004B2TS0211G,2004,124
2022B1PS0229P,2022,695
2021A3TS0487P,2021,627
2023B5TS0306P,2023,738
2007AATS0889H,2007,176
2018B5TS0554P,2018,476
2019AATS0940P,2019,536
2024B5TS0359H,2024,826
2011A1PS0714P,2011,307
2023A7PS0815P,2023,710
2024A4PS0021H,2024,814
2011A7TS0347P,2011,321
2018A3PS0740P,2018,478
2015A8TS0777G,2015,400
2007A3PS0762P,2007,189
2008AAPS0398P,2008,242
2007A1PS0491H,2007,183
2004A7TS0390H,2004,108
2011B5TS0010P,2011,318
2005A8TS0527H,2005,133
2017B1PS0257P,2017,452
2010B2PS0144H,2010,291
2010A3PS0065P,2010,279
2009A4PS0386G,2009,269
2020A1PS0357G,2020,597
2014A7TS0037G,2014,397
2018A3TS0993G,2018,498
2012B1TS0857P,2012,329
2004B4TS0638P,2004,116
2004B1TS0100P,2004,113
2024B4TS0029G,2024,757
2024A8PS0534P,2024,801
2014A1PS0683H,2014,377
2015B4PS0688H,2015,420
2012AATS0919P,2012,327
2012A3PS0244G,2012,329
2018B5PS0217P,2018,477
2010B4TS0421P,2010,281
2008A3PS0906G,2008,228
2005A7TS0654P,2005,141
2024A3TS0262G,2024,802
2006AATS0544P,2006,173
2011A1TS0405P,2011,305
2013A1PS0359H,2013,354
2019A1PS0038H,2019,500
2004A7PS0514P,2004,112
2018B2TS0782G,2018,477
2019A8TS0194P,2019,546
2011A4PS0337H,2011,320
2006AATS0250H,2006,156
2022A1TS0922H,2022,668
2018B2TS0999G,2018,485
2005AAPS0602G,2005,140
2009A7PS0732G,2009,259
2020B2TS0527H,2020,571
2017B4TS0382G,2017,454
2024B4TS0711P,2024,808
2023B1TS0210H,2023,704
2010B4PS0508G,2010,281
2011B5PS0049P,2011,318
2017A8PS0812G,2017,469
2022B1TS0909P,2022,695
2022B4TS0363P,2022,688
2021A1PS0870H,2021,621
2006B2TS0881P,2006,174
2010AATS0421G,2010,280
2019AAPS0806H,2019,538
2019AAPS0494G,2019,519
2016B5PS0484P,2016,441
2004B3TS0586H,2004,104
2012B4TS0913H,2012,338
2014A7TS0454G,2014,386
2014B1TS0590H,2014,380
2023A4PS0585P,2023,738
2018A8PS0381P,2018,495
2014A3TS0075G,2014,399
2010B2PS0187H,2010,287
2019B3TS0236P,2019,540
2021A3PS0417H,2021,646
2021AATS0919G,2021,646
2015A1PS0920P,2015,403
2006B2TS0842H,2006,158
2015A4PS0330G,2015,413
2008A1PS0701H,2008,244
2010B1PS0087H,2010,291
2022A7PS0313G,2022,664
2008A7TS0426G,2008,230
2020AAPS0653P,2020,596
2010B1TS0831G,2010,296
2022A4PS0246G,2022,655
2018A7PS0894H,2018,478
2005B1PS0483H,2005,130
2015B2TS0270P,2015,421
2006A8TS0799H,2006,151
2014A3PS0549G,2014,382
2004B2TS0221G,2004,116
2012A8PS0064P,2012,345
2010A3TS0149P,2010,275
2019A3TS0832P,2019,548
2004B4TS0801P,2004,111
2016A8TS0084G,2016,436
2015B3PS0262H,2015,411
2022B3PS0522H,2022,695
2023B2PS0714P,2023,711
2013B5PS0550G,2013,367
2015B2TS0855H,2015,404
2007B4TS0722G,2007,180
2006B4PS0332H,2006,155
2005B3PS0341H,2005,131
2016A8TS0335H,2016,443
2020A1TS0603H,2020,569
2022B5TS0249G,2022,680
2015B1PS0145H,2015,411
2007A8TS0684P,2007,176
2018A4TS0791G,2018,485
2020A1PS0218P,2020,567
2018B1PS0998H,2018,495
2015A7PS0821P,2015,420
2007B2TS0725G,2007,181
2013B1TS0046P,2013,355
2011A1TS0840P,2011,308
2019B4TS0116G,2019,502
2019A4TS0384P,2019,526
2018A7TS0743G,2018,492
2009B1PS0730G,2009,251
2021A1TS0470H,2021,625
2013A1TS0112G,2013,364
2011A4PS0377P,2011,317
2005A7TS0383H,2005,128
2019A4PS0875H,2019,538
2022A8TS0797H,2022,678
2022A3TS0476P,2022,654
2011A3PS0892P,2011,300
2014A1PS0165G,2014,392
2013A1TS0830H,2013,366
2016B3TS0982H,2016,433
2010B3TS0426P,2010,299
2007A4TS0914G,2007,188
2018AATS0049H,2018,492
2006A1PS0347P,2006,157
2022B4PS0751H,2022,694
2011A4TS0590H,2011,302
2016A7TS0621G,2016,433
2015B3PS0183H,2015,409
2014AATS0430P,2014,376
2008B1TS0989H,2008,227
2018A8TS0156P,2018,482
2005A7TS0320H,2005,147
2007A4TS0214P,2007,189
2024B3TS0278P,2024,809
2022B3PS0666H,2022,690
2006A1PS0900H,2006,161
2018A7PS0228H,2018,497
2007A4TS0382H,2007,177
2005B3PS0350G,2005,128
2017B4TS0411H,2017,463
2007B3TS0664G,2007,196
2022B3PS0111G,2022,652
2023AAPS0939P,2023,739
2022A4PS0514G,2022,657
2016A7TS0736H,2016,437
2018A4TS0435G,2018,478
2017A3TS0374P,2017,460
2008A8PS0484G,2008,236
2016B4PS0596P,2016,448
2023B5PS0507P,2023,722
2021A1PS0510G,2021,649
2012A8TS0641H,2012,325
2014AAPS0808P,2014,391
2023A4TS0489H,2023,744
2007A4TS0420P,2007,187
2007B2TS0797H,2007,191
2007A1TS0803H,2007,181
2004B3PS0376H,2004,103
2014A3TS0821G,2014,394
2017A4PS0160H,2017,459
2013A1TS0637P,2013,353
2010A8TS0470P,2010,277
2024A1TS0566G,2024,791
2008A4PS0331G,2008,247
2022A4PS0631G,2022,650
2010B4TS0983P,2010,298
2018A8TS0206H,2018,480
2014A8PS0013G,2014,391
2017A3TS0577G,2017,455
2018B4PS0906G,2018,475
2005B4TS0908P,2005,130
2015A3TS0864P,2015,412
2013AAPS0621H,2013,357
2014AATS0047P,2014,378
2024B2TS0134P,2024,762
2024B1PS0990P,2024,802
2008B2PS0240P,2008,225
2007A8PS0703G,2007,191
2009A7TS0702H,2009,266
2023A7TS0114G,2023,704
2016A1TS0278G,2016,430
2012A7PS0486P,2012,326
2005B3TS0813H,2005,144
2011A4TS0705P,2011,318
2021A1PS0600P,2021,613
2018A7TS0834G,2018,493
2015A1TS0939G,2015,404
2007A4TS0216G,2007,179
2014A7TS0176P,2014,399
2020B3TS0332G,2020,583
2012A7TS0781P,2012,326
2006A8PS0268H,2006,165
2006B3TS0186G,2006,151
2013A8TS0168H,2013,365
2020A1TS0654P,2020,568
2022B5TS0960G,2022,697
2019A4PS0616G,2019,522
2017B5TS0798P,2017,456
2018B1PS0619P,2018,496
2011B4TS0149H,2011,302
2022B1PS0880P,2022,686
2024B3TS0343G,2024,817
2013A8TS0080H,2013,369
2011B3PS0522H,2011,307
2013B4PS0379P,2013,357
2021B5TS0010P,2021,640
2014A7PS0197P,2014,377
2018A3PS0868P,2018,499
2020B1TS0827G,2020,578
2009B3PS0146H,2009,252
2009AATS0680G,2009,265
2019A1TS0503P,2019,539
2011A4PS0430G,2011,316
2005A1PS0521H,2005,146
2021A3PS0172P,2021,610
2011A3TS0784H,2011,319
2021A7TS0212H,2021,637
2013A3TS0567P,2013,360
2019A7PS0910P,2019,539
2020B5TS0354H,2020,592
2022B2TS0283P,2022,679
2019A3PS0893G,2019,519
2008A1TS0345H,2008,230
2022A8TS0792H,2022,651
2014A7PS0539G,2014,391
2014A4PS0228P,2014,399
2024A4TS0670P,2024,751
2005B4PS0943G,2005,148
2023B3TS0758P,2023,732
2005A4TS0629P,2005,137
2015B2TS0938H,2015,401
2018B2TS0849P,2018,484
2014A7PS0418H,2014,388
2018A8PS0965H,2018,487
2015A4PS0946P,2015,410
2011AATS0640H,2011,313
2012A4PS0398P,2012,347
2022B3PS0344P,2022,699
2006A8PS0885P,2006,160
2010B4TS0312H,2010,299
2022B2PS0535P,2022,698
2021A7PS0748G,2021,616
2011B3PS0714H,2011,300
2006B5TS0441H,2006,170
2016A4PS0989G,2016,434
2010A3TS0649P,2010,282
2023AAPS0948H,2023,738
2023A7PS0880H,2023,732
2005A1TS0125H,2005,137
2005B1TS0032G,2005,149
2022A7TS0283P,2022,695
2013A1PS0143P,2013,358
2010A8TS0313P,2010,294
2022A8TS0087H,2022,665
2017A4PS0784H,2017,471
2005B2TS0709G,2005,140
2012A8TS0073G,2012,338
2008B3PS0606P,2008,230
2004B1TS0111P,2004,115
2019A1PS0570P,2019,513
2009B5TS0310H,2009,273
2005B4TS0416G,2005,144
2015A7TS0555H,2015,417
2008A1PS0108P,2008,238
2011B5PS0921P,2011,321
2009A7PS0318H,2009,256
2014A8PS0129P,2014,392
2005B4PS0275H,2005,130
2014B2PS0408G,2014,378
2021A8TS0245H,2021,617
2005B4TS0837G,2005,145
2006A7PS0791P,2006,163
2015B1PS0537G,2015,401
2005A4TS0253G,2005,144
2021A8PS0447H,2021,640
2011A4PS0322P,2011,304
2020A1PS0340H,2020,568
2007B1TS0330G,2007,182
2013A8TS0007P,2013,366
2021B3TS0631G,2021,649
2016B2TS0650G,2016,448
2008B4TS0383G,2008,229
2013A4PS0405P,2013,369
2018B5TS0931G,2018,490
2018B2PS0670H,2018,488
2021B3PS0206H,2021,642
2005B5PS0517H,2005,129
2005B3PS0952G,2005,145
2023A1PS0809G,2023,724
2015B3PS0838H,2015,412
2018B2PS0129H,2018,485
2004B5PS0356G,2004,118
2018A1TS0350G,2018,485
2004A4TS0625G,2004,116
2008A4TS0533P,2008,229
2012A4PS0733G,2012,334
2010B3TS0610H,2010,284
2016B4PS0172G,2016,436
2017A4PS0634G,2017,471
2006B3PS0798P,2006,167
2018B4PS0174H,2018,476
2009B4TS0161P,2009,262
2014A8PS0419G,2014,381
2017A4TS0638H,2017,462
2020A1TS0309P,2020,550
2022A7PS0556P,2022,682
2010A1PS0508P,2010,295
2007A4TS0233P,2007,193
2015B1TS0944H,2015,424
2014A4PS0243H,2014,396
2011A7TS0028H,2011,308
2009A1PS0545G,2009,271
2018A7PS0368G,2018,479
2012B4PS0854G,2012,345
2020A7PS0746G,2020,589
2006B2TS0850H,2006,167
2018B1TS0853P,2018,485
2015B3PS0618P,2015,407
2022B5PS0870G,2022,684
2018B1TS0340H,2018,482
2012B2TS0726H,2012,341
2008A7PS0872G,2008,237
2005A1TS0327P,2005,135
2022AAPS0282H,2022,667
2014B3TS0383P,2014,393
2021A1PS0204H,2021,634
2024A4TS0618P,2024,817
2013A8PS0027P,2013,356
2020A7PS0037G,2020,551
2006B3PS0759P,2006,158
2004A4TS0329H,2004,102
2017A3TS0424G,2017,467
2017A1TS0899P,2017,466
2007A7PS0148P,2007,195
2009AAPS0768H,2009,270
2004A8TS0690H,2004,120
2010A3PS0663G,2010,288
2004A7PS0789H,2004,110
2008A1PS0804G,2008,235
2016A3TS0346H,2016,427
2018A3PS0754P,2018,491
2009B5PS0249P,2009,274
2014B2PS0829H,2014,379
2007AATS0245G,2007,184
2005B2PS0291H,2005,132
2023A8TS0969G,2023,734
2024B2PS0784P,2024,787
2008B2PS0643H,2008,247
2014AAPS0616G,2014,378
2011AAPS0562G,2011,306
2011A8TS0517H,2011,312
2008B5PS0257P,2008,239
2012B4TS0485P,2012,349
2013A1PS0435H,2013,360
2009A4TS0721G,2009,253
2018B1TS0443G,2018,488
2004A3TS0498G,2004,117
2007B3TS0697H,2007,189
2018A4TS0832P,2018,481
2024A1PS0303G,2024,837
2009B3TS0002H,2009,260
2020A7PS0023P,2020,577
2007A3TS0944P,2007,197
2009B4PS0441H,2009,256
2007B2TS0578P,2007,184
2007B3TS0272H,2007,194
2005B2PS0946P,2005,132
2017A1PS0685H,2017,473
2009A8PS0597G,2009,255
2014A1PS0124G,2014,391
2014B2TS0271H,2014,396
2006A3TS0001H,2006,172
2005A3PS0248P,2005,141
2017AAPS0473P,2017,455
2004B2PS0806G,2004,102
2012B5TS0827H,2012,340
2020B5PS0616P,2020,593
2005B5TS0340H,2005,137
2005A4TS0873P,2005,128
2007A1TS0315H,2007,180
2007A4TS0006H,2007,198
2015B4TS0546P,2015,405
2006AATS0918H,2006,162
2004A4TS0448H,2004,113
2014A4TS0342G,2014,376
2021B2TS0427H,2021,605
2021B4PS0940H,2021,624
2009AATS0877G,2009,251
2007B2PS0405H,2007,176
2016B1PS0454G,2016,434
2024A4PS0233H,2024,808
2017A4TS0972H,2017,463
2018B2TS0993H,2018,482
2023A8PS0970H,2023,729
2013AATS0833G,2013,357
2013A4TS0021P,2013,352
2023A1TS0562H,2023,700
2010A8TS0816G,2010,276
2024B5PS0980P,2024,772
2020B1PS0906P,2020,557
2015A3PS0640G,2015,419
2013A8PS0162H,2013,362
2010B5PS0878H,2010,275
2004B1TS0949G,2004,104
2011B3TS0182H,2011,308
2023A7TS0417G,2023,710
2016B3PS0372P,2016,433
2007A3TS0982G,2007,178
2018B1TS0296P,2018,497
2024A8PS0658G,2024,772
2019B1TS0293H,2019,544
2008A3TS0090H,2008,241
2014B2PS0086G,2014,398
2010B1TS0990G,2010,287
2012AAPS0083P,2012,345
2018B3TS0982P,2018,478
2012AATS0119H,2012,338
2018AATS0130H,2018,488
2014A7PS0823G,2014,384
2018A4PS0497P,2018,493
2011A7PS0005P,2011,319
2013A3PS0743P,2013,353
2013B2PS0038H,2013,356
2005A4PS0374G,2005,138
2004B1TS0194P,2004,110
2024A8TS0513G,2024,767
2018A4TS0690G,2018,494
2016A7TS0888H,2016,442
2013B5TS0595G,2013,357
2024B3PS0831G,2024,795
2021A4PS0149H,2021,600
2014B5PS0580H,2014,390
2014AAPS0549P,2014,378
2021B5TS0306P,2021,622
2014B4PS0109P,2014,390
2013A4PS0151P,2013,355
2005A3TS0163H,2005,135
2023B2PS0885P,2023,739
2011A1PS0715H,2011,315
2015A8PS0915G,2015,419
2015A3TS0510H,2015,408
2015A3TS0029G,2015,415
2014A8TS0803H,2014,391
2009A3TS0929G,2009,256
2024B5TS0533H,2024,826
2023A7PS0346G,2023,702
2019B5TS0003H,2019,532
2024AAPS0336H,2024,768
2006AATS0711H,2006,169
2009A3PS0912H,2009,255
2005B5TS0266H,2005,138
2017A1TS0198P,2017,461
2021A3PS0858P,2021,644
2022B2TS0553H,2022,666
2008AATS0697G,2008,247
2006A1PS0983H,2006,167
2005A4PS0670H,2005,133
2004A4TS0672G,2004,113
2015AATS0432G,2015,416
2004B4PS0693G,2004,121
2022AATS0977G,2022,670
2018A3TS0934P,2018,484
2012A8TS0014H,2012,341
2018A8TS0678H,2018,479
2018B3PS0937H,2018,491
2016B1PS0993G,2016,438
2004A8TS0233P,2004,124
2009A4TS0170H,2009,260
2023A1PS0243H,2023,742
2006A4TS0103H,2006,171
2023A4TS0962P,2023,723
2022B4PS0901G,2022,680
2005A1TS0108G,2005,148
2007A4PS0673G,2007,179
2010B4PS0128H,2010,294
2004A1TS0336H,2004,113
2013B2TS0521H,2013,366
2013A7TS0016P,2013,352
2011A8TS0383G,2011,316
2024A1TS0782P,2024,778
2009A8TS0060H,2009,256
2013B1TS0568H,2013,364
2019B1TS0569H,2019,536
2017A7PS0945G,2017,452
2013B1PS0353G,2013,367
2006A3TS0958H,2006,174
2021AATS0864P,2021,638
2020A8TS0811P,2020,561
2021A8PS0664P,2021,614
2007B3TS0411H,2007,199
2006A7PS0236H,2006,171
2010A3TS0117H,2010,297
2006A7TS0005G,2006,156
2006A1PS0963P,2006,160
2017A7TS0868P,2017,468
2016A7PS0432G,2016,447
2024B1PS0997G,2024,752
2005B5PS0097G,2005,145
2021B4PS0920G,2021,629
2018A8PS0543P,2018,478
2018A1PS0673H,2018,483
2010A4PS0358P,2010,290
2016B1TS0898H,2016,435
2023AAPS0214H,2023,710
2021B5PS0767H,2021,617
2021B5TS0710G,2021,632
2023B2PS0111G,2023,722
2020B2TS0185H,2020,551
2023B3PS0596G,2023,711
2009A3TS0630G,2009,260
2010B5TS0115P,2010,298
2018A4PS0045G,2018,483
2012A7PS0500G,2012,330
2010B5TS0302G,2010,284
2014AATS0291P,2014,381
2015A4TS0297G,2015,424
2017A7PS0142G,2017,458
2013A1TS0388P,2013,369
2011A1TS0745G,2011,321
2023B5TS0919G,2023,723
2019A8PS0904G,2019,518
2012A8PS0001P,2012,342
2015B2TS0108H,2015,417
2024A4PS0523G,2024,836
2019B5TS0725G,2019,527
2015B3TS0518P,2015,405
2024B3PS0052G,2024,809
2013A1PS0300G,2013,359
2009B4TS0661G,2009,273
2007B3TS0563H,2007,191
2012A1TS0269G,2012,328
2014A3PS0015G,2014,390
2022B5TS0916G,2022,685
2017A4TS0118G,2017,455
2020B1PS0565H,2020,570
2016B3PS0793G,2016,441
2024B1TS0599H,2024,756
2022A7TS0976H,2022,655
2007B4TS0721H,2007,194
2022A4TS0216H,2022,663
2006B3TS0121H,2006,166
2008B1TS0096G,2008,249
2020AATS0710G,2020,562
2016AATS0685P,2016,425
2022B5PS0173G,2022,656
2014B2TS0656G,2014,394
2015AATS0562P,2015,401
2023A4PS0355G,2023,710
2015A7TS0461G,2015,407
2016AATS0835P,2016,442
2006B4TS0668P,2006,170
2006B3PS0224G,2006,159
2021B5TS0210G,2021,630
2004AAPS0260H,2004,120
2007A8TS0786G,2007,178
2011B1PS0195H,2011,308
2011A3TS0943G,2011,316
2011B2PS0893H,2011,307
2008A8TS0825H,2008,226
2011A8TS0762G,2011,317
2018AATS0764P,2018,499
2023B1TS0660H,2023,732
2023A3PS0246G,2023,729
2008B5PS0778P,2008,237
2017B4TS0953H,2017,471
2015A8TS0390H,2015,412
2012A7PS0019P,2012,346
2004B4TS0062G,2004,113
2010A7TS0302P,2010,287
2012A7PS0118H,2012,330
2020AAPS0249H,2020,594
2007A7TS0426P,2007,189
2005B1PS0311P,2005,140
2018B3PS0585P,2018,489
2018A7PS0038P,2018,477
2005B5PS0912H,2005,142
2006B3PS0374H,2006,159
2008B1PS0188H,2008,244
2023A7TS0964G,2023,742
2006B2PS0571P,2006,162
2008B4TS0291G,2008,244
2014A3TS0096P,2014,384
2020B1PS0831P,2020,578
2024B2TS0173H,2024,750
2006B4TS0210H,2006,155
2017B1TS0792G,2017,469
2017B2PS0321P,2017,451
2009B5TS0013P,2009,269
2008B1PS0820H,2008,238
2014B3PS0038G,2014,388
2008A4TS0825G,2008,242
2022A3PS0843P,2022,688
2016A3TS0235G,2016,443
2007B4PS0647P,2007,182
2010A7TS0698H,2010,276
2005B4TS0434P,2005,127
2009A1TS0296P,2009,268
2012A8PS0403H,2012,349
2006A3PS0178P,2006,156
2021A7TS0585H,2021,649
2008A1PS0484P,2008,236
2013B1PS0264H,2013,351
2023B2TS0304P,2023,704
2004B1TS0028H,2004,115
2014B4PS0398G,2014,399
2021B1PS0467H,2021,610
2012A3TS0068G,2012,344
2020A7PS0815H,2020,597
2008A3PS0120G,2008,228
2012A4PS0271P,2012,346
2017AATS0851H,2017,466
2024B5TS0706G,2024,759
2005A4TS0800P,2005,146
2005AATS0882H,2005,129
2015A8TS0756H,2015,410
2021B4TS0830P,2021,614
2012A8PS0380G,2012,340
2007B4PS0226H,2007,182
2008B4PS0100P,2008,231
2024A8PS0254H,2024,847
2020A1PS0906H,2020,567
2015B4TS0944G,2015,413
2021B2TS0212P,2021,615
2008A8PS0071P,2008,225
2008B2PS0788P,2008,241
2007A1TS0862H,2007,181
2015A3PS0259G,2015,403
2019B4PS0632P,2019,503
2011B4TS0177P,2011,313
2019AATS0970G,2019,547
2016B1PS0296G,2016,427
2018B2TS0732G,2018,490
2016B5PS0384G,2016,438
2012B2PS0235H,2012,331
2004B3PS0983P,2004,104
2004A3PS0814P,2004,114
2009B2PS0069H,2009,252
2017AATS0537H,2017,463
2006A7PS0318H,2006,173
2016A7TS0451H,2016,437
2022AATS0030P,2022,673
2006A4TS0337P,2006,174
2013A3TS0350H,2013,353
2004A1PS0347G,2004,124
2005A3TS0380H,2005,126
2011A1TS0314H,2011,313
2022B3TS0999H,2022,694
2014A8TS0394H,2014,394
2023B2TS0054G,2023,727
2005A8PS0017P,2005,143
2005B3PS0013H,2005,149
2024A3PS0117P,2024,779
2006AAPS0713G,2006,167
2014A8TS0580G,2014,375
2005B4PS0150G,2005,148
2023A1PS0714H,2023,737
2013A8TS0995P,2013,366
2015A3TS0677G,2015,409
2011A3PS0355G,2011,303
2024A8TS0628G,2024,813
2005AATS0834G,2005,131
2021B4PS0162G,2021,629
2012B4PS0840H,2012,329
2017A3TS0062G,2017,450
2017B3PS0191H,2017,450
2017A1PS0252H,2017,457
2009B4TS0903G,2009,264
2018A8PS0557G,2018,487
2023A1TS0345G,2023,746
2012A8TS0143H,2012,331
2023A8TS0735P,2023,714
2012AAPS0236H,2012,338
2016B4PS0359H,2016,440
2014B2PS0112P,2014,399
2021A1PS0397P,2021,616
2012AAPS0274P,2012,346
2014A8PS0243P,2014,378
2023B4TS0905G,2023,709
2022A4TS0076H,2022,657
2019A1TS0593H,2019,515
2020A8PS0604G,2020,551
2007A7PS0404P,2007,196
2013A1TS0770H,2013,360
2004A7PS0955G,2004,122
2005A3TS0183H,2005,131
2013B2TS0129H,2013,353
2012A4TS0376H,2012,347
2017A7PS0431H,2017,453
2011A8PS0129P,2011,304
2008B4PS0302P,2008,237
2010A1PS0647H,2010,295
2019A8TS0053H,2019,516
2012B3TS0552P,2012,336
2024B4PS0269H,2024,809
2008AAPS0781P,2008,237
2004B5TS0843G,2004,117
2017B3TS0920H,2017,461
2013B1PS0704H,2013,370
2024B2TS0082P,2024,826
2010A3PS0928P,2010,279
2018A7TS0060H,2018,480
2010A8TS0665H,2010,282
2021A1TS0853G,2021,629
2017B1TS0470G,2017,468
2007A7PS0726P,2007,180
2013A1PS0136G,2013,369
2019B5TS0184H,2019,511
2016B5TS0572P,2016,440
2004A1PS0992H,2004,116
2019AAPS0775H,2019,527
2005A8PS0575G,2005,146
2008B4TS0770G,2008,239
2016B1PS0301P,2016,432
2021B2PS0777H,2021,627
2016A4PS0191P,2016,449
2016A3TS0087H,2016,433
2022A1PS0134P,2022,659
2008B5TS0815P,2008,248
2022A7PS0232H,2022,666
2014AAPS0378P,2014,386
2014B4TS0479P,2014,393
2022B3TS0302P,2022,684
2024A8PS0507H,2024,845
2022A1TS0179G,2022,674
2016A7PS0097G,2016,440
2020B1TS0009H,2020,561
2010A4PS0783H,2010,278
2021B2TS0583P,2021,600
2004B3TS0861H,2004,115
2005A3PS0268H,2005,133
2022B3TS0221H,2022,698
2012AAPS0055H,2012,341
2017A7PS0705H,2017,463
2015AAPS0073G,2015,411
2019B3TS0831G,2019,530
2007A4PS0262G,2007,180
2019B4TS0864P,2019,519
2020B2TS0287H,2020,587
2021AAPS0473P,2021,645
2013B3TS0873P,2013,362
2011A8TS0095G,2011,302
2020B2PS0882H,2020,583
2024A7PS0088G,2024,751
2004A4TS0963G,2004,111
2006A7PS0063G,2006,171
2012B2TS0510H,2012,347
2018B2TS0951P,2018,479
2008A4TS0461H,2008,244
2006A7TS0138G,2006,154
2011A1PS0840H,2011,308
2017A3PS0547G,2017,462
2011B3PS0018G,2011,319
2023B2PS0957G,2023,738
2006A7PS0716P,2006,160
2022B3PS0299P,2022,687
2021AAPS0291G,2021,604
2014A8TS0883G,2014,387
2004A4TS0512G,2004,117
2023AATS0209H,2023,746
2011A3PS0819H,2011,303
2020B5PS0891P,2020,568
2015B4TS0266H,2015,414
2022B1PS0904P,2022,654
2023B1PS0164G,2023,721
2006A3PS0468P,2006,169
2014B5PS0568P,2014,395
2016A7TS0179G,2016,426
2008A7PS0796P,2008,226
2018A7TS0473P,2018,490
2014B1TS0301H,2014,387
2005B5TS0601G,2005,139
2013B5TS0565G,2013,359
2013A8TS0038G,2013,365
2007A8PS0429H,2007,176
2023B1PS0757P,2023,727
2016B1PS0304P,2016,445
2021B5TS0617G,2021,626
2019A7PS0879H,2019,543
2020B5PS0470H,2020,584
2011B1PS0033G,2011,324
2021B1PS0684P,2021,608
2014B5PS0898P,2014,397
2004B3PS0517H,2004,113
2021B5PS0353H,2021,632
2018B5TS0256P,2018,479
2024A7TS0824G,2024,760
2013B2TS0139P,2013,365
2013A1TS0920G,2013,373
2020B5PS0010H,2020,558
2011A7PS0816P,2011,301
2014B3PS0997H,2014,378
2021B5PS0086G,2021,623
2011A8TS0918P,2011,319
2010B5TS0501P,2010,288
2016AAPS0036P,2016,431
2006A3PS0821G,2006,164
2019AAPS0545H,2019,510
2019B3PS0981H,2019,502
2019B1TS0909H,2019,518
2013A7TS0707H,2013,367
2022B4PS0126P,2022,658
2014B1PS0009P,2014,392
2015B2TS0955P,2015,414
2017A3TS0335G,2017,458
2019B2PS0778G,2019,544
2022B1PS0214P,2022,665
2018A7TS0050H,2018,475
2011A3PS0973P,2011,304
2019B4PS0099P,2019,518
2013A1TS0472P,2013,358
2017A7TS0630H,2017,454
2015B3PS0868H,2015,401
2017B4TS0494P,2017,467
2014A1PS0291H,2014,394
2013B3TS0706P,2013,358
2017B1TS0014H,2017,473
2020AATS0006H,2020,575
2017A7TS0139H,2017,466
2006A8PS0614P,2006,162
2023B4TS0647P,2023,738
2007A3PS0695H,2007,182
2014A4TS0978G,2014,396
2014B4PS0424P,2014,382
2007A3PS0146P,2007,190
2023AAPS0479G,2023,704
2010B4TS0471H,2010,284
2019A7PS0845H,2019,511
2013AAPS0329G,2013,357
2023B5PS0433P,2023,711
2016A7TS0138H,2016,448
2009A3PS0307P,2009,274
2013B1PS0150H,2013,372
2007B3TS0560P,2007,177
2023B2TS0294H,2023,706
2019A8TS0976G,2019,525
2014A1TS0545H,2014,377
2010A8PS0774H,2010,289
2012A1TS0040G,2012,342
2008A1PS0463G,2008,249
2014B2TS0412G,2014,384
2011B2PS0497H,2011,303
2010B3TS0260H,2010,282
2006B1TS0814G,2006,172
2007B5PS0798H,2007,186
2006B3TS0965G,2006,151
2017A3PS0570G,2017,457
2017A3PS0966G,2017,463
2021A4TS0214H,2021,615
2021A7TS0096P,2021,601
2021B4TS0047P,2021,623
2005A1PS0668H,2005,137
2024B4TS0064G,2024,824
2011B3TS0171P,2011,309
2022B4PS0157H,2022,685
2017A7PS0945P,2017,467
2010A7PS0362P,2010,279
2013B4PS0340H,2013,370
2016B1PS0753H,2016,425
2007B1PS0364P,2007,183
2016B2TS0494G,2016,429
2017B1PS0682G,2017,463
2023B1TS0529P,2023,715
2017A3TS0640P,2017,460
2014B1PS0203G,2014,380
2016A8PS0710H,2016,430
2019A7PS0179P,2019,500
2024B5PS0475H,2024,778
2013AAPS0184G,2013,359
2020B1PS0991G,2020,582
2024B2TS0910P,2024,800
2013B3TS0577G,2013,364
2021B4PS0430H,2021,640
2023B1PS0247H,2023,741
2007B5PS0840H,2007,176
2007A3PS0349H,2007,183
2018B1PS0088P,2018,477
2022A7TS0769H,2022,697
2006A4PS0942H,2006,157
2012A7TS0713H,2012,335
2008A3PS0708H,2008,249
2011A4TS0835G,2011,313
2005A7PS0616H,2005,133
2017B5PS0194H,2017,473
2005B5PS0286G,2005,149
2013AATS0265G,2013,356
2023B3PS0568H,2023,710
2007A1PS0112G,2007,199
2016A4PS0524P,2016,439
2023B5PS0218G,2023,709
2018B4PS0533H,2018,479
2004B3PS0861P,2004,110
2022B5TS0774P,2022,657
2010A8TS0774G,2010,282
2018B4PS0403H,2018,480
2017A3TS0046P,2017,464
2009B3PS0389H,2009,257
2006A3TS0153G,2006,174
2007A1TS0063P,2007,196
2009A8PS0795P,2009,260
2009A8PS0386H,2009,253
2021B5TS0659H,2021,619
2020B5PS0309G,2020,580
2005AATS0764P,2005,134
2017A8TS0451P,2017,451
2009A1TS0395G,2009,273
2022B4TS0835P,2022,663
2019A3TS0665P,2019,537
2015A8TS0805P,2015,401
2007B1PS0014G,2007,185
2022B5PS0903G,2022,679
2021AAPS0375P,2021,608
2013A3TS0594G,2013,370
2007B5TS0678G,2007,197
2006A1PS0706H,2006,160
2004AAPS0354P,2004,123
2005A1TS0918G,2005,129
2011B5TS0136P,2011,300
2006B4PS0012H,2006,168
2023B1PS0132P,2023,718
2016A1TS0062H,2016,427
2005B3TS0538G,2005,145
2005A7PS0123P,2005,141
2018B5TS0454G,2018,483
2020B3PS0610G,2020,594
2010B1TS0412H,2010,288
2021A3PS0434P,2021,638
2012A1TS0128H,2012,328
2006A7TS0754H,2006,151
2013AATS0420P,2013,360
2015B2PS0240P,2015,406
2015B1TS0414H,2015,402
2008A1PS0801G,2008,235
2007A7TS0991P,2007,194
2019A1PS0122H,2019,503
2018B1PS0519G,2018,495
2018B5TS0875H,2018,479
2019A3PS0917G,2019,538
2013A3TS0376P,2013,358
2017B1PS0771G,2017,458
2015A3PS0092P,2015,413
2019A4PS0120H,2019,505
2011A3TS0359H,2011,303
2020A3TS0303H,2020,588
2023A8PS0678P,2023,727
2008AATS0693H,2008,241
2004AAPS0335G,2004,111
2007A7PS0151P,2007,187
2016B2TS0699G,2016,443
2016B2PS0025P,2016,438
2014AAPS0950H,2014,387
2023B2TS0350G,2023,721
2021B3TS0872P,2021,616
2017B5PS0717H,2017,454
2023A3PS0479P,2023,713
2018B1PS0380G,2018,499
2011B4PS0260G,2011,304
2016A1PS0427P,2016,439
2024AAPS0529H,2024,811
2004A7TS0398H,2004,104
2005A3TS0268G,2005,139
2013B3PS0010H,2013,366
2019A8TS0299G,2019,513
2009A1TS0942G,2009,274
2004B5TS0579G,2004,110
2017A8PS0786G,2017,468
2024A8PS0314H,2024,846
2007A7PS0170P,2007,187
2022A3TS0473P,2022,653
2007AATS0721G,2007,195
2010AAPS0095P,2010,285
2006AATS0382G,2006,169
2006A8TS0490P,2006,160
2011A4PS0862H,2011,308
2007A7PS0707G,2007,187
2011B2TS0617H,2011,322
2018A7TS0743H,2018,480
2011A4TS0289G,2011,318
2021A7PS0914P,2021,624
2020AATS0610P,2020,577
2021A4PS0329P,2021,637
2018A1TS0258G,2018,495
2017A7PS0906H,2017,462
2005B1TS0532H,2005,139
2016B1TS0410H,2016,426
2017AAPS0203P,2017,472
2005A4TS0166G,2005,144
2009A3PS0636P,2009,272
2009A7TS0320P,2009,270
2020B3PS0348P,2020,561
2019B1PS0349H,2019,503
2013AATS0595G,2013,356
2024B4PS0463P,2024,798
2008A1TS0135P,2008,227
2009B2TS0609G,2009,254
2007A1TS0757H,2007,183
2012B1PS0985G,2012,348
2020A7TS0308H,2020,571
2015A7PS0734G,2015,419
2004AATS0364G,2004,123
2005B3PS0189G,2005,137
2021A8PS0403P,2021,611
2016A3PS0896P,2016,435
2004A1PS0831G,2004,119
2006AAPS0943H,2006,152
2007A4PS0933G,2007,192
2022A4PS0077H,2022,657
2016A7TS0965G,2016,428
2010A7TS0759H,2010,289
2013A3TS0813H,2013,356
2020B4TS0495G,2020,597
2018B4TS0797H,2018,488
2011B3PS0121G,2011,316
2024B4PS0287G,2024,824
2015B5PS0261P,2015,411
2023B2TS0056P,2023,728
2020B1TS0762G,2020,552
2013B3PS0068H,2013,363
2018B2TS0151G,2018,485
2016A7TS0826G,2016,435
2023B3PS0806G,2023,709
2005B1PS0438G,2005,148
2005A8PS0540G,2005,131
2022A1PS0566P,2022,696
2022A8TS0837P,2022,658
2021B2TS0171P,2021,639
2009B4TS0310P,2009,252
2006A1TS0975G,2006,155
2015B5PS0550H,2015,416
2022B1TS0444G,2022,664
2023A7TS0070P,2023,734
2008AAPS0624P,2008,240
2012B4PS0504P,2012,343
2023A7PS0126G,2023,704
2015B2PS0508P,2015,410
2021A7TS0079P,2021,634
2007A1TS0148G,2007,179
2004A4PS0418G,2004,115
2021B4PS0407G,2021,605
2012AAPS0962P,2012,338
2012A8PS0123G,2012,341
2024AAPS0279H,2024,833
2005A7PS0562P,2005,137
2023B2TS0845H,2023,700
2008B1PS0955P,2008,232
2018A8PS0845G,2018,494
2015A3PS0497P,2015,408
2024B1PS0321H,2024,823
2014AATS0489H,2014,376
2023B5PS0019G,2023,708
2021A7PS0612P,2021,628
2024A8PS0912G,2024,808
2004B1PS0831G,2004,113
2013B3PS0575G,2013,363
2016B2TS0984H,2016,427
2009A1TS0701H,2009,271
2015B5PS0650H,2015,415
2018A3PS0250P,2018,478
2009B4PS0520G,2009,269
2006A4TS0522G,2006,172
2017B4TS0392H,2017,462
2005B1PS0027P,2005,129
2012A4TS0650P,2012,345
2007B2TS0115H,2007,180
2004B4TS0988H,2004,101
2009B5PS0905G,2009,259
2015A8TS0561H,2015,403
2023A4PS0304P,2023,721
2010B2TS0365P,2010,296
2014A7PS0519H,2014,388
2019AAPS0290G,2019,524
2015A3TS0350H,2015,405
2018B5PS0768P,2018,489
2023B3PS0832G,2023,713
2024B4TS0436P,2024,778
2018AAPS0961H,2018,498
2009A7TS0521H,2009,256
2017A8PS0396G,2017,458
2010B4PS0561G,2010,289
2007A8PS0820H,2007,183
2023A4TS0544H,2023,719
2024A7PS0870P,2024,838
2005A1TS0331P,2005,137
2012B5TS0942G,2012,335
2014B4TS0688G,2014,393
2020B1PS0255P,2020,559
2023A7TS0594P,2023,711
2018B3TS0824P,2018,494
2019A7TS0884P,2019,536
2018B1PS0707H,2018,494
2013AATS0734P,2013,370
2021B2PS0694H,2021,609
2015A7PS0781P,2015,400
2017A1TS0836P,2017,472
2013A4PS0685P,2013,353
2022A8PS0509H,2022,674
2006B2TS0229H,2006,164
2024A1PS0368G,2024,762
2004B4TS0678H,2004,120
2006A4TS0788H,2006,156
2019A1TS0807H,2019,537
2004B5TS0150H,2004,105
2018B3PS0167H,2018,494
2014A7PS0477G,2014,392
2024B5TS0815G,2024,760
2024A1TS0324G,2024,837
2023B5PS0195G,2023,717
2010A1PS0185P,2010,294
2006B3PS0834H,2006,167
2011A8TS0443H,2011,322
2017A7PS0697G,2017,461
2018B4TS0269G,2018,491
2021A1TS0955G,2021,640
2024B5PS0388H,2024,767
2008AAPS0772P,2008,243
2010B2TS0364P,2010,296
2013AAPS0809H,2013,372
2023B3PS0782G,2023,746
2016A8PS0988H,2016,442
2023A7PS0222P,2023,701
2020A7TS0608P,2020,569
2016A1TS0395P,2016,427
2012B3TS0622H,2012,337
2016A4PS0202H,2016,436
2012A7PS0653G,2012,340
2017A1TS0356G,2017,461
2023B3TS0787H,2023,712
2016B3TS0289G,2016,427
2017B3PS0224P,2017,456
2013B5PS0347P,2013,372
2013B2PS0021P,2013,372
2005B5TS0797H,2005,134
2008B5TS0014P,2008,245
2018B5TS0261H,2018,495
2018A3PS0450H,2018,496
2018A7PS0140G,2018,498
2015A7TS0091P,2015,413
2011B5PS0501P,2011,309
2016B2PS0511G,2016,431
2005B5PS0106G,2005,147
2021A4PS0762P,2021,619
2009B5PS0417H,2009,250
2023A7PS0094P,2023,739
2008A8TS0793G,2008,243
2013A7TS0784P,2013,350
2021AAPS0207P,2021,632
2024A7PS0052G,2024,802
2015A7PS0907P,2015,403
2005B2TS0441G,2005,132
2006B4PS0998H,2006,165
2012B4PS0144H,2012,340
2021A1TS0367P,2021,609
2004B5PS0931G,2004,107
2020A8TS0409G,2020,587
2014B4TS0830G,2014,378
2008B4PS0450G,2008,228
2018A3PS0972G,2018,485
2015A8TS0930G,2015,408
2015A4PS0208H,2015,420
2011B5PS0642P,2011,314
2022A1TS0747H,2022,673
2016A7PS0168G,2016,442
2006B4TS0343H,2006,168
2009B5TS0456G,2009,264
2012B3PS0794G,2012,347
2004B5TS0116G,2004,115
2014A7TS0324G,2014,393
2018B1TS0342P,2018,478
2004AATS0239G,2004,121
2018A3PS0292P,2018,483
2021B2PS0294H,2021,610
2006A1PS0469P,2006,167
2023A3TS0258G,2023,730
2011A3PS0832H,2011,301
2006A1PS0120P,2006,158
2022A7PS0782H,2022,650
2005B4PS0045H,2005,129
2023B2PS0831G,2023,716
2004A8TS0288H,2004,117
2020A3PS0026P,2020,573
2019B2TS0133H,2019,525
2004B2TS0285P,2004,118
2024A8TS0502G,2024,750
2023A7TS0366G,2023,729
2019A1PS0690H,2019,504
2010B2PS0841P,2010,278
2020B4TS0661G,2020,562
2014B1TS0170P,2014,386
2010B2TS0414G,2010,299
2006B1PS0932G,2006,156
2019B2TS0361H,2019,531
2007B1PS0044P,2007,184
2005A7TS0743P,2005,140
2022B2PS0125H,2022,689
2010AATS0702H,2010,299
2019A3TS0195P,2019,510
2013A1PS0765P,2013,367
2016B3TS0338P,2016,433
2009A7PS0263H,2009,251
2021A1PS0175H,2021,608
2006A3TS0371P,2006,169
2021B4PS0843H,2021,644
2017AAPS0649P,2017,459
2014A3PS0331H,2014,382
2007B3TS0447H,2007,190
2023B2PS0167P,2023,702
2019A3PS0721G,2019,520
2006B5TS0798P,2006,152
2021A4PS0266H,2021,612
2013B1TS0953G,2013,363
2004B4PS0007H,2004,116
2017B1TS0495G,2017,471
2024B3PS0010P,2024,837
2011A1TS0191H,2011,313
2006B1PS0060P,2006,168
2008B5TS0864H,2008,247
2016A3PS0518G,2016,428
2019A8PS0503G,2019,514
2014B1TS0593P,2014,377
2012A7TS0830P,2012,348
2019A3PS0160H,2019,534
2012A1TS0200H,2012,329
2012B1PS0060P,2012,339
2019A4TS0278P,2019,526
2017A3TS0973P,2017,470
2018B2PS0202H,2018,476
2019B1PS0940G,2019,519
2018A1PS0785G,2018,495
2017A7TS0293P,2017,468
2009AATS0935G,2009,267
2020B3TS0832P,2020,586
2016B5PS0256G,2016,449
2015A7TS0304G,2015,410
2021B4PS0246P,2021,602
2010B2TS0558P,2010,281
2023A7TS0817P,2023,734
2016B3TS0458P,2016,426
2018B1TS0029G,2018,493
2018B3TS0069G,2018,493
2005B2PS0583P,2005,136
2015A3PS0845P,2015,412
2019B1PS0460G,2019,517
2016B2TS0940G,2016,430
2005A8PS0012G,2005,136
2022B3TS0137P,2022,684
2007B1TS0283G,2007,192
2023A8TS0882G,2023,711
2012A4PS0181P,2012,339
2023A1TS0941P,2023,711
2007B5TS0810H,2007,193
2019A4PS0081H,2019,516
2014A3PS0551G,2014,398
2011A8TS0299P,2011,308
2004A8TS0793G,2004,102
2017B1TS0602H,2017,458
2020A3TS0051P,2020,553
2010A4PS0132P,2010,278
2005B2PS0952H,2005,138
2021A8PS0090G,2021,630
2008A8TS0500P,2008,234
2007A1TS0589G,2007,181
2015B3TS0723H,2015,411
2012B2PS0092H,2012,340
2006B5TS0051H,2006,150
2016A7TS0953G,2016,430
2021AAPS0566P,2021,631
2018A7TS0078P,2018,498
2022B1PS0532P,2022,695
2019A3PS0352G,2019,509
2012A1PS0184P,2012,344
2023A1PS0233G,2023,732
2023B3TS0217G,2023,736
2019B4TS0424H,2019,546
2012B2TS0184G,2012,344
2024B4PS0984P,2024,833
2015A3PS0636G,2015,412
2012B1TS0600G,2012,328
2016AAPS0183H,2016,449
2024A3PS0350G,2024,838
2014B2PS0780P,2014,386
2006B2PS0202G,2006,174
2020A3TS0092H,2020,585
2015B5TS0793P,2015,419
2020A4PS0103G,2020,590
2005B4PS0313H,2005,146
2021A4PS0441P,2021,647
2021A7PS0601G,2021,631
2014A7PS0544P,2014,387
2005AAPS0923H,2005,144
2004B3TS0101H,2004,117
2021A8PS0604H,2021,617
2007B1PS0117G,2007,175
2009AAPS0939P,2009,251
2013A3TS0383H,2013,360
2019B3TS0385G,2019,538
2007A3PS0593P,2007,197
2017A8TS0543G,2017,452
2012B4TS0291G,2012,325
2023B1TS0622G,2023,724
2024B2PS0065H,2024,807
2013A4PS0359P,2013,362
2005B3PS0567G,2005,142
2018B5PS0548G,2018,482
2024B4TS0872G,2024,837
2004B3TS0867G,2004,118
2021A8PS0787H,2021,618
2011B4TS0845H,2011,305
2024A3TS0390H,2024,823
2004B5TS0777P,2004,108
2013B1PS0728G,2013,371
2016A3TS0827G,2016,440
2020B3PS0992G,2020,564
2015B5TS0626H,2015,400
2024B1PS0042H,2024,843
2012A4TS0857P,2012,348
2017A7TS0510H,2017,451
2022A7PS0786P,2022,664
2021A3PS0972P,2021,648
2018B5PS0196H,2018,476
2023B3PS0059H,2023,716
2015B1TS0310H,2015,413
2012B1TS0420H,2012,339
2008B3PS0445G,2008,229
2023A4TS0832G,2023,717
2007B3PS0672G,2007,193
2008A7PS0313H,2008,240
2016B2TS0713P,2016,442
2004B1PS0521G,2004,115
2013B2PS0595H,2013,360
2022B1TS0926P,2022,691
2007B4PS0878G,2007,199
2013AATS0242G,2013,371
2017A7TS0274G,2017,453
2013A3TS0318P,2013,361
2024B2PS0445P,2024,756
2009B4PS0105H,2009,273
2015B3PS0757P,2015,406
2019A1TS0764H,2019,532
2012A4PS0870P,2012,337
2022B4TS0138G,2022,655
2023B5TS0672P,2023,731
2007AAPS0569G,2007,180
2007A4TS0596G,2007,176
2019B2PS0057P,2019,503
2007B4TS0710H,2007,196
2018A7TS0152P,2018,482
2008A1PS0376P,2008,233
2011A1PS0648P,2011,303
2024A7PS0460P,2024,786
2023A8TS0803G,2023,727
2011B3PS0724H,2011,321
2017B5PS0568P,2017,456
2007AATS0025G,2007,194
2009B3TS0892P,2009,262
2021B4TS0041P,2021,610
2020B5TS0546G,2020,569
2014A7PS0948H,2014,395
2013AATS0667H,2013,357
2021A1PS0847P,2021,646
2006B5TS0525G,2006,171
2015B2PS0979P,2015,418
2021B5PS0161P,2021,624
2021B2TS0057P,2021,632
2018B1PS0479H,2018,483
2016A7TS0541P,2016,436
2006B3TS0937H,2006,167
2018B2PS0099G,2018,484
2018B4PS0323P,2018,496
2007AATS0789G,2007,195
2011A1PS0478H,2011,307
2017B4PS0416G,2017,466
2021A8PS0746H,2021,621
2005A7TS0061P,2005,141
2009B1TS0051P,2009,270
2008AAPS0687P,2008,248
2011A7PS0838P,2011,319
2005A1PS0666H,2005,144
2022B5PS0914G,2022,689
2007A3TS0947G,2007,186
2023AATS0965P,2023,724
2006A8PS0494G,2006,154
2021B2PS0776G,2021,608
2012A4PS0686P,2012,342
2019B5PS0050G,2019,527
2005A8PS0095G,2005,130
2020B2PS0592P,2020,589
2023B2TS0803G,2023,701
2006B2PS0741H,2006,172
2014B5TS0857P,2014,377
2008A7TS0794H,2008,238
2014AAPS0846G,2014,388
2013B3TS0656G,2013,359
2008A8PS0468G,2008,248
2014A3PS0740P,2014,377
2005A8PS0992H,2005,137
2009B2TS0349G,2009,264
2020A8PS0338P,2020,592
2011A4TS0736P,2011,321
2011B3TS0102H,2011,323
2014B5TS0357H,2014,376
2005B1TS0415H,2005,127
2006AATS0761G,2006,156
2008B1PS0365G,2008,247
2004A8TS0963P,2004,111
2019B4TS0384H,2019,533
2022A4TS0934P,2022,688
2019B2TS0239G,2019,513
2019B2PS0711H,2019,517
2019A3TS0354H,2019,507
2014A4TS0379G,2014,398
2024A8PS0187G,2024,753
2020B4PS0803P,2020,566
2014A4PS0405G,2014,388
2023B2PS0636G,2023,740
2017B4TS0104H,2017,470
2022B1PS0632H,2022,665
2012B5TS0082P,2012,340
2005A8TS0843P,2005,127
2010B4PS0934G,2010,286
2012AAPS0085G,2012,335
2013B2TS0674P,2013,350
2020B1PS0995G,2020,582
2013B3TS0984G,2013,350
2018A8TS0338P,2018,492
2014A1PS0817H,2014,382
2024A8TS0351P,2024,799
2009B3PS0087P,2009,256
2018AAPS0329H,2018,488
2010A8PS0685H,2010,297
2011A8TS0865H,2011,315
2013B4TS0113H,2013,372
2012B4PS0649G,2012,329
2008B5PS0834P,2008,248
2012B4TS0477P,2012,345
2013A1TS0803G,2013,366
2021A7PS0461G,2021,617
2021A8PS0894G,2021,645
2013B2PS0716P,2013,374
2018A4PS0308H,2018,494
2011A8PS0876G,2011,320
2006A1TS0235P,2006,165
2021A4PS0480H,2021,607
2008B2TS0122P,2008,244
2012A4PS0994P,2012,342
2007B1TS0173P,2007,191
2011A7PS0911P,2011,309
2017B3TS0634P,2017,451
2012B1PS0926G,2012,346
2006B2PS0040G,2006,170
2019A8TS0693G,2019,527
2012A3PS0819H,2012,339
2024A1TS0741H,2024,807
2012AAPS0643H,2012,336
2012B3PS0651P,2012,342
2022A4PS0461H,2022,652
2018B3PS0838P,2018,480
2008A1PS0725H,2008,244
2016AATS0499P,2016,444
2021A3PS0812P,2021,643
2021A8TS0099G,2021,616
2016A7PS0254P,2016,438
2016A7TS0763G,2016,449
2004A7TS0408H,2004,101
2024AATS0262P,2024,824
2018B3TS0763P,2018,478
2023B1PS0876G,2023,713
2014A3TS0824P,2014,389
2016A8TS0391H,2016,447
2004A8TS0147H,2004,101
2019A7PS0944G,2019,542
2014B4PS0415G,2014,381
2012A8TS0239G,2012,338
2006B4PS0896G,2006,170
2015A3PS0345G,2015,407
2005AATS0121G,2005,139
2014AAPS0304P,2014,392
2007A8TS0169H,2007,195
2018A1TS0920H,2018,491
2010A8PS0505H,2010,289
2017A4TS0455G,2017,453
2008A8TS0596G,2008,233
2010A3PS0330G,2010,291
2011A7PS0109G,2011,314
2010B2TS0942P,2010,276
2005A1TS0361P,2005,147
2013A7TS0011G,2013,367
2015B5TS0733G,2015,420
2016A1TS0554G,2016,440
2013B5TS0195P,2013,374
2008A1PS0392H,2008,234
2015A8PS0998G,2015,419
2019B5PS0439H,2019,518
2011B1PS0444H,2011,310
2017A8PS0314H,2017,462
2016B5PS0525H,2016,433
2021A3PS0475P,2021,637
2009AAPS0395P,2009,256
2011B5TS0004G,2011,319
2008B3PS0049H,2008,230
2011B1TS0153P,2011,310
2008A8PS0955H,2008,235
2021A4TS0944G,2021,620
2006B4PS0035H,2006,168
2009AATS0696H,2009,266
2007A4TS0007P,2007,192
2021B5TS0867P,2021,604
2008B3TS0567G,2008,241
2006B2PS0307P,2006,150
2019AAPS0991G,2019,506
2023A3PS0519H,2023,706
2012A4PS0335P,2012,345
2014A1PS0544H,2014,381
2004B2PS0473P,2004,105
2007B3PS0702H,2007,175
2019B3PS0801G,2019,511
2010B1PS0617H,2010,294
2012A8PS0746H,2012,340
2010B4TS0724G,2010,296
2012B4PS0784G,2012,330
2020AAPS0050G,2020,599
2007A1TS0651G,2007,175
2016B2TS0253G,2016,434
2010B3PS0869H,2010,287
2015B5PS0810H,2015,404
2008AAPS0062G,2008,232
2022B1TS0600H,2022,655
2018A4TS0783G,2018,477
2024A8TS0946G,2024,842
2015AATS0229H,2015,401
2018B4PS0888H,2018,480
2009B2PS0142P,2009,270
2015A4PS0699P,2015,418
2023B5TS0633G,2023,717
2021B2TS0977P,2021,613
2008A4PS0993H,2008,240
2019A7TS0769P,2019,523
2022A1TS0119H,2022,695
2021B3TS0056G,2021,605
2014B2TS0817H,2014,397
2012AAPS0277P,2012,333
2008A7PS0109P,2008,234
2009B4PS0116P,2009,254
2004AATS0073H,2004,114
2010A4TS0192P,2010,292
2023A4PS0446P,2023,740
2022B5PS0251H,2022,656
2023B5TS0081H,2023,733
2004B5PS0522G,2004,120
2004A4TS0394H,2004,101
2006A7TS0072P,2006,151
2020A3PS0491H,2020,580
2008B5TS0215G,2008,239
2011A7PS0865P,2011,320
2010A7PS0888G,2010,277
2017B2TS0889P,2017,464
2020B2PS0944H,2020,585
2023B2TS0408G,2023,734
2020B2TS0479G,2020,578
2009AAPS0681H,2009,251
2013A1PS0029G,2013,356
2015A1TS0283G,2015,413
2010B5PS0992P,2010,284
2008B4PS0776H,2008,237
2011AAPS0393G,2011,314
2019A4PS0947P,2019,544
2005B1PS0277H,2005,133
2011AATS0987P,2011,322
2022AAPS0448P,2022,677
2020A8TS0190P,2020,589
2008A4TS0721G,2008,234
2021B1PS0286G,2021,629
2023B4PS0773P,2023,729
2010A8PS0255G,2010,288
2017A4TS0138H,2017,463
2011A4TS0101H,2011,313
2015A4TS0678G,2015,402
2016B4TS0022H,2016,445
2004A4TS0630H,2004,104
2014A1TS0237G,2014,390
2017AAPS0713G,2017,471
2016A8TS0258P,2016,430
2006B2PS0930P,2006,161
2016B5PS0142H,2016,431
2015AATS0149P,2015,402
2008B1TS0789P,2008,238
2008A8PS0883H,2008,241
2005A8PS0553H,2005,133
2004A7TS0444H,2004,116
2019A8PS0384P,2019,545
2008B2PS0045H,2008,225
2020A3TS0542H,2020,559
2012A7TS0931P,2012,328
2016A1PS0329G,2016,438
2008B2PS0928H,2008,243
2013B1PS0867H,2013,372
2019B3TS0197H,2019,506
2023A4TS0925P,2023,716
2017AAPS0211P,2017,472
2023B1TS0106P,2023,738
2019B1TS0790P,2019,537
2020B1PS0818P,2020,581
2017AATS0395P,2017,465
2021B2PS0965P,2021,633
2016A1PS0810G,2016,445
2009AAPS0516G,2009,257
2022B3PS0319P,2022,665
2019B4TS0887H,2019,517
2024B2TS0434G,2024,831
2006AATS0923H,2006,163
2008A1PS0180H,2008,241
2019B1PS0503P,2019,539
2016B3PS0707H,2016,446
2014B5TS0452G,2014,383
2004B2TS0973G,2004,100
2022A4PS0113P,2022,698
2020B4TS0037P,2020,580
2010B2TS0639G,2010,290
2016B1TS0324P,2016,444
2022A1PS0635H,2022,678
2017B1TS0384P,2017,456
2015A3PS0424G,2015,418
2015B2PS0359H,2015,401
2009B1TS0907G,2009,262
2005A1TS0447G,2005,134
2013A1TS0448G,2013,369
2023A3TS0937P,2023,710
2013A4TS0222H,2013,373
2020A4TS0114H,2020,586
2007B3PS0218G,2007,177
2009A7TS0444G,2009,260
2006A4PS0503G,2006,154
2005A1PS0118P,2005,135
2004B3PS0928H,2004,112
2015A8PS0046G,2015,406
2010A7TS0821H,2010,294
2020AAPS0017P,2020,587
2014A1TS0843P,2014,395
2010A7PS0738G,2010,288
2010A4TS0819P,2010,293
2015B2PS0775H,2015,405
2012A8TS0367H,2012,347
2012B2TS0932G,2012,340
2016A4TS0265H,2016,427
2021A3TS0926H,2021,615
2009A8TS0206P,2009,255
2024A3TS0544P,2024,776
2017A3PS0672H,2017,457
2014A4PS0030H,2014,384
2011A4TS0258G,2011,304
2008B5PS0394P,2008,243
2021A7PS0985G,2021,626
2017A1TS0032G,2017,453
2006A8TS0172P,2006,158
2018B2PS0487G,2018,479
2017A4PS0620H,2017,454
2015A3TS0857G,2015,414
2010A8TS0079P,2010,281
2015A8TS0609H,2015,404
2011A8TS0649P,2011,314
2019B5PS0352H,2019,528
2024B1PS0929P,2024,849
2010B4PS0097P,2010,285
2016AATS0613P,2016,444
2010B2PS0703G,2010,283
2014A7PS0967H,2014,375
2013B3PS0402P,2013,364
2016B1PS0155P,2016,445
2018A7TS0669H,2018,495
2012B2PS0739G,2012,346
2006B5PS0540H,2006,155
2019B2TS0125H,2019,518
2005B4PS0928G,2005,142
2009AATS0701P,2009,269
2024B1TS0367P,2024,829
2012A4TS0885P,2012,332
2015A8TS0294P,2015,411
2009B3PS0950P,2009,261
2007A7PS0946H,2007,194
2013B4PS0782G,2013,369
2022A7TS0689G,2022,679
2010A1PS0666H,2010,291
2006B1PS0818P,2006,174
2017B2PS0769P,2017,469
2020AATS0449P,2020,590
2022B5TS0716G,2022,650
2007A1TS0062H,2007,197
2015A8TS0503G,2015,423
2020B5TS0628G,2020,584
2022B3PS0853H,2022,691
2013B2PS0046G,2013,368
2004B4TS0482G,2004,100
2023B3PS0201G,2023,713
2016B4TS0422P,2016,427
2010B1TS0499H,2010,296
2020A3PS0133H,2020,588
2023B3TS0125H,2023,723
2015A1PS0465P,2015,414
2007B1PS0235P,2007,194
2022A4TS0126H,2022,684
2011A3TS0699H,2011,313
2016B1PS0615P,2016,447
2013B4TS0972P,2013,371
2008A1TS0554G,2008,246
2018A8TS0203H,2018,478
2013A4PS0087P,2013,369
2008B1PS0974P,2008,236
2022A4PS0643P,2022,675
2009A8PS0553P,2009,253
2023B4PS0555H,2023,737
2020A8TS0915H,2020,569
2005A1PS0772G,2005,143
2009B5PS0461H,2009,270
2005B1TS0992P,2005,144
2017B1TS0620P,2017,462
2021B2PS0428H,2021,648
2018B2PS0525H,2018,489
2007B3PS0398G,2007,197
2007AATS0198H,2007,198
2008A8TS0443P,2008,225
2012A3PS0477G,2012,338
2004AATS0553G,2004,104
2020A1TS0336H,2020,552
2018A1PS0665G,2018,482
2014B1TS0071P,2014,378
2004AAPS0960H,2004,123
2018B4PS0043P,2018,496
2011A8TS0077P,2011,320
2013B3PS0109P,2013,355
2005B2TS0115P,2005,149
2006A1PS0834G,2006,161
2017B1TS0867H,2017,455
2024A3PS0729H,2024,846
2007A7PS0906P,2007,192
2022B5TS0549P,2022,653
2015A1TS0897G,2015,420
2020A8TS0140H,2020,588
2012A8TS0142G,2012,331
2009A3TS0735H,2009,271
2011B5TS0276P,2011,320
2014A1TS0274G,2014,377
2021B4TS0444G,2021,613
2015A8PS0500H,2015,422
2007A8PS0707G,2007,194
2021B4TS0801G,2021,637
2006B1TS0868P,2006,165
2008A8PS0684G,2008,236
2021A7TS0040H,2021,618
2006A7PS0266P,2006,163
2011A8PS0763G,2011,309
2013A7PS0057G,2013,368
2007A7PS0186P,2007,196
2019A7TS0504P,2019,519
2023A8PS0318P,2023,729
2011A8PS0960G,2011,313
2008B3TS0985H,2008,230
2012B5TS0057G,2012,339
2015A4PS0703G,2015,412
2018A4PS0528H,2018,498
2022A7PS0487G,2022,658
2012B2PS0726H,2012,331
2009B3TS0854P,2009,262
2019AATS0886H,2019,514
2020B4TS0972G,2020,568
2023B3PS0516H,2023,740
2010B2TS0003P,2010,286
2021B2TS0208P,2021,638
2019B1PS0227G,2019,547
2013B2PS0842G,2013,367
2016B4TS0776H,2016,443
2005B4TS0279G,2005,138
2023AATS0190P,2023,717
2013B5TS0167G,2013,371
2005A4TS0364G,2005,145
2008B4TS0908G,2008,244
2022A8TS0218G,2022,688
2008A1TS0530H,2008,242
2012AAPS0505G,2012,349
2020A7PS0234G,2020,557
2008B5TS0437P,2008,245
2015A3TS0108H,2015,412
2016A4TS0929P,2016,426
2021A4PS0042P,2021,614
2017B2PS0897P,2017,455
2009B3PS0663G,2009,262
2013A1TS0918G,2013,350
2018AAPS0431P,2018,484
2011B2TS0037P,2011,320
2008B5TS0853G,2008,238
2022A3PS0314G,2022,679
2013B1PS0574H,2013,356
2022A8PS0634H,2022,699
2019B4PS0960P,2019,529
2011A8PS0266P,2011,309
2007B3PS0762H,2007,178
2019A3PS0486P,2019,520
2020B3TS0827G,2020,588
2006A7TS0357P,2006,164
2022B2PS0191H,2022,666
2023A8TS0694G,2023,728
2018A4TS0406P,2018,479
2004A8TS0273P,2004,114
2024B1PS0886P,2024,790
2019B5TS0296H,2019,538
2016A7TS0120H,2016,445
2021B3PS0939H,2021,624
2015B2TS0298H,2015,401
2008AAPS0708H,2008,235
2007B3PS0956H,2007,197
2022A8TS0224P,2022,676
2005B3TS0273P,2005,137
2004B1PS0849P,2004,107
2008B1TS0520P,2008,229
2007B2TS0981H,2007,186
2020B3PS0206G,2020,551
2022A4TS0647G,2022,682
2015A8TS0205G,2015,415
2016A3TS0520G,2016,439
2022B4TS0725P,2022,690
2004B3PS0738P,2004,121
2004B1PS0600H,2004,101
2005B2TS0107H,2005,129
2021A7TS0813P,2021,645
2010A1TS0547P,2010,288
2011A1TS0178H,2011,304
2010A7PS0653H,2010,293
2011AAPS0988H,2011,323
2009AAPS0392G,2009,266
2021A4TS0482G,2021,614
2019A4TS0855G,2019,521
2021A4PS0646H,2021,611
2019B4PS0775H,2019,539
2014A4TS0091P,2014,381
2013B3TS0806P,2013,373
2008A8TS0687H,2008,239
2022B3TS0932P,2022,688
2010A7TS0611P,2010,278
2007A7TS0471H,2007,188
2017AAPS0026H,2017,466
2012B4PS0754G,2012,343
2014B2TS0919H,2014,394
2008A4TS0563G,2008,244
2013A7PS0027G,2013,358
2020A1PS0583P,2020,577
2009A1PS0163G,2009,257
2008B4TS0930G,2008,243
2016A1PS0042P,2016,445
2013A3TS0803H,2013,361
2011A4PS0120G,2011,309
2021A4PS0401P,2021,619
2006B5PS0294G,2006,167
2010B3TS0417H,2010,293
2006A1TS0077G,2006,166
2022B2TS0819P,2022,674
2019A4PS0613H,2019,539
2015A1PS0839H,2015,405
2010A1TS0851G,2010,280
2022B5TS0443P,2022,664
2005A4TS0974H,2005,141
2013B4PS0446H,2013,368
2017B3PS0914G,2017,461
2009A7TS0489P,2009,250
2005B4PS0785P,2005,130
2015A8PS0941P,2015,404
2017A1PS0065H,2017,472
2018A3TS0967H,2018,483
2011B3PS0660P,2011,314
2015B3TS0982P,2015,421
2010B1PS0497H,2010,276
2019B3TS0022H,2019,522
2023A4TS0720G,2023,710
2018AAPS0342G,2018,491
2011B4PS0539G,2011,305
2022A8TS0769G,2022,665
2012B1TS0415G,2012,348
2022B4TS0819H,2022,671
2007AAPS0331P,2007,196
2021B4TS0481H,2021,632
2006B5TS0889P,2006,158
2011A3TS0556P,2011,316
2016A7TS0894H,2016,426
2014B2TS0711H,2014,385
2013A8TS0536P,2013,365
2021A1TS0205H,2021,620
2006B3TS0985P,2006,168
2008B1TS0009P,2008,238
2013AATS0955P,2013,356
2007B1TS0918G,2007,198
2011B2PS0726H,2011,323
2018B1PS0669G,2018,476
2007B1TS0607G,2007,183
2015AATS0386H,2015,424
2019A8TS0648P,2019,547
2017B2PS0159H,2017,461
2016B5PS0484G,2016,430
2005A7TS0872H,2005,133
2022B3TS0983P,2022,669
2011B5TS0002P,2011,321
2005A4PS0795P,2005,128
2005B2TS0956G,2005,126
2014A1TS0134P,2014,380
2011B2TS0090H,2011,322
2009B3TS0845G,2009,269
2015B2TS0947G,2015,416
2022AAPS0628P,2022,690
2010B3PS0350P,2010,275
2010A4TS0341H,2010,280
2007B3PS0857G,2007,198
2023A3PS0430G,2023,734
2023B1TS0181P,2023,721
2020A7PS0254H,2020,563
2021B4PS0438G,2021,616
2007B5PS0514G,2007,185
2012A4TS0879G,2012,341
2014B3PS0520G,2014,375
2023AAPS0837H,2023,724
2007A1PS0274P,2007,199
2013A8PS0287G,2013,368
2016A1PS0756G,2016,433
2015A1TS0821G,2015,417
2014A1TS0850P,2014,381
2004B4PS0685H,2004,120
2019A4PS0416H,2019,548
2018B5TS0920H,2018,485
2011B1PS0178G,2011,319
2016B5PS0196H,2016,435
2018A1PS0288H,2018,487
2010B1PS0441G,2010,281
2021A3PS0889P,2021,645
2022A7PS0045G,2022,694
2019B4TS0850P,2019,522
2019B2PS0792P,2019,524
2005B2TS0424P,2005,143
2009B4TS0852G,2009,262
2010A8PS0583H,2010,299
2011A8PS0500H,2011,301
2006B1PS0043P,2006,170
2022A8PS0157H,2022,659
2015B1PS0570H,2015,412
2020A4PS0787P,2020,568
2007A1PS0536H,2007,176
2012A4TS0031H,2012,333
2021B5PS0284G,2021,628
2006A1TS0561H,2006,170
2019AAPS0217H,2019,518
2009A7TS0563P,2009,263
2005B4PS0866P,2005,135
2010A3PS0741H,2010,293
2004AATS0447P,2004,123
2017A3TS0406G,2017,467
2022A8TS0589G,2022,650
2021A3PS0856H,2021,612
2004B1TS0740P,2004,116
2014A1TS0649H,2014,398
2024B5PS0168G,2024,810
2005A3PS0498P,2005,146
2011B3TS0536H,2011,305
2016B2PS0037G,2016,440
2019A3PS0040P,2019,537
2007A7PS0207H,2007,192
2015B2TS0790H,2015,408
2009B1TS0648P,2009,252
2019AATS0075P,2019,507
2004AATS0969G,2004,124
2022AATS0534G,2022,673
2018A4PS0526P,2018,482
2015B2PS0304H,2015,424
2019A8TS0461H,2019,539
2021A1PS0530G,2021,635
2023B4TS0467P,2023,742
2011B4PS0203G,2011,301
2008A8TS0983P,2008,244
2015B4PS0442G,2015,408
2016B1PS0197G,2016,448
2023B1PS0175H,2023,726
2011B2PS0138G,2011,312
2012A3TS0782P,2012,325
2023B3TS0733P,2023,719
2014B5PS0780G,2014,384
2015AAPS0426G,2015,413
2023B2TS0854H,2023,709
2010B4TS0217H,2010,290
2022AATS0719G,2022,654
2016B2PS0565P,2016,425
2008B4TS0819P,2008,247
2009B4PS0205H,2009,269
2012A4TS0469H,2012,334
2005A4TS0140G,2005,148
2006A8PS0922H,2006,153
2010B1PS0868H,2010,294
2015B1PS0853P,2015,418
2024A7TS0807G,2024,839
2019AAPS0247H,2019,542
2008B3PS0016G,2008,238
2023A8TS0086G,2023,738
2023B4TS0876P,2023,707
2021A1PS0805G,2021,640
2006B5PS0328P,2006,158
2024B5PS0418P,2024,833
2009B4PS0657H,2009,253
2006B4TS0201P,2006,154
2019B4PS0816G,2019,505
2017B3PS0241H,2017,473
2017A7PS0527P,2017,463
2021A1TS0249P,2021,616
2020B1TS0216H,2020,555
2007B4PS0242H,2007,182
2012A4TS0440H,2012,338
2021B5TS0287G,2021,600
2013B4TS0479G,2013,367
2024B4PS0622H,2024,754
2004A8TS0566G,2004,114
2018B2TS0888G,2018,475
2006B4PS0909G,2006,150
2004B4TS0546P,2004,120
2018A3PS0676G,2018,493
2018B3PS0020G,2018,479
2007A3PS0717H,2007,198
2022A7TS0486P,2022,695
2012B4PS0524P,2012,349
2017A7TS0550G,2017,455
2024A3TS0028G,2024,760
2009B3TS0903G,2009,262
2004AATS0046G,2004,100
2007B4PS0139H,2007,178
2008A4TS0085P,2008,236
2022A4PS0035H,2022,666
2017B3PS0608P,2017,474
2024B3PS0886H,2024,797
2006A4PS0430P,2006,172
2011A1PS0850H,2011,321
2014A1PS0210H,2014,396
2009B5TS0817G,2009,258
2012AAPS0210P,2012,349
2013B4PS0907G,2013,362
2021AATS0543G,2021,614
2005AAPS0372H,2005,132
2015A1PS0671H,2015,423
2018A7TS0331H,2018,494
2021A3PS0727P,2021,608
2022B4PS0262H,2022,654
2006B2TS0836G,2006,160
2023A1PS0663G,2023,723
2015AATS0685G,2015,403
2004B1PS0823P,2004,118
2020B5TS0090H,2020,599
2021A8TS0048H,2021,629
2005A7TS0193H,2005,126
2018AATS0099G,2018,496
2019B2PS0793P,2019,504
2016B2TS0828H,2016,430
2005A7TS0227H,2005,145
2006A1TS0408P,2006,157
2011B4TS0235G,2011,302
2018AATS0831G,2018,487
2022A8PS0718H,2022,670
2021B4TS0502H,2021,635
2004B1TS0925G,2004,112
2005B5PS0077P,2005,137
2020A3TS0521G,2020,587
2021A1TS0769G,2021,637
2020A1TS0484P,2020,563
2021A1PS0476P,2021,633
2011A3TS0773G,2011,307
2012B1PS0983P,2012,342
2018B5TS0950G,2018,498
2014A8TS0683G,2014,383
2015AAPS0467P,2015,422
2024A4PS0299G,2024,814
2022AAPS0716G,2022,679
2018A1TS0570P,2018,480
2006B4PS0514G,2006,160
2018A8PS0699H,2018,496
2008B5PS0001H,2008,245
2018B5PS0115P,2018,477
2020A7PS0510P,2020,564
2007B5TS0296P,2007,196
2023B3TS0465P,2023,716
2024AAPS0535G,2024,823
2018A8PS0627H,2018,493
2007B5TS0924H,2007,182
2024B4TS0808G,2024,781
2022B2PS0300H,2022,681
2020B5PS0957P,2020,566
2007A8TS0131G,2007,187
2013AAPS0245H,2013,359
2014B3TS0941H,2014,387
2009A7TS0110H,2009,272
2015B2PS0452G,2015,422
2017A7TS0386G,2017,471
2015B1TS0220H,2015,407
2004A1PS0567P,2004,123
2024B4PS0667P,2024,751
2016AAPS0419G,2016,446
2014B5TS0292P,2014,399
2017AAPS0491G,2017,465
2020A3PS0278G,2020,568
2021B1TS0289P,2021,637
2021AAPS0590G,2021,620
2023A3TS0694H,2023,748
2024B2PS0028H,2024,840
2004B1PS0032P,2004,117
2012B2PS0972G,2012,342
2004A8TS0778H,2004,124
2023B3TS0246P,2023,704
2015A4TS0436H,2015,409
2007A8PS0549P,2007,177
2015A3PS0654P,2015,421
2013B4TS0184G,2013,356
2019B5TS0921H,2019,517
2004A8TS0812H,2004,118
2020AATS0681H,2020,558
2009A8TS0948G,2009,254
2008B2PS0698P,2008,239
2005A8PS0189H,2005,138
2010AAPS0924G,2010,294
2013B4PS0729P,2013,363
2018AATS0956P,2018,475
2008A1TS0206G,2008,228
2015B1TS0821H,2015,403
2016B1TS0457P,2016,434
2017B5TS0641G,2017,465
2004A3TS0082H,2004,120
2013A3PS0713H,2013,353
2005B5PS0613H,2005,138
2019B4TS0247G,2019,533
2017B2TS0722P,2017,473
2004A1TS0675G,2004,103
2024B3TS0599P,2024,776
2004AAPS0380P,2004,114
2017B5TS0509P,2017,456
2018B1TS0253H,2018,478
2009A4TS0950P,2009,252
2010AAPS0468G,2010,284
2017A4PS0874H,2017,460
2006A3PS0516G,2006,168
2023B2PS0645H,2023,723
2015B3TS0526P,2015,403
2009A7TS0523G,2009,251
2008B2TS0138P,2008,231
2008A1TS0327P,2008,248
2014A3PS0201H,2014,392
2024A8TS0899H,2024,814
2011A8PS0174G,2011,320
2005A4TS0370G,2005,133
2009B3TS0081G,2009,268
2023B3TS0581H,2023,747
2010AATS0669H,2010,280
2004A8PS0189P,2004,102
2023B2TS0499P,2023,725
2008B1PS0860G,2008,225
2009A4TS0698P,2009,252
2014A8TS0949P,2014,394
2008AAPS0964P,2008,225
2006AATS0051G,2006,168
2021A7PS0878G,2021,640
2021AAPS0624H,2021,616
2020A8PS0454G,2020,569
2021B2PS0792G,2021,621
2017B4TS0013H,2017,471
2013B4TS0016G,2013,374
2011A8PS0958P,2011,316
2005AATS0062P,2005,133
2007AATS0890G,2007,196
2009A1TS0012G,2009,251
2019B5PS0883G,2019,503
2023A1PS0101P,2023,742
2006B2TS0789G,2006,150
2023B3PS0741G,2023,718
2023A3PS0121G,2023,710
2009A1PS0583P,2009,263
2009A3PS0748P,2009,259
2017A8PS0692P,2017,456
2008B3PS0423G,2008,227
2014B2PS0352G,2014,379
2018B5PS0148P,2018,489
2008A3TS0418H,2008,243
2009B4TS0181G,2009,254
2023B4PS0401P,2023,706
2012A8TS0431P,2012,343
2009A3TS0502H,2009,253
2009A3PS0472H,2009,274
2018B1PS0442P,2018,498
2016AAPS0824H,2016,426
2015B5PS0350G,2015,423
2021B1TS0999G,2021,640
2024A7TS0881P,2024,760
2010B2TS0010G,2010,289
2005A8PS0140P,2005,140
2017AAPS0526P,2017,455
2012B5PS0277G,2012,340
2016A7TS0959H,2016,438
2004B3PS0365G,2004,112
2010B3PS0703H,2010,295
2014A8TS0927G,2014,378
2013B2TS0747G,2013,358
2014A3TS0746G,2014,398
2006A3PS0067P,2006,157
2017B4TS0997H,2017,455
2016A7PS0156P,2016,437
2023B5PS0951P,2023,707
2012B3PS0030H,2012,330
2015A8TS0586H,2015,415
2021AATS0597H,2021,625
2017B5PS0281H,2017,473
2018B2TS0732G,2018,493
2010B5TS0859P,2010,296
2024B3TS0120G,2024,806
2009B5TS0267H,2009,274
2018A7PS0224G,2018,499
2012AAPS0255G,2012,339
2021B2TS0665P,2021,645
2020A8PS0238G,2020,592
2020A3PS0178G,2020,576
2020B3PS0358G,2020,581
2004AAPS0564P,2004,113
2013A4TS0646G,2013,360
2006A3TS0687P,2006,163
2023A4TS0704H,2023,740
2010A4TS0353P,2010,283
2024A3PS0061G,2024,827
2023A8TS0308P,2023,724
2016A1TS0310H,2016,446
2023B5TS0702P,2023,731
2014B1PS0010P,2014,375
2023A8PS0760P,2023,737
2015A1TS0129P,2015,406
2011A4PS0162P,2011,308
2006AAPS0283G,2006,151
2018B3TS0569P,2018,481
2011A7PS0156G,2011,308
2020B5PS0720G,2020,576
2022A7PS0992G,2022,650
2015B3TS0851P,2015,407
2009B5TS0419H,2009,272
2021B2PS0042P,2021,612
2022B3PS0543G,2022,653
2011A8TS0565H,2011,303
2007B5PS0966G,2007,196
2010A3TS0281G,2010,277
2011A1PS0318G,2011,303
2020B1PS0241P,2020,573
2009B1TS0628P,2009,264
2011A8PS0002P,2011,302
2005B4PS0453G,2005,126
2018B4PS0995G,2018,482
2021B3PS0356P,2021,649
2019A7TS0688G,2019,500
2007B4TS0293P,2007,181
2017A8PS0658H,2017,474
2007B2PS0214H,2007,176
2013B4PS0946G,2013,356
2014B1PS0473H,2014,381
2008B2TS0403G,2008,246
2012A1PS0539G,2012,333
2006B4PS0521P,2006,168
2008AATS0401G,2008,227
2024A7PS0853H,2024,830
2010B1TS0503G,2010,278
2021B3PS0468P,2021,612
2014B4TS0663P,2014,390
2018A8TS0358H,2018,487
2010A4TS0734G,2010,286
2010B4PS0123H,2010,283
2023A3PS0479G,2023,710
2006B1PS0061G,2006,171
2005A4PS0039H,2005,136
2016B2PS0366P,2016,434
2021B3TS0848P,2021,614
2015A7PS0858P,2015,419
2011A1TS0394P,2011,311
2014B5PS0206G,2014,378
2024A3TS0801P,2024,778
2021A7TS0585H,2021,602
2024AAPS0169P,2024,765
2014A7PS0485G,2014,376
2012B3PS0542P,2012,328
2008B3PS0926H,2008,243
2022A1PS0969H,2022,683
2021B2PS0601H,2021,610
2024A7PS0353H,2024,754
2020A4PS0320P,2020,599
2014A3PS0236H,2014,396
2007B2PS0012P,2007,199
2004B4TS0682H,2004,102
2018B2TS0690P,2018,475
2018B1PS0444H,2018,476
2016B2PS0183H,2016,446
2016B4PS0557H,2016,430
2019A7PS0495H,2019,534
2012B5PS0993P,2012,340
2019B2PS0115P,2019,539
2024B5PS0719G,2024,795
2011B3TS0045P,2011,317
2023A1PS0612G,2023,707
2016A4PS0745H,2016,442
2007B1TS0801G,2007,197
2012A7PS0805P,2012,339
2008A7TS0910G,2008,239
2005B2TS0861P,2005,140
2020A1PS0369H,2020,560
2020B5PS0728G,2020,599
2019B2PS0353G,2019,506
2024AAPS0907H,2024,793
2014AAPS0094H,2014,381
2008B5TS0894G,2008,225
2022B4PS0596H,2022,667
2018B2PS0503P,2018,477
2024A7PS0707G,2024,789
2006A3PS0521P,2006,171
2009B5PS0960G,2009,262
2020A4PS0873H,2020,590
2014AAPS0397H,2014,380
2012B3TS0811H,2012,347
2008A7PS0208G,2008,245
2023AATS0757G,2023,700
2017A8PS0655G,2017,461
2014A8PS0255G,2014,383
2009B2TS0781H,2009,274
2023AAPS0590H,2023,742
2009B5TS0064G,2009,262
2017B5TS0538G,2017,462
2024B1PS0399G,2024,771
2017B5PS0150G,2017,464
2014B1PS0956H,2014,382
2013AATS0850P,2013,366
2008B2TS0837H,2008,236
2020B3PS0954G,2020,561
2018B5PS0568P,2018,486
2005A3PS0307H,2005,148
2011B5PS0330P,2011,314
2005B4PS0503G,2005,135
2013A3TS0518G,2013,350
2013A3TS0990G,2013,364
2011A1TS0394P,2011,316
2007A8TS0385G,2007,182
2013B5TS0158P,2013,354
2009B3TS0888P,2009,260
2010A7TS0839P,2010,286
2010A3PS0772H,2010,292
2007A1TS0967H,2007,183
2024A8TS0122P,2024,834
2016B5TS0790G,2016,428
2006B1TS0595G,2006,167
2017A4PS0520P,2017,474
2006B3TS0524P,2006,155
2021B4PS0455H,2021,607
2021A7TS0776G,2021,643
2006B1PS0902G,2006,167
2006B4PS0810G,2006,150
2015A4TS0024H,2015,407
2007B3TS0893G,2007,184
2022B3PS0551H,2022,661
2017A8TS0382P,2017,471
2016A8PS0257H,2016,438
2019B2PS0932G,2019,509
2005B3TS0711G,2005,146
2011A3TS0844P,2011,309
2008B4PS0662G,2008,238
2019A1PS0496H,2019,532
2018B4TS0644P,2018,492
2007AAPS0220H,2007,189
2020A7PS0704H,2020,593
2011AAPS0753H,2011,306
2020B2TS0116P,2020,598
2021B1TS0398G,2021,637
2006B3TS0320H,2006,154
2021A8PS0991G,2021,621
2011B1TS0985P,2011,310
2007AAPS0893G,2007,193
2012A4TS0499H,2012,348
2013B1TS0266G,2013,354
2022A1PS0629H,2022,665
2017A3PS0816P,2017,455
2021AAPS0469H,2021,642
2007B1TS0216P,2007,180
2015A1TS0928P,2015,411
2022B4TS0624P,2022,656
2008B3TS0952P,2008,226
2010B3PS0251H,2010,286
2012B3TS0639P,2012,342
2007AATS0037P,2007,191
2007A4TS0555G,2007,184
2009B5TS0136H,2009,272
2004AAPS0541G,2004,102
2006A8PS0087P,2006,171
2013AATS0848G,2013,351
2010B1PS0182P,2010,287
2019B4TS0315P,2019,535
2021B4TS0305H,2021,635
2022B2TS0139H,2022,691
2023B4PS0576P,2023,720
2019B1PS0874G,2019,520
2012A7TS0031G,2012,332
2004AAPS0748G,2004,120
2013A8PS0239H,2013,374
2017B4TS0576H,2017,456
2021A7TS0879P,2021,624
2018A1TS0909G,2018,499
2023B3TS0389G,2023,713
2021A1PS0637P,2021,623
2024B5PS0516P,2024,849
2007B4PS0864H,2007,192
2017A4TS0017P,2017,459
2011AATS0572H,2011,323
2006A7PS0401H,2006,150
2004A1PS0469G,2004,102
2011B5TS0907P,2011,313
2022A7PS0550P,2022,693
2008B1TS0854H,2008,240
2024B2PS0766G,2024,825
2004B4PS0504G,2004,121
2010AATS0538P,2010,277
2010A8PS0689P,2010,276
2005A8PS0517G,2005,148
2015A1PS0369H,2015,421
2013B2TS0201G,2013,365
2006B4PS0615H,2006,150
2006A8TS0514H,2006,169
2006AATS0812H,2006,157
2014A1PS0849G,2014,383
2005A3PS0837P,2005,133
2022B3PS0971H,2022,657
2005A8TS0101H,2005,141
2014B5PS0836P,2014,379
2019B5PS0704P,2019,521
2019AAPS0208H,2019,538
2023A1PS0955H,2023,704
2013B3PS0605P,2013,361
2020A3TS0906H,2020,552
2013B1PS0795P,2013,362
2018B3TS0072H,2018,479
2005B4TS0554H,2005,139
2004B1TS0725G,2004,116
2020A1PS0375P,2020,555
2015A3PS0950P,2015,419
2013A3PS0132P,2013,362
2016AATS0583P,2016,426
2015A4PS0008G,2015,412
2009B1TS0364H,2009,269
2020A4TS0028P,2020,569
2022B1TS0646H,2022,692
2017A3TS0930G,2017,469
2017A4TS0212G,2017,474
2017A1PS0859G,2017,471
2011A3PS0281P,2011,324
2011B5TS0566P,2011,310
2018B4PS0019G,2018,498
2004A4TS0662P,2004,110
2021B4PS0038G,2021,629
2016A4PS0689H,2016,432
2024B5TS0733G,2024,758
2004A4PS0708P,2004,109
2023B2PS0580G,2023,733
2012B3PS0425G,2012,330
2024A3TS0480G,2024,840
2013B3PS0408H,2013,354
2014AAPS0073P,2014,384
2024A3PS0737G,2024,791
2004A7TS0543P,2004,111
2005B3PS0545G,2005,149
2019B3TS0888G,2019,510
2007B4PS0906G,2007,175
2010AATS0165G,2010,278
2008A7PS0693G,2008,234
2019A1PS0380H,2019,543
2021A3TS0918H,2021,624
2017B5TS0811P,2017,455
2008B3TS0853G,2008,231
2019A1PS0256P,2019,502
2019B4PS0648H,2019,522
2005B3TS0200H,2005,146
2004A8TS0485H,2004,119
2024B5TS0047H,2024,759
2005A7TS0612G,2005,143
2017A8PS0668P,2017,467
2024B3TS0240H,2024,826
2015A1TS0285P,2015,415
2023A1PS0750G,2023,702
2020B1TS0120G,2020,565
2017B5PS0309G,2017,460
2010B5PS0804P,2010,286
2005A4TS0755G,2005,144
2016B2PS0091H,2016,428
2024A4TS0517G,2024,810
2012B5TS0193P,2012,333
2008B2PS0488H,2008,233
2011B2TS0583G,2011,306
2021B1PS0524G,2021,604
2018AAPS0366P,2018,498
2009A8PS0062P,2009,273
2021B3TS0208P,2021,626
2022B3TS0379H,2022,693
2008A3TS0691G,2008,238
2012AAPS0662G,2012,340
2011B3PS0822P,2011,307
2020B2TS0871G,2020,567
2018B2TS0894H,2018,480
2007A1TS0574H,2007,188
2022B3TS0837P,2022,679
2023B1PS0932P,2023,728
2023B2PS0143G,2023,732
2005A7TS0899H,2005,144
2004A3PS0748P,2004,115
2012A3TS0396H,2012,330
2007A7TS0834H,2007,189
2014B3PS0426H,2014,386
2008A8PS0560G,2008,226
2019B1TS0943G,2019,505
2016AATS0254P,2016,442
2024B2TS0237P,2024,789
2022A3TS0560P,2022,679
2017B1TS0808P,2017,466
2010B4PS0111G,2010,282
2004B2TS0669G,2004,123
2008B3TS0066G,2008,226
2015A8PS0257G,2015,405
2007B1TS0629P,2007,175
2007B2TS0875H,2007,177
2020A7TS0698P,2020,576
2016B2PS0338H,2016,443
2021B5PS0565G,2021,642
2005B3PS0296G,2005,125
2008A1PS0122G,2008,240
2019B2TS0898H,2019,504
2009B2TS0720G,2009,257
2020B2TS0665G,2020,587
2011B4TS0156G,2011,302
2012B4TS0898P,2012,330
2014B1PS0334P,2014,375
2004A4PS0348G,2004,110
2007B1TS0284H,2007,187
2009B1PS0941P,2009,255
2015B5TS0036G,2015,418
2013B2PS0811P,2013,371
2012B3TS0586G,2012,332
2018B1PS0600H,2018,475
2012B2PS0447H,2012,339
2020B5PS0314G,2020,579
2005B2PS0238H,2005,139
2008A7TS0932G,2008,245
2004B3PS0336H,2004,115
2022B1TS0344H,2022,683
2023B2TS0317P,2023,701
2005A1TS0559H,2005,141
2020B1TS0696G,2020,550
2019AATS0810P,2019,526
2008B5PS0118H,2008,248
2014A8TS0457G,2014,398
2020A1PS0689P,2020,588
2023A8TS0349G,2023,733
2022B5PS0460P,2022,650
2005A8TS0817H,2005,141
2016A4PS0808G,2016,448
2022A3PS0103H,2022,691
2010A7TS0503G,2010,287
2019B4PS0292G,2019,548
2004B4PS0599P,2004,101
2013A1PS0204H,2013,358
2013A7TS0059G,2013,352
2010B5TS0488P,2010,276
2017A1PS0642H,2017,452
2004B5TS0323H,2004,120
2007B2TS0381H,2007,190
2010B2PS0301H,2010,278
2005A3PS0034G,2005,143
2013A4TS0543G,2013,360
2015A4PS0331G,2015,415
2021B1PS0328H,2021,649
2005A7TS0529H,2005,142
2015A4PS0552P,2015,413
2020B5PS0635P,2020,566
2018A7TS0715H,2018,478
2018B1PS0799H,2018,476
2018A7PS0987H,2018,494
2007A8TS0258G,2007,188
2023B5TS0441G,2023,719
2004B3TS0241P,2004,117
2012A4TS0017H,2012,335
2004A3TS0220H,2004,103
2005B4TS0641P,2005,129
2015A1PS0942G,2015,421
2012B4PS0032H,2012,338
2011A1TS0680P,2011,304
2011B5TS0188G,2011,319
2012B2TS0623G,2012,332
2007A4TS0420G,2007,179
2015B3TS0136G,2015,409
2004B3TS0473H,2004,103
2017A7PS0690G,2017,461
2018A4PS0226G,2018,491
2012A7PS0863P,2012,330
2020B5PS0823G,2020,561
2011A4TS0888P,2011,307
2013B2TS0421G,2013,352
2006A4PS0976P,2006,161
2004B1PS0846G,2004,115
2012A7TS0785P,2012,339
2011A8TS0277H,2011,304
2014A4PS0041G,2014,381
2020B4TS0810H,2020,567
2009A7TS0863H,2009,265
2020B4PS0943G,2020,593
2016A8TS0956H,2016,448
2023B3TS0100G,2023,721
2016A3TS0112G,2016,438
2012B5PS0994H,2012,340
2005A4PS0102P,2005,143
2024A3PS0387G,2024,782
2008A8TS0294H,2008,236
2019AAPS0903G,2019,514
2019B3PS0383G,2019,545
2011B3TS0765H,2011,313
2010B5PS0128P,2010,289
2006B3PS0412P,2006,168
2009A1TS0431P,2009,268
2009A1PS0095P,2009,270
2012B1PS0292P,2012,338
2005B3PS0087P,2005,143
2018B3PS0490P,2018,478
2014B3TS0076H,2014,376
2017B1PS0457P,2017,470
2014A8TS0252H,2014,392
2015B3PS0448G,2015,410
2011B4PS0312G,2011,312
2013B1PS0505H,2013,358
2020A7TS0844P,2020,556
2017A7TS0654H,2017,453
2018B5TS0742G,2018,496
2017A8PS0006G,2017,453
2010A8PS0656P,2010,293
2013A3TS0293H,2013,363
2006A4TS0273P,2006,151
2017A3TS0763P,2017,471
2013B5PS0382H,2013,358
2012A1PS0190G,2012,330
2006AATS0916H,2006,165
2004A1TS0058H,2004,113
2013A8PS0112P,2013,368
2004A4TS0220H,2004,121
2007B1TS0135G,2007,182
2010A3TS0260P,2010,279
2018B4PS0151H,2018,481
2008A3TS0891H,2008,245
2023AATS0976G,2023,714
2007A4TS0389H,2007,175
2016B4TS0387H,2016,443
2004AATS0567P,2004,102
2023B2PS0078P,2023,745
2016B4PS0812H,2016,449
2013A1TS0820P,2013,360
2020B1PS0203P,2020,595
2006A7TS0777G,2006,171
2016A4PS0016H,2016,440
2013B2PS0380P,2013,360
2011A1TS0882P,2011,314
2014B4PS0312H,2014,392
2015A1TS0087H,2015,424
2004AATS0796G,2004,112
2006A1TS0532G,2006,173
2014A8TS0330G,2014,393
2009B2PS0843G,2009,255
2024A4TS0794P,2024,783
2020A4PS0709H,2020,598
2020A1TS0264G,2020,569
2017A4PS0718G,2017,455
2023B4TS0892G,2023,732
2019A7TS0909P,2019,504
2019B3PS0621P,2019,546
2022A1PS0381G,2022,676
2012A8PS0756G,2012,334
2020AAPS0435H,2020,553
2023A4TS0669G,2023,745
2020A8TS0453G,2020,569
2008AAPS0536G,2008,228
2007A7TS0827H,2007,188
2005B4PS0895G,2005,133
2021B4PS0202P,2021,606
2022AATS0132G,2022,695
2014B2TS0965H,2014,375
2014B5TS0136H,2014,383
2022B2TS0852P,2022,652
2004A1PS0843H,2004,119
2018A7TS0635H,2018,486
2020AAPS0179H,2020,580
2020A8PS0345G,2020,573
2007B1TS0601H,2007,187
2011A1PS0952P,2011,311
2021B2TS0446H,2021,612
2006A3TS0914H,2006,161
2007A8TS0240H,2007,176
2019A4PS0065H,2019,506
2015A3PS0880H,2015,407
2018A4PS0430G,2018,485
2007B5TS0030P,2007,197
2023A8PS0191H,2023,709
2015A8TS0960H,2015,400
2017A1PS0666P,2017,450
2013A7PS0508G,2013,357
2017A4TS0675H,2017,473
2016A8TS0326G,2016,440
2023B2PS0184P,2023,717
2014AATS0182H,2014,398
2023A3TS0858G,2023,742
2009A8TS0542P,2009,258
2005B1TS0212P,2005,137
2009B5PS0534G,2009,270
2010AAPS0431G,2010,276
2004A3TS0375H,2004,109
2021AAPS0650G,2021,612
2024B5TS0112P,2024,777
2017A1PS0762G,2017,468
2017B2TS0045P,2017,465
2019B3PS0836H,2019,524
2017B5PS0047G,2017,471
2005B1TS0237G,2005,127
2009AATS0399G,2009,254
2021AATS0963G,2021,644
2011A3TS0959G,2011,301
2014B1PS0707H,2014,393
2006B4TS0484G,2006,170
2006B3PS0910P,2006,158
2020B3PS0055H,2020,581
2023B3PS0003H,2023,747
2004A1PS0038P,2004,107
2021AATS0808G,2021,621
2014A7PS0798P,2014,390
2005A8PS0879G,2005,139
2006A1PS0186H,2006,172
2007B5TS0327P,2007,195
2017A7TS0150P,2017,459
2006B1PS0392G,2006,171
2010A7PS0370H,2010,289
2021B3PS0568P,2021,644
2004A7PS0478P,2004,112
2015B4PS0095G,2015,416
2013B4PS0314G,2013,373
2014A1PS0854G,2014,394
2019B4PS0323P,2019,505
2009AAPS0094H,2009,266
2019B3TS0938H,2019,531
2021A3PS0344G,2021,617
2024A3PS0274P,2024,788
2021A1TS0155P,2021,645
2007A3TS0676P,2007,190
2024A7TS0462P,2024,773
2006B4PS0276P,2006,172
2013B3PS0500G,2013,367
2023B2TS0085H,2023,711
2023B3TS0885H,2023,713
2014A4PS0439G,2014,380
2022A1PS0234H,2022,658
2023A4PS0068G,2023,716
2004B1PS0880P,2004,124
2006B5TS0203P,2006,173
2013AATS0195G,2013,362
2017B3TS0574P,2017,458
2011B1PS0611P,2011,311
2015A3PS0650P,2015,405
2016A8TS0956H,2016,440
2019B3TS0432P,2019,528
2007B5TS0626H,2007,182
2023A3TS0352H,2023,710
2016AATS0833G,2016,439
2014B2TS0075H,2014,399
2008B5TS0192P,2008,238
2006A3PS0206G,2006,155
2020A3TS0356P,2020,556
2022A8PS0150G,2022,680
2010B1PS0044P,2010,294
2024B2PS0540P,2024,823
2007A7TS0687H,2007,195
2004AAPS0664G,2004,119
2008AAPS0945G,2008,247
2009A4TS0174P,2009,259
2004B5PS0361G,2004,120
2007B4PS0160G,2007,178
2022AAPS0537P,2022,689
2021A4PS0803H,2021,624
2015B4PS0048H,2015,405
2013A4PS0161H,2013,371
2007A8TS0422P,2007,190
2024A8PS0833P,2024,824
2018A8PS0486H,2018,496
2009A8PS0458H,2009,256
2016AATS0156P,2016,444
2012B2PS0167H,2012,336
2024A8TS0544P,2024,831
2022A4PS0241H,2022,668
2004A7TS0574G,2004,121
2008A7PS0433G,2008,233
2009B1TS0729P,2009,263
2019A1TS0878P,2019,532
2024B4PS0467G,2024,768
2012B3TS0736P,2012,347
2007A8TS0319P,2007,187
2022A1PS0621H,2022,671
2007B4TS0472H,2007,185
2004B3PS0085H,2004,123
2004B5PS0391H,2004,112
2017A8PS0266P,2017,457
2010AATS0466P,2010,292
2017A7TS0718H,2017,474
2018B5PS0557H,2018,479
2014A1PS0779H,2014,383
2019A3TS0721P,2019,515
2014B1TS0047P,2014,396
2012A1PS0423G,2012,331
2022B5PS0166G,2022,674
2008B5PS0309H,2008,247
2011A7PS0052G,2011,317
2020A1TS0024G,2020,569
2013A4PS0995H,2013,350
2010B5TS0548H,2010,279
2018B3PS0352G,2018,488
2017B2PS0809P,2017,463
2005AAPS0832H,2005,126
2011B4TS0430P,2011,321
2013AAPS0708H,2013,368
2013B1PS0247P,2013,364
2017A3PS0237P,2017,463
2018B2PS0629P,2018,476
2019B2TS0424P,2019,519
2024A3TS0460P,2024,821
2007A8TS0290G,2007,176
2023A3PS0564P,2023,741
2010A3TS0576G,2010,292
2008B5PS0232H,2008,241
2012A7TS0493P,2012,329
2014B3TS0548G,2014,388
2005B5PS0627P,2005,137
2011B1TS0755P,2011,312
2005A1PS0524G,2005,146
2015B2PS0911G,2015,408
2019A3TS0737H,2019,539
2013A7PS0445P,2013,368
2018A4TS0387H,2018,499
2013A8PS0590G,2013,363
2018A1PS0496G,2018,497
2023A7PS0158G,2023,705
2024B4TS0255G,2024,801
2022A8PS0332H,2022,693
2019B2PS0632P,2019,526
2019A7PS0462H,2019,519
2009B4TS0839P,2009,257
2006B1TS0173H,2006,173
2016B2TS0342G,2016,445
2018A3PS0582P,2018,483
2011AATS0188H,2011,303
2013AATS0839G,2013,352
2019A7TS0026H,2019,521
2012B2PS0721G,2012,344
2010A1PS0656G,2010,277
2019A4PS0012P,2019,505
2008A1TS0961G,2008,230
2017B4TS0297G,2017,456
2023B2PS0440P,2023,707
2005B5PS0527G,2005,136
2022A1PS0274H,2022,656
2021A3TS0103G,2021,638
2005B1TS0639G,2005,126
2010A7PS0672G,2010,294
2012A1TS0421H,2012,349
2009B5PS0735G,2009,260
2015A3PS0472H,2015,404
2006B1PS0515P,2006,173
2005AATS0572P,2005,125
2023A7TS0451G,2023,702
2021A1PS0222G,2021,632
2017B4PS0398P,2017,450
2005A8PS0690P,2005,139
2012A7TS0968H,2012,339
2018B4PS0291G,2018,499
2008B4TS0797P,2008,234
2024B5TS0347P,2024,786
2024AAPS0960G,2024,844
2014B3TS0146G,2014,399
2009B1TS0626H,2009,274
2024B5TS0042H,2024,837
2006AATS0053G,2006,164
2016A1PS0753G,2016,425
2010B1TS0763H,2010,283
2012AAPS0762P,2012,331
2013A4PS0597H,2013,354
2017B1TS0084P,2017,465
2009B4PS0344H,2009,251
2010B3TS0732G,2010,278
2011B1PS0947H,2011,319
2021AATS0729P,2021,612
2008A3PS0378G,2008,233
2024A7TS0082P,2024,829
2018A4PS0008G,2018,493
2012B1PS0947H,2012,333
2009AATS0578G,2009,274
2017B1PS0605P,2017,463
2011B4TS0591P,2011,304
2017AAPS0345H,2017,471
2022AATS0153P,2022,665
2014AATS0018H,2014,389
2023B5PS0706P,2023,743
2007AATS0086H,2007,199
2004B2TS0997G,2004,108
2007B1PS0520G,2007,195
2019A7PS0640H,2019,501
2018B3TS0633P,2018,491
2022B1TS0651H,2022,691
2007A4TS0228G,2007,182
2021A4TS0044P,2021,604
2015A7TS0291H,2015,403
2020B4TS0056G,2020,577
2015A3PS0585H,2015,415
2011B4TS0699H,2011,319
2014A4PS0623H,2014,399
2021B1TS0508G,2021,627
2024B3PS0477P,2024,762
2004AATS0921G,2004,102
2012A3TS0474P,2012,336
2020A7TS0004G,2020,578
2009A4TS0363P,2009,273
2016B2TS0636P,2016,432
2024A1PS0764P,2024,821
2015B1TS0794H,2015,418
2009B3TS0419H,2009,268
2017A3TS0928G,2017,467
2024B1TS0810G,2024,757
2010B5PS0279P,2010,281
2013A4TS0283P,2013,354
2015A4PS0512P,2015,420
2006B3PS0507H,2006,172
2011AATS0647H,2011,303
2023AAPS0289G,2023,747
2011B2TS0022H,2011,318
2019A3TS0582G,2019,548
2021B3TS0613H,2021,636
2023A7PS0603G,2023,724
2018A7TS0173H,2018,480
2017B4PS0577P,2017,461
2021B4PS0829G,2021,603
2012A4TS0257P,2012,326
2012AAPS0721G,2012,347
2022A4PS0052H,2022,666
2015A8PS0947G,2015,414
2021A8TS0322P,2021,634
2015A4PS0910P,2015,417
2009B1PS0757H,2009,274
2014A1PS0099P,2014,399
2010AATS0371H,2010,282
2017B4TS0398P,2017,450
2011AAPS0878P,2011,321
2006AATS0389P,2006,157
2004A1PS0029H,2004,101
2013B4PS0756P,2013,366
2009A1TS0663H,2009,255
2012A1TS0346G,2012,336
2019AATS0879H,2019,535
2022B2TS0433P,2022,671
2015A3TS0161G,2015,411
2023B4PS0185H,2023,745
2006A3PS0019G,2006,161
2015A3PS0699G,2015,409
2022A3PS0370P,2022,660
2010A3PS0601G,2010,297
2008B3PS0901H,2008,237
2010B1TS0565G,2010,280
2007AAPS0297H,2007,197
2017B5PS0675H,2017,468
2021B4PS0920H,2021,615
2021A7PS0273H,2021,619
2007A7TS0078G,2007,192
2012A8TS0345H,2012,329
2019B1TS0406H,2019,519
2009A8PS0531H,2009,252
2022B4PS0607P,2022,650
2022AAPS0804G,2022,662
2004B1TS0259P,2004,111
2024A4PS0912H,2024,831
2022B3TS0427G,2022,669
2022A7TS0369G,2022,698
2012A4PS0164G,2012,342
2005A1TS0066H,2005,126
2007B5TS0199P,2007,176
2005A1TS0694P,2005,127
2012A1TS0451H,2012,331
2005A1PS0536P,2005,145
2018B2TS0104G,2018,480
2014A1TS0015P,2014,375
2024B1TS0423G,2024,833
2006B1PS0040G,2006,162
2012B1TS0355P,2012,328
2019A1TS0183P,2019,521
2004B3PS0386P,2004,122
2019B2TS0763H,2019,514
2016B3PS0949G,2016,441
2004B5PS0201H,2004,122
2004A7PS0830G,2004,105
2018B1TS0657G,2018,477
2008A8PS0376H,2008,239
2013AAPS0903P,2013,372
2014A4PS0499P,2014,389
2019A1TS0187H,2019,526
2024AATS0662G,2024,787
2021B1PS0242P,2021,607
2018B3TS0513H,2018,496
2012B3TS0253P,2012,333
2008A1TS0980G,2008,226
2018AAPS0913H,2018,481
2009A3TS0251H,2009,263
2018B1TS0033P,2018,495
2017B4TS0970P,2017,461
2019B1TS0231G,2019,533
2008B5TS0415H,2008,249
2005B3PS0538P,2005,133
2008AAPS0627H,2008,248
2016B2PS0176H,2016,431
2011B4PS0092H,2011,315
2018B2TS0727G,2018,494
2011B1TS0878H,2011,321
2010A7PS0436P,2010,282
2016A1PS0940H,2016,449
2019B1TS0044G,2019,512
2019A3TS0330H,2019,545
2023A3TS0442G,2023,722
2021B5TS0460P,2021,612
2015B1TS0089P,2015,403
2004A8PS0191P,2004,106
2010B2PS0862H,2010,299
2009B4PS0671P,2009,258
2021B4TS0177G,2021,607
2024A1PS0274G,2024,803
2018B4PS0106G,2018,488
2018B1PS0330H,2018,497
2004A4PS0781G,2004,101
2019A4TS0842G,2019,530
2008B1TS0119H,2008,248
2019B5PS0852P,2019,512
2019A4PS0678P,2019,544
2013B5TS0675H,2013,366
2004B5TS0773P,2004,116
2017A1PS0974H,2017,464
2023A3TS0636G,2023,723
2006A7TS0666H,2006,159
2024A7PS0005H,2024,787
2009A7PS0244H,2009,268
2007B5PS0210H,2007,182
2010B4TS0811G,2010,295
2023B5PS0800H,2023,710
2011A1TS0878G,2011,313
2016A1TS0802P,2016,449
2014B5TS0662G,2014,386
2012AATS0982G,2012,333
2011A4PS0294P,2011,318
2017B3TS0454G,2017,464
2021AAPS0767H,2021,619
2009A7PS0368H,2009,258
2024B3TS0241G,2024,846
2006A1TS0226P,2006,172
2009A8TS0128P,2009,252
2018AATS0496P,2018,494
2023A4PS0116H,2023,713
2014A1TS0757P,2014,397
2012A4PS0197G,2012,333
2012B4TS0140H,2012,326
2007B3PS0809P,2007,186
2019A8TS0502H,2019,502
2014B1PS0304G,2014,384
2005B2TS0088H,2005,142
2013A8TS0484G,2013,355
2007B2TS0160P,2007,195
2016A7PS0638H,2016,436
2019A7PS0304H,2019,522
2020B1TS0435P,2020,557
2016A4TS0078G,2016,438
2016A7TS0310P,2016,434
2006A7TS0131G,2006,173
2019AATS0650H,2019,542
2016A7TS0526H,2016,444
2018A1PS0450G,2018,482
2017B1TS0766G,2017,452
2021A3TS0207H,2021,647
2015A7PS0513G,2015,414
2014A1PS0442P,2014,393
2005AATS0438P,2005,149
2004B4PS0193G,2004,110
2024B4PS0663G,2024,802
2010B1TS0130P,2010,286
2007A1PS0127G,2007,178
2006B5TS0396G,2006,168
2016A7PS0104G,2016,431
2017B3TS0479P,2017,454
2024B2PS0442G,2024,828
2022A3PS0800G,2022,673
2008A8PS0351H,2008,236
2009B1TS0985G,2009,261
2018B3TS0711G,2018,483
2024A1TS0616H,2024,778
2023B3TS0739G,2023,715
2004A8PS0786H,2004,122
2017A7TS0694P,2017,461
2015B5TS0377P,2015,418
2023A8TS0978P,2023,710
2019A7TS0339H,2019,549
2006A1PS0086G,2006,165
2005B3PS0939P,2005,143
2009B2TS0222G,2009,271
2008A7PS0837P,2008,245
2024B4TS0093G,2024,771
2019B1PS0953G,2019,519
2011A3TS0069H,2011,314
2015A3PS0173P,2015,408
2021B3PS0459P,2021,645
2023B3TS0572H,2023,730
2014B5TS0816H,2014,395
2013AAPS0565G,2013,350
2016B5PS0518H,2016,425
2018B4TS0636H,2018,489
2010AATS0250G,2010,286
2023B5PS0663G,2023,707
2007AATS0318H,2007,193
2015B2PS0433G,2015,415
2006A1PS0297P,2006,159
2020A7PS0251P,2020,572
2008A8PS0422P,2008,227
2014AATS0060P,2014,394
2024B4PS0580G,2024,805
2012A4TS0710P,2012,347
2005A7TS0773H,2005,145
2024B1PS0439G,2024,838
2009B3TS0942P,2009,251
2012AAPS0372H,2012,349
2004A8PS0199P,2004,109
2014AATS0892H,2014,399
2014B4TS0580P,2014,386
2010B3TS0888G,2010,295
2008A4TS0316G,2008,225
2006B3TS0163P,2006,173
2007A1PS0405H,2007,190
2024AATS0175P,2024,830
2012A8TS0223G,2012,342
2012A8TS0832P,2012,327
2011AATS0638G,2011,305
2010B2TS0703G,2010,289
2004A4TS0409H,2004,100
2005A7PS0419P,2005,130
2009B4TS0985H,2009,257
2024B5TS0014G,2024,791
2023B3PS0674H,2023,738
2023A7TS0518H,2023,746
2009B4TS0658P,2009,272
2017B4PS0153G,2017,470
2013B4PS0187H,2013,370
2011A7TS0853P,2011,318
2014B1TS0390P,2014,389
2015AATS0020H,2015,418
2018B1TS0061H,2018,494
2024B2TS0524P,2024,829
2024A7TS0552G,2024,826
2017A1PS0835G,2017,457
2006A1PS0450H,2006,166
2022B4TS0165P,2022,688
2014A1TS0264P,2014,386
2017B2PS0677P,2017,462
2020A3PS0210G,2020,592
2022A4PS0220G,2022,685
2020A4PS0817G,2020,562
2008B4TS0239H,2008,230
2006A3PS0329G,2006,170
2013B2TS0839H,2013,364
2020A3PS0795P,2020,591
2021A3PS0995G,2021,626
2022A1PS0250G,2022,667
2005AATS0045P,2005,147
2022A8PS0211G,2022,690
2021A3PS0895G,2021,617
2010B2PS0659G,2010,284
2006AATS0456G,2006,171
2011A4PS0697H,2011,319
2014B4PS0171G,2014,383
2023B3PS0052G,2023,714
2004AATS0934P,2004,114
2009B4TS0278P,2009,270
2021B3PS0210P,2021,623
2013B2PS0890H,2013,361
2015A7PS0190G,2015,416
2007A1TS0781G,2007,191
2006B2PS0124H,2006,167
2010AAPS0408P,2010,299
2016B2TS0690G,2016,433
2020A8TS0679G,2020,591
2022A8TS0939H,2022,661
2016B4TS0869H,2016,448
2014A3TS0731H,2014,391
2021B1PS0672H,2021,643
2014A3PS0856G,2014,387
2009B4TS0497G,2009,252
2016B2PS0819P,2016,447
2006B3TS0031H,2006,174
2004B2PS0187G,2004,104
2015A8TS0119H,2015,418
2012A1TS0396P,2012,341
2024B4TS0230G,2024,758
2021B5PS0878H,2021,638
2018B4PS0792G,2018,488
2017B3PS0030G,2017,463
2015A1PS0177P,2015,411
2024AAPS0299P,2024,757
2007A4PS0719G,2007,194
2024A4PS0973P,2024,827
2005B1TS0829P,2005,142
2020A7TS0252H,2020,568
2006A3TS0725G,2006,153
2022B3TS0196G,2022,658
2015A7TS0685P,2015,421
2004A7TS0466P,2004,112
2016AAPS0429H,2016,429
2013B2TS0732P,2013,360
2014AAPS0922G,2014,377
2019A8PS0394H,2019,528
2019A4PS0335H,2019,533
2011AATS0550H,2011,307
2011B5PS0462H,2011,308
2013A4TS0349P,2013,374
2012A7PS0811P,2012,343
2016B3TS0316P,2016,437
2022A4TS0883G,2022,689
2017B4PS0762H,2017,462
2020A8TS0099P,2020,585
2016A4TS0181P,2016,432
2018B3TS0443P,2018,480
2014A3PS0969G,2014,395
2010A4PS0141P,2010,298
2011B5PS0674G,2011,316
2023B5TS0418G,2023,737
2024A4PS0190G,2024,814
2021B2TS0906G,2021,644
2024A4TS0784G,2024,841
2020A4PS0863P,2020,552
2014A7PS0631G,2014,378
2015AAPS0090G,2015,416
2005B2TS0570G,2005,148
2013A8PS0579P,2013,372
2020A3PS0195H,2020,562
2005B4PS0350G,2005,146
2004AAPS0861P,2004,104
2012B3TS0883H,2012,331
2024A7TS0134P,2024,751
2012A3PS0318G,2012,328
2014B1TS0967H,2014,383
2020A4TS0710P,2020,586
2006A4PS0305P,2006,160
2012A7PS0021G,2012,339
2013A8PS0157P,2013,374
2022B1PS0466P,2022,662
2023AAPS0264P,2023,738
2018A3PS0946H,2018,492
2015B4PS0906G,2015,410
2013A4PS0470H,2013,365
2005B1PS0141P,2005,136
2012B3TS0967P,2012,332
2010B2TS0261G,2010,281
2021A8PS0683P,2021,643
2018B2PS0149G,2018,485
2006B1TS0424G,2006,171
2016A8PS0371P,2016,449
2022A8TS0061G,2022,679
2004B5PS0808H,2004,121
2019AATS0298G,2019,533
2005A3PS0029G,2005,141
2005A7PS0774G,2005,143
2012B4TS0665H,2012,342
2007B4PS0934P,2007,193
2018A3TS0747G,2018,495
2011A4PS0667P,2011,309
2012A1TS0970P,2012,337
2009A4TS0708P,2009,269
2023B3TS0461P,2023,747
2005A1TS0383P,2005,127
2021B1TS0770G,2021,649
2008AATS0675P,2008,234
2006B2PS0493P,2006,157
2008AAPS0137H,2008,235
2009A7PS0580P,2009,270
2011AATS0660P,2011,302
2008A4PS0504G,2008,247
2024B3TS0261P,2024,820
2022A8TS0361H,2022,687
2017B5TS0947H,2017,472
2008B1PS0210P,2008,244
2005A1PS0666H,2005,128
2007A4TS0323H,2007,180
2010B1TS0932P,2010,293
2004B3PS0212H,2004,124
2010B3PS0431P,2010,299
2006A1PS0205H,2006,167
2021B5TS0779H,2021,618
2007B1TS0640G,2007,183
2005A8PS0928H,2005,142
2013B4TS0311P,2013,364
2014A3TS0152P,2014,381
2004A3TS0237H,2004,122
2015B5PS0389G,2015,423
2016A4TS0786G,2016,425
2018AATS0730P,2018,488
2015A8PS0511P,2015,424
2018B1TS0893H,2018,478
2016A3TS0589G,2016,437
2008A8PS0919G,2008,240
2020B1PS0253H,2020,584
2022A3TS0316G,2022,683
2018A3PS0995G,2018,491
2013B1PS0332P,2013,362
2010A4TS0144P,2010,294
2019B3PS0525H,2019,539
2022A4TS0790P,2022,696
2008B5PS0520G,2008,229
2016A7TS0721P,2016,449
2022B1TS0085H,2022,680
2006A4TS0981H,2006,153
2023A7TS0982G,2023,728
2022B5PS0499H,2022,656
2009B4TS0170P,2009,263
2013A1PS0728G,2013,370
2008A7PS0090P,2008,241
2006A7TS0850H,2006,164
2012B4TS0965H,2012,349
2009B1PS0265G,2009,264
2022A7PS0635G,2022,692
2018B4TS0127P,2018,485
2011B3PS0105P,2011,302
2019B4TS0549G,2019,513
2006B2TS0215P,2006,159
2014B1PS0210G,2014,398
2006A7TS0402G,2006,153
2017A3PS0629G,2017,467
2015A7TS0225G,2015,410
2009B3TS0533G,2009,271
2018B3TS0060P,2018,477
2024B4PS0139P,2024,849
2016B5TS0274H,2016,433
2010A7TS0507H,2010,299
2022A8TS0085G,2022,692
2012B5PS0528H,2012,338
2011A8PS0044P,2011,319
2017B2TS0188G,2017,470
2022A8TS0925P,2022,654
2023AAPS0792G,2023,725
2018A3PS0485H,2018,492
2024B2PS0485G,2024,811
2016A3PS0220G,2016,438
2004B5TS0546H,2004,107
2008B1TS0264H,2008,240
2009A8PS0376H,2009,269
2015AAPS0816P,2015,407
2005A3TS0120H,2005,137
2018A3PS0296G,2018,487
2008A7PS0385G,2008,246
2015A7TS0659G,2015,408
2007B4TS0135G,2007,185
2009B2PS0398G,2009,259
2012B5TS0252P,2012,334
2021B4TS0943G,2021,610
2021B4TS0679P,2021,615
2015B3TS0885H,2015,400
2006AATS0263G,2006,152
2013B1PS0964P,2013,350
2014AAPS0644P,2014,380
2010B2TS0825G,2010,285
2007A3TS0591G,2007,196
2008A8TS0806H,2008,231
2018B3TS0942G,2018,486
2016AATS0878H,2016,436
2013B3PS0261G,2013,353
2023A3PS0753P,2023,715
2011A1TS0193G,2011,311
2014B4PS0320P,2014,379
2010B3PS0609H,2010,296
2023B5PS0044P,2023,740
2010B3TS0613H,2010,295
2014A1PS0145G,2014,396
2014A1PS0205G,2014,398
2017B1PS0100G,2017,472
2004B3TS0185G,2004,113
2010A3PS0973H,2010,292
2024AAPS0921G,2024,811
2013A4TS0663P,2013,357
2007B5TS0953H,2007,188
2008B2PS0716G,2008,238
2004A8TS0015P,2004,117
2023A7TS0244G,2023,718
2019AATS0183P,2019,530
2024A4TS0132H,2024,833
2013B3TS0970G,2013,367
2023A3PS0147P,2023,710
2018B1TS0605G,2018,480
2005A7PS0037H,2005,147
2014B1TS0953P,2014,393
2021A8PS0205G,2021,618
2007B3TS0413P,2007,196
2014A8TS0817H,2014,393
2024B5PS0324H,2024,816
2011A7PS0380P,2011,318
2021A7PS0443G,2021,639
2014B1TS0613H,2014,388
2020B3PS0481H,2020,552
2010B5PS0415H,2010,293
2022A4PS0394P,2022,673
2011B1TS0230G,2011,318
2014A1PS0866G,2014,386
2015A3TS0074P,2015,402
2017AAPS0764P,2017,451
2017B3TS0314H,2017,461
2018B1TS0912H,2018,477
2013B5PS0393H,2013,367
2004A7TS0017P,2004,123
2023A7PS0541H,2023,718
2019A8TS0864P,2019,546
2021A8PS0948H,2021,627
2006A3PS0666P,2006,152
2011AATS0193P,2011,310
2018AATS0927P,2018,491
2023B5TS0741P,2023,723
2011B2PS0341H,2011,314
2024B3PS0641P,2024,819
2024B1TS0776G,2024,847
2022A8TS0013H,2022,697
2008B1PS0018H,2008,233
2005AAPS0949H,2005,132
2022A1TS0240G,2022,688
2008B4TS0746P,2008,228
2014B4PS0247G,2014,390
2022A4TS0908G,2022,684
2013A4TS0239H,2013,361
2022B2PS0063H,2022,696
2009B2TS0078G,2009,259
2021B5TS0807G,2021,604
2015A8PS0507P,2015,413
2024B1PS0432P,2024,840
2011A4PS0681P,2011,318
2012B5TS0763G,2012,345
2020A8PS0893H,2020,553
2009B3PS0622H,2009,251
2011A8PS0402P,2011,300
2022A3PS0988G,2022,671
2012AAPS0261P,2012,346
2012B2PS0808P,2012,327
2013AAPS0758G,2013,355
2009A8TS0248P,2009,250
2017A8PS0460G,2017,452
2004A3TS0456G,2004,116
2019B5TS0271H,2019,509
2005A4PS0479G,2005,126
2016A4PS0940H,2016,448
2005B5TS0419G,2005,135
2008B2PS0145H,2008,229
2018B4TS0990H,2018,482
2007B4PS0173P,2007,178
2012B4PS0106P,2012,330
2006B4PS0114H,2006,173
2016A4TS0708P,2016,427
2018B4PS0515P,2018,478
2020A1TS0946G,2020,584
2008A4PS0631P,2008,241
2010A3TS0438G,2010,279
2005B1PS0026G,2005,138
2024A8TS0939P,2024,839
2006B1TS0725G,2006,174
2012A4PS0169G,2012,325
2006A3TS0365G,2006,168
2023A7TS0543H,2023,744
2015AAPS0941H,2015,402
2017A4TS0944P,2017,456
2019B4PS0577P,2019,544
2020B4PS0826H,2020,556
2013A3PS0339P,2013,363
2004A1PS0710H,2004,115
2014B3TS0560G,2014,385
2019A7TS0486P,2019,502
2024AAPS0878P,2024,763
2014B2TS0379P,2014,378
2008B1TS0804G,2008,237
2008A1TS0783P,2008,239
2010B2TS0955G,2010,282
2005A3PS0203P,2005,131
2018B1PS0622G,2018,484
2011A1PS0746P,2011,312
2006B2PS0328G,2006,150
2016B3TS0180H,2016,445
2009AATS0241P,2009,256
2012A4PS0903H,2012,342
2018B4PS0199H,2018,495
2013A3TS0280G,2013,351
2023B5TS0058P,2023,718
2019B4PS0143P,2019,511
2005B1PS0106P,2005,129
2024AAPS0213G,2024,806
2024B1TS0720P,2024,844
2013A7TS0579P,2013,367
2015B2TS0457P,2015,410
2017B3TS0897P,2017,452
2008A4PS0495G,2008,233
2019B4TS0644G,2019,545
2019A4PS0251G,2019,502
2017A4PS0203H,2017,463
2006B2PS0040P,2006,174
2009AAPS0434H,2009,269
2023B4TS0664H,2023,741
2011B4TS0402G,2011,313
2008B1TS0941G,2008,226
2010A4TS0366G,2010,288
2017B1TS0353P,2017,465
2012A8PS0431H,2012,346
2005B5TS0281G,2005,127
2004A7TS0394P,2004,116
2013A4PS0809P,2013,354
2019AAPS0944P,2019,522
2007B4PS0049G,2007,199
2015B3TS0485P,2015,403
2020B5TS0550G,2020,597
2005B5TS0386H,2005,130
2012A4TS0115G,2012,326
2011B5PS0476P,2011,312
2022B1PS0567P,2022,694
2024A4PS0195P,2024,818
2004A1TS0743H,2004,102
2009B5TS0007P,2009,252
2021B5PS0859P,2021,614
2022B1TS0586H,2022,691
2018AAPS0741G,2018,494
2012B2PS0269H,2012,331
2019AAPS0545G,2019,515
2005AAPS0204P,2005,129
2008A4PS0504P,2008,239
2006AAPS0489G,2006,164
2016A3PS0219G,2016,431
2015A1TS0476P,2015,416
2021AATS0241G,2021,620
2013B2TS0324G,2013,353
2006B2PS0162G,2006,155
2014AATS0572H,2014,383
2024A4TS0237P,2024,755
2011B2TS0142G,2011,308
2012B1TS0673H,2012,343
2018B5TS0629P,2018,493
2019A7TS0155H,2019,535
2010AATS0890P,2010,298
2022B3TS0015P,2022,671
2010B5TS0481P,2010,292
2007B2PS0249P,2007,198
2007B4TS0918G,2007,176
2009A4TS0992H,2009,274
2019B2TS0890P,2019,544
2018B2PS0986G,2018,492
2023A7PS0721H,2023,736
2011A4PS0656G,2011,300
2009A3PS0189H,2009,256
2017A1PS0687H,2017,466
2014B2PS0384H,2014,381
2008B3TS0615G,2008,234
2015B5PS0545H,2015,413
2006B2PS0455P,2006,162
2012B3TS0695P,2012,337
2013A8TS0776G,2013,353
2010B5TS0676G,2010,299
2019A1TS0607H,2019,512
2018B5PS0461P,2018,493
2009B2TS0965P,2009,262
2022B5PS0712H,2022,684
2004A7TS0011P,2004,119
2009B3TS0185H,2009,264
2017B5TS0938P,2017,473
2010B1TS0151G,2010,285
2006B1TS0856H,2006,151
2006B4PS0785P,2006,159
2024B1TS0285P,2024,789
2024A8PS0327P,2024,805
2012B1PS0582H,2012,331
2024AAPS0656P,2024,822
2014B1TS0256H,2014,386
2024B5TS0458G,2024,777
2020A3PS0518G,2020,574
2012B4PS0098P,2012,342
2005AAPS0955H,2005,144
2016B4TS0628H,2016,448
2016A7PS0859H,2016,436
2022B1TS0171H,2022,656
2006B4TS0936G,2006,158
2009B1TS0758G,2009,256
2023B3TS0206G,2023,720
2006A4TS0221H,2006,158
2009A1TS0069H,2009,271
2009AAPS0539P,2009,269
2018B1PS0930G,2018,487
2021A8PS0150P,2021,640
2005A1TS0617P,2005,147
2010A3PS0955H,2010,283
2005B3TS0510G,2005,139
2017A3TS0690G,2017,473
2021B2PS0189H,2021,631
2019B4PS0846P,2019,522
2023A8PS0776H,2023,729
2024B5PS0598H,2024,843
2015A1TS0271P,2015,417
2009A4PS0853H,2009,266
2010B5PS0669G,2010,298
2006A8PS0501P,2006,171
2020B4TS0783H,2020,581
2016B1PS0086H,2016,439
2023A4PS0518H,2023,706
2016A8PS0816H,2016,445
2007B5TS0069G,2007,183
2007A1PS0758G,2007,184
2010AATS0583P,2010,279
2016B1PS0361H,2016,426
2019AATS0027P,2019,505
2011B3TS0115G,2011,303
2024A1PS0552G,2024,832
2024A3PS0506G,2024,786
2022A4PS0940H,2022,682
2010AATS0646G,2010,288
2009B1TS0614P,2009,258
2005B1TS0394G,2005,137
2024A7TS0924H,2024,838
2015B4PS0410G,2015,412
2005A1TS0104H,2005,128
2013A3PS0360H,2013,356
2005B4PS0090P,2005,127
2005A4PS0973G,2005,138
2017A3TS0133P,2017,459
2008B5TS0289P,2008,246
2023B3TS0011H,2023,749
2005A3TS0583P,2005,142
2024A4TS0002P,2024,827
2024B5PS0837P,2024,761
2017A3PS0363H,2017,471
2019B1PS0419G,2019,508
2015B2PS0447G,2015,420
2014A4PS0812G,2014,386
2020A4TS0634P,2020,563
2015B2PS0914P,2015,419
2009B3TS0002H,2009,255
2021AAPS0758H,2021,611
2018A3TS0971G,2018,498
2005A3TS0737H,2005,148
2004A8PS0041P,2004,115
2022A7PS0008H,2022,652
2024B3TS0513P,2024,849
2006B5PS0281G,2006,158
2018A8PS0019H,2018,492
2007B3TS0958H,2007,194
2010AAPS0550P,2010,277
2019A3PS0116H,2019,510
2007B1PS0626P,2007,187
2020A3PS0919P,2020,559
2016B1TS0903H,2016,445
2015B1TS0787G,2015,411
2012B5TS0091P,2012,335
2013A7PS0861H,2013,368
2015B2TS0093P,2015,421
2020A8PS0757P,2020,560
2021B3TS0080H,2021,608
2020B3PS0718P,2020,586
2007A1PS0295H,2007,187
2020A3PS0936P,2020,593
2012B5PS0101G,2012,332
2010B1TS0985P,2010,277
2024A7TS0505H,2024,838
2012A3TS0567H,2012,326
2022AATS0900G,2022,670
2016B2PS0797G,2016,435
2004B3TS0900G,2004,113
2006A4TS0792G,2006,160
2021A3PS0605P,2021,607
2005B1PS0088P,2005,126
2011B4TS0377P,2011,316
2023B4TS0902G,2023,738
2023AAPS0677P,2023,708
2006A1TS0229H,2006,166
2020B3PS0922P,2020,565
2007B5TS0962H,2007,185
2023A7TS0790G,2023,713
2008A7PS0232G,2008,231
2011B2PS0754P,2011,307
2021B2PS0156P,2021,630
2006B4PS0839G,2006,152
2022B1PS0350H,2022,694
2014B2PS0497H,2014,394
2021AAPS0170G,2021,637
2019A8PS0196G,2019,517
2016B4PS0382P,2016,430
2020B1PS0684H,2020,588
2024B2PS0387G,2024,765
2011A8TS0087P,2011,308
2019B4PS0466P,2019,509
2019A8PS0685P,2019,534
2021A4TS0325H,2021,635
2023B2TS0846H,2023,710
2015B4TS0297G,2015,401
2008B1PS0952P,2008,248
2016A1PS0803P,2016,448
2018B5PS0838P,2018,487
2007A1TS0332P,2007,181
2021A8TS0993H,2021,603
2014B3PS0907H,2014,398
2024B5TS0055P,2024,757
2004A8PS0274G,2004,108
2024B2PS0875H,2024,762
2015B2TS0279G,2015,422
2019B3TS0788H,2019,519
2011A4TS0218G,2011,322
2020A1TS0529P,2020,593
2012B2TS0169P,2012,343
2024A1TS0728P,2024,819
2016A4TS0900P,2016,429
2016A4TS0369G,2016,440
2022A3TS0438H,2022,697
2014A3TS0167P,2014,391
2008A3TS0451G,2008,228
2006B4PS0688P,2006,168
2007A4PS0882H,2007,180
2011AAPS0510G,2011,307
2014AATS0780G,2014,381
2019B5PS0559P,2019,500
2013A8TS0639H,2013,361
2010A8TS0460G,2010,276
2009B1TS0845G,2009,254
2009B1PS0891G,2009,251
2004B5TS0642H,2004,123
2018B2TS0285G,2018,488
2004A8TS0155G,2004,118
2014A7TS0812G,2014,380
2011A7TS0498H,2011,309
2019A3PS0329P,2019,501
2010A4PS0044H,2010,280
2012A4TS0120P,2012,336
2006AATS0893P,2006,157
2004A7PS0647H,2004,104
2011A8TS0204P,2011,301
2011AATS0116P,2011,301
2016AATS0079H,2016,438
2011B1PS0020P,2011,305
2005AAPS0538G,2005,129
2015B3PS0844G,2015,423
2006AAPS0727P,2006,170
2010AATS0313H,2010,290
2004B4TS0213H,2004,112
2024A8TS0638P,2024,846
2005B1PS0438H,2005,127
2014A8PS0161H,2014,394
2017AATS0689P,2017,470
2005A4PS0273P,2005,145
2004B4TS0601H,2004,115
2008A1TS0945G,2008,249
2007A7PS0868P,2007,179
2010A4TS0768P,2010,299
2005A4TS0539H,2005,134
2010A1TS0675H,2010,296
2013B4TS0953H,2013,370
2013A8PS0005P,2013,369
2023B3TS0821H,2023,715
2017A8TS0455P,2017,473
2024A8TS0594G,2024,801
2008A3TS0757G,2008,237
2018B3PS0441P,2018,493
2013A4PS0862H,2013,357
2021A1TS0243P,2021,600
2009A7TS0874H,2009,263
2013A4TS0916G,2013,374
2004A7PS0006P,2004,120
2016A7TS0109H,2016,445
2006AATS0842P,2006,169
2014B5TS0795G,2014,381
2010B4PS0725G,2010,287
2011A3TS0235G,2011,310
2009B2TS0189G,2009,271
2005A3PS0807G,2005,134
2016B1PS0396H,2016,435
2008B2TS0042P,2008,241
2013A7TS0834G,2013,368
2014B2PS0196P,2014,398
2010B4TS0299P,2010,279
2018A7TS0502P,2018,477
2007A3PS0861H,2007,198
2011B4TS0150P,2011,306
2008A8TS0240G,2008,243
2010B1PS0501P,2010,297
2004A7TS0041G,2004,103
2022A7PS0008G,2022,692
2006A3TS0696H,2006,169
2008A1TS0757P,2008,239
2009B1PS0096G,2009,272
2021A4PS0874G,2021,630
2022A1TS0835P,2022,661
2020A1TS0666H,2020,588
2013B4PS0943G,2013,362
2016B4TS0768P,2016,438
2014B4PS0669G,2014,382
2022A7PS0189H,2022,653
2019AAPS0126H,2019,500
2020AATS0629H,2020,568
2021B3TS0673H,2021,643
2006A4TS0801H,2006,156
2009B2PS0058H,2009,260
2014A3TS0587G,2014,380
2008B2TS0654H,2008,236
2015A8TS0198P,2015,414
2022AATS0317G,2022,668
2006AATS0034G,2006,158
2004B5TS0487G,2004,118
2006B4TS0696P,2006,172
2019A3TS0412G,2019,549
2021A1PS0312G,2021,618
2019B4TS0173P,2019,528
2024B3PS0664P,2024,800
2010A4TS0072P,2010,299
2014B4TS0618P,2014,384
2010A4PS0277G,2010,288
2007B5TS0377H,2007,177
2005B3TS0221G,2005,137
2023A7TS0819G,2023,708
2006B1PS0980G,2006,160
2022B5TS0485P,2022,681
2011B4PS0380H,2011,313
2018B1PS0893G,2018,488
2022A8PS0813P,2022,696
2020B1PS0986G,2020,586
2018B1TS0421G,2018,490
2010A1TS0762H,2010,299
2011A4PS0597H,2011,318
2012B4PS0583H,2012,328
2024A7PS0020G,2024,753
2004A7TS0851G,2004,110
2019A7TS0842P,2019,525
2024A4TS0072P,2024,830
2006A3PS0742G,2006,167
2005A3PS0933G,2005,131
2007B1PS0018H,2007,197
2012A7TS0252G,2012,340
2011AATS0552H,2011,322
2005AATS0692G,2005,125
2010A7PS0666G,2010,293
2006A3PS0436P,2006,162
2014B5TS0179G,2014,399
2015A1TS0873G,2015,408
2009A1PS0497G,2009,262
2018A7PS0808H,2018,475
2012A8TS0098G,2012,348
2014A8PS0848G,2014,376
2010B5TS0962P,2010,288
2020B4PS0712H,2020,592
2020B5TS0435P,2020,557
2013B5PS0965P,2013,368
2006B1PS0512P,2006,163
2012A1PS0275P,2012,349
2014A8PS0374P,2014,399
2017B5PS0684P,2017,459
2017A4TS0256G,2017,471
2019B5TS0104G,2019,533
2010B2PS0042H,2010,280
2020A7TS0122H,2020,557
2005A4TS0554P,2005,139
2014A1PS0118P,2014,398
2008B5PS0166P,2008,247
2020AATS0494H,2020,556
2017B3TS0667P,2017,469
2007B1TS0053G,2007,187
2013B3TS0892H,2013,369
2007A3PS0024P,2007,194
2016A8PS0622P,2016,445
2010A4TS0417P,2010,282
2011A1PS0537G,2011,315
2008A8TS0845P,2008,249
2017B1TS0714G,2017,456
2004AATS0710P,2004,114
2007B4TS0887P,2007,181
2004AAPS0690G,2004,123
2019A4PS0704P,2019,509
2020B5PS0943G,2020,587
2008B4TS0184G,2008,234
2020A3PS0988G,2020,599
2004B2PS0951H,2004,122
2011A4PS0047G,2011,319
2010B2PS0123H,2010,294
2015B5TS0922H,2015,404
2014A3TS0404G,2014,381
2016AAPS0571G,2016,425
2019A8TS0778G,2019,519
2009A1TS0736P,2009,264
2011A1TS0983P,2011,322
2004A3PS0860H,2004,105
2013AAPS0749H,2013,370
2008B2PS0735H,2008,242
2023B5TS0827P,2023,711
2009A1TS0124G,2009,253
2014A3PS0934G,2014,385
2008B1TS0954P,2008,228
2007AATS0866G,2007,195
2011B5PS0461G,2011,314
2017A3TS0963P,2017,463
2008A3TS0840P,2008,238
2016B2TS0621H,2016,447
2011A4PS0686G,2011,308
2004AATS0118H,2004,112
2019AAPS0853P,2019,508
2014A7TS0022H,2014,399
2007B5TS0838P,2007,182
2005A1PS0835P,2005,138
2021A3PS0694H,2021,607
2019B1TS0110P,2019,502
2012A7TS0850H,2012,337
2005A7TS0908G,2005,134
2022A3TS0858G,2022,681
2016AATS0121H,2016,440
2005A1PS0478G,2005,128
2004AAPS0202G,2004,107
2016B5TS0430G,2016,436
2007B3PS0744P,2007,186
2007B4TS0919H,2007,184
2005A3PS0514P,2005,128
2004A1TS0294G,2004,115
2018B1TS0769H,2018,482
2012B4PS0227P,2012,335
2017A4PS0769H,2017,453
2012B4TS0511P,2012,331
2008A1TS0808P,2008,237
2015B3TS0089P,2015,406
2023B5PS0200H,2023,734
2005B2PS0920P,2005,128
2020B3PS0287G,2020,588
2024A7TS0829H,2024,840
2012A8TS0625H,2012,344
2018B3TS0122P,2018,489
2023B3PS0960H,2023,721
2020A1PS0576H,2020,592
2009A1TS0781P,2009,265
2012B5PS0739H,2012,346
2021B2TS0156P,2021,604
2009B1PS0932G,2009,260
2006B5PS0154G,2006,157
2021A3PS0862P,2021,622
2012A7TS0943G,2012,328
2013B3TS0011H,2013,361
2012B5TS0221H,2012,342
2022A8PS0900P,2022,698
2005B4PS0291G,2005,128
2009B1PS0469P,2009,257
2024B1TS0226G,2024,756
2010B4PS0314H,2010,278
2021B1PS0662P,2021,639
2015A1TS0497P,2015,405
2023B3PS0725G,2023,703
2019A1PS0045G,2019,549
2007B4TS0104G,2007,195
2015B2PS0822G,2015,409
2004A4TS0019H,2004,114
2019B4PS0743G,2019,505
2006B3TS0303G,2006,158
2005B2TS0056G,2005,143
2006AAPS0355H,2006,170
2004A4PS0765P,2004,106
2022B5PS0256G,2022,698
2013A7TS0474P,2013,366
2004A7TS0607P,2004,105
2011B4PS0876H,2011,315
2012A7PS0692P,2012,349
2019A8TS0488G,2019,536
2017B5TS0978P,2017,473
2009B3TS0301G,2009,263
2005B5PS0618G,2005,145
2013B4TS0297P,2013,364
2017B4TS0714G,2017,450
2011A3TS0335G,2011,306
2006A8TS0641G,2006,167
2021B2PS0439P,2021,627
2007A1PS0322H,2007,179
2008A3TS0991G,2008,240
2021AAPS0950P,2021,632
2010A1PS0519G,2010,276
2018A1PS0830G,2018,499
2010A4PS0857P,2010,286
2005B2PS0746P,2005,126
2005B5PS0345G,2005,136
2006B4PS0097G,2006,164
2005B3PS0347P,2005,141
2016A7PS0750H,2016,442
2006B5TS0843G,2006,166
2011B5TS0742H,2011,321
2006AAPS0789G,2006,159
2007B1PS0577G,2007,193
2016A4TS0421G,2016,436
2010A8TS0623G,2010,291
2014A1PS0035G,2014,382
2020B3TS0989P,2020,574
2017A1TS0415G,2017,470
2014B3PS0177P,2014,399
2023B4TS0191G,2023,730
2024A4TS0701G,2024,831
2016B2TS0514P,2016,427
2016B1TS0280P,2016,432
2017B4PS0194P,2017,450
2024B1PS0006P,2024,808
2007B4PS0663G,2007,181
2013B2PS0138G,2013,359
2018A3PS0775H,2018,498
2020AAPS0313G,2020,554
2011B1TS0328H,2011,322
2005A7TS0108H,2005,147
2024A8PS0675H,2024,783
2022B1TS0170P,2022,666
2019A8TS0814G,2019,546
2012A7PS0203P,2012,329
2022A7TS0477G,2022,651
2011B4PS0227P,2011,303
2022B5PS0608G,2022,694
2005B2PS0580G,2005,130
2008A8TS0606G,2008,247
2023B5TS0388G,2023,740
2020A3PS0174H,2020,571
2023A7TS0228H,2023,743
2008B4TS0588G,2008,226
2008A7PS0762G,2008,226
2023B5PS0022P,2023,729
2015A3TS0938H,2015,406
2004A4PS0002G,2004,103
2013A8TS0784H,2013,352
2017B1TS0647H,2017,452
2024A4PS0297H,2024,785
2012A7PS0619H,2012,328
2016A1TS0742H,2016,439
2008A7PS0266G,2008,225
2012AATS0822H,2012,329
2015A7PS0454G,2015,421
2004A3TS0450P,2004,103
2004B3PS0278P,2004,107
2006A8TS0955H,2006,156
2021AAPS0052H,2021,634
2018A1TS0034H,2018,485
2022AAPS0005H,2022,671
2004B5TS0202H,2004,109
2017B2PS0121P,2017,472
2011B5TS0445G,2011,309
2006A3PS0775H,2006,158
2007B1TS0091H,2007,189
2023A8TS0241H,2023,701
2013A4PS0269G,2013,353
2020A8PS0341H,2020,573
2008B5PS0583H,2008,240
2005B5TS0658P,2005,141
2021B4TS0291G,2021,630
2014B3TS0347G,2014,384
2015B2PS0972G,2015,420
2012A1PS0025P,2012,346
2021AATS0641P,2021,600
2021B2PS0526H,2021,631
2022B4TS0110G,2022,650
2014B5TS0185P,2014,383
2023B2TS0747H,2023,701
2021A3TS0070P,2021,605
2011B4TS0787P,2011,310
2005A8PS0834H,2005,134
2020B5TS0875G,2020,556
2008A4TS0805H,2008,233
2008B5PS0062P,2008,226
2005A8PS0456H,2005,144
2023B2TS0936G,2023,701
2005B4TS0855H,2005,129
2020B4TS0202H,2020,568
2016A4TS0471G,2016,445
2004B5PS0032G,2004,114
2014A8TS0891H,2014,392
2023B5TS0246P,2023,722
2008A7PS0490P,2008,228
2024A4PS0457H,2024,757
2018B5TS0269P,2018,480
2005B1TS0678H,2005,137
2022A1TS0951H,2022,699
2021A3TS0445H,2021,631
2020A3TS0023G,2020,595
2005B1PS0539H,2005,129
2006A3PS0146H,2006,174
2009B1TS0407H,2009,256
2020AATS0033P,2020,584
2007A7TS0563H,2007,191
2005B2TS0765P,2005,139
2011B1PS0624G,2011,318
2020AATS0803H,2020,555
2018A4PS0415H,2018,475
2006B3TS0274P,2006,162
2018B5PS0104H,2018,495
2005B5TS0006H,2005,142
2006A1TS0644G,2006,151
2009B3TS0581H,2009,253
2006A8PS0637G,2006,162
2016A4PS0881H,2016,434
2013B4PS0057G,2013,351
2004A3PS0275P,2004,124
2012B4TS0185P,2012,339
2008A1PS0821P,2008,233
2014B2TS0022P,2014,394
2023B4TS0992H,2023,705
2019A3TS0822P,2019,505
2010A7TS0870P,2010,297
2016A3TS0089G,2016,439
2010AATS0611G,2010,283
2021B1PS0233H,2021,638
2017B2TS0999P,2017,466
2012B5PS0189H,2012,348
2024A8TS0544P,2024,808
2021B3TS0300H,2021,609
2017B1TS0956H,2017,469
2007B4PS0225G,2007,179
2024A3TS0184H,2024,813
2024A1PS0481H,2024,800
2016B4TS0744H,2016,446
2011A4PS0271P,2011,321
2016A8TS0182G,2016,427
2019A1TS0816H,2019,514
2020A1TS0595H,2020,571
2020A3PS0049H,2020,598
2008B4TS0407P,2008,236
2017B5TS0209P,2017,463
2005A3TS0596P,2005,132
2011A1TS0607H,2011,306
2019AAPS0357P,2019,542
2019A3TS0070P,2019,502
2016A8TS0325P,2016,430
2019A7TS0669H,2019,508
2020AATS0238P,2020,554
2015B5PS0654G,2015,424
2023A3TS0677G,2023,700
2012A8TS0825H,2012,332
2010B3TS0650H,2010,279
2004B5PS0834P,2004,104
2011B5PS0957G,2011,314
2009A1TS0635H,2009,272
2007A1PS0501P,2007,176
2008A7TS0862G,2008,230
2012B5PS0035G,2012,327
2023B3TS0198G,2023,732
2022B1PS0731P,2022,670
2006B1PS0983G,2006,173
2004B5PS0915H,2004,102
2012A3PS0357P,2012,345
2023A8PS0887H,2023,721
2004B3TS0810P,2004,120
2015AATS0331H,2015,404
2007A8PS0217G,2007,180
2005A8TS0467H,2005,136
2024A7PS0864G,2024,803
2013AAPS0041H,2013,353
2013B3PS0153P,2013,370
2015B1PS0931G,2015,420
2022AAPS0458H,2022,688
2016B3PS0321G,2016,443
2021A3TS0225H,2021,623
2015A3PS0772H,2015,411
2019B5TS0164H,2019,537
2007B3PS0415P,2007,199
2004A7PS0402G,2004,123
2007A7TS0697P,2007,188
2016B3TS0452P,2016,446
2011B4TS0389H,2011,302
2012A7PS0170G,2012,326
2019A1TS0885H,2019,538
2008A8PS0980G,2008,226
2012A7PS0542G,2012,342
2016A7TS0478P,2016,437
2010A7PS0606H,2010,293
2020B3TS0420G,2020,592
2011B1PS0601H,2011,314
2007B1PS0923G,2007,181
2007B3PS0834G,2007,195
2010A8TS0941P,2010,299
2012A8TS0535H,2012,330
2013B4TS0035G,2013,360
2014A7TS0891G,2014,378
2018B2TS0846H,2018,490
2016B1TS0653H,2016,430
2014B4TS0404H,2014,391
2007B1TS0001H,2007,179
2006B1TS0274P,2006,151
2024B3TS0193H,2024,800
2005B4PS0545H,2005,126
2012B3TS0681P,2012,333
2010A3TS0976G,2010,276
2024A1TS0364P,2024,804
2021B4TS0110G,2021,644
2009A8PS0794P,2009,270
2010A1PS0024G,2010,295
2011B2TS0837H,2011,317
2019B1PS0602G,2019,549
2018AAPS0301H,2018,499
2004A4PS0186G,2004,115
2006B1PS0636P,2006,173
2014B5TS0921H,2014,376
2007A1TS0824G,2007,195
2016A8PS0253H,2016,439
2021A3PS0472P,2021,637
2021B4TS0309P,2021,607
2023B5TS0878H,2023,703
2017B2TS0649H,2017,470
2024B1TS0330H,2024,754
2017B2TS0259G,2017,462
2009AAPS0990G,2009,256
2014A4PS0544P,2014,387
2022A3TS0959H,2022,685
2012A3PS0340H,2012,325
2005A4TS0149G,2005,130
2015AAPS0758G,2015,407
2013A1PS0102P,2013,359
2011A1TS0289P,2011,312
2011A7TS0304P,2011,323
2020B2TS0572H,2020,583
2023B4TS0824G,2023,732
2020B3TS0314G,2020,567
2023B3TS0621H,2023,706
2021A1PS0253G,2021,632
2018AAPS0010G,2018,498
2007B3PS0445H,2007,188
2008A1PS0419P,2008,229
2013A4TS0461H,2013,374
2016A1PS0202G,2016,449
2022A4TS0737G,2022,656
2013A3PS0635P,2013,350
2016B2PS0434P,2016,443
2013A7PS0732H,2013,374
2015B1PS0852G,2015,424
2013B5PS0913G,2013,370
2023A8TS0481P,2023,745
2011B4TS0293H,2011,314
2009B3PS0264P,2009,261
2009A4TS0743H,2009,258
2006B4TS0750H,2006,152
2010A7PS0209H,2010,280
2006A4PS0655G,2006,167
2012B4TS0430H,2012,342
2017A3PS0812H,2017,458
2019A8PS0677G,2019,539
2008A1PS0499G,2008,233
2022A4PS0049H,2022,654
2020B4PS0348H,2020,594
2009A3TS0277P,2009,269
2023A3TS0533H,2023,725
2005B2PS0280G,2005,125
2024B5TS0064G,2024,847
2005A1TS0382G,2005,137
2004A3TS0701G,2004,102
2014B2TS0240H,2014,380
2012A1PS0296P,2012,337
2022B3PS0286G,2022,660
2010B3TS0958P,2010,280
2010A8PS0321G,2010,288
2008A8TS0598H,2008,225
2020B2TS0847P,2020,557
2010A1TS0438H,2010,281
2004A7TS0465P,2004,102
2012A8TS0751G,2012,344
2024B3TS0177P,2024,791
2012A7PS0522H,2012,348
2024A1PS0166P,2024,753
2008A8TS0334G,2008,229
2020A7TS0204H,2020,571
2011AATS0058H,2011,306
2008B4TS0051P,2008,248
2008B5PS0356H,2008,226
2024A7TS0389P,2024,810
2012B4PS0717P,2012,330
2022A1TS0237H,2022,684
2010B1PS0142H,2010,289
2024B5TS0163P,2024,810
2012A8PS0916H,2012,332
2015B5PS0621G,2015,410
2006A4TS0332H,2006,161
2018A3TS0351H,2018,476
2014A8PS0883P,2014,375
2004B2PS0298P,2004,123
2008A4PS0395H,2008,228
2008A1TS0666P,2008,228
2008B5PS0979H,2008,243
2015B1TS0761G,2015,400
2012B4TS0644P,2012,334
2004B3PS0516G,2004,122
2023AATS0550P,2023,719
2019B1TS0682H,2019,520
2016A3TS0025G,2016,437
2023B1TS0516H,2023,726
2023A4TS0377H,2023,722
2005A8TS0974G,2005,135
2019B5TS0987G,2019,533
2006A8TS0023P,2006,171
2022A7PS0158P,2022,661
2009B4TS0836H,2009,274
2021B3PS0047H,2021,638
2010A1PS0141H,2010,275
2016B4PS0454H,2016,427
2010A4TS0159G,2010,283
2004A3PS0880P,2004,115
2015AATS0982G,2015,404
2014A4PS0774H,2014,385
2017B4PS0626H,2017,467
2010A7TS0210H,2010,291
2008A7PS0556G,2008,242
2005B3PS0742H,2005,134
2017B1PS0936H,2017,463
2010B2PS0663G,2010,281
2005B5PS0588H,2005,146
2019B1TS0335G,2019,528
2010A7TS0153H,2010,295
2004A4TS0591P,2004,118
2016B4PS0599P,2016,429
2020B1PS0334H,2020,598
2013B5PS0413H,2013,366
2007A1TS0680P,2007,178
2019B4PS0249P,2019,504
2024B2PS0859H,2024,805
2020AATS0685G,2020,579
2010A4TS0525G,2010,294
2007A7TS0876G,2007,188
2015B2TS0708H,2015,403
2015B2TS0007P,2015,420
2019A4TS0886G,2019,514
2013A1TS0674H,2013,351
2006B1PS0095H,2006,164
2013AATS0503G,2013,371
2024A7PS0484P,2024,817
2007B3PS0174G,2007,184
2013B3TS0989H,2013,358
2014B3PS0739G,2014,396
2017B2PS0362G,2017,457
2024A1TS0462H,2024,763
2019A3PS0506G,2019,544
2010B3PS0433G,2010,281
2019B1TS0111H,2019,501
2019A7PS0029G,2019,517
2012A1TS0786P,2012,347
2010B1PS0059G,2010,295
2011A3TS0407G,2011,303
2013A1PS0180G,2013,358
2012A8TS0573H,2012,339
2005B1PS0734G,2005,147
2018B4PS0656P,2018,490
2017B2PS0373H,2017,472
2004A7TS0306G,2004,109
2007A1PS0352P,2007,192
2016B5TS0790G,2016,439
2019B3PS0212P,2019,506
2023B3PS0460G,2023,717
2005A8TS0783G,2005,126
2024A3TS0268G,2024,773
2012B3TS0603H,2012,342
2013B1TS0670P,2013,361
2012A3PS0862P,2012,343
2016B4PS0089H,2016,437
2005B1PS0568H,2005,146
2018B2PS0812H,2018,489
2007A4TS0028G,2007,175
2012AATS0400H,2012,336
2023B2PS0153G,2023,734
2016A7PS0574H,2016,440
2014B5PS0325P,2014,399
2011B1TS0664G,2011,317
2012A4TS0303G,2012,329
2020A8TS0514P,2020,562
2017B4TS0099G,2017,455
2010AATS0544H,2010,289
2016A7TS0889P,2016,449
2011A4PS0363H,2011,304
2020B3PS0414G,2020,584
2011B2TS0187P,2011,311
2006B5TS0296G,2006,164
2012A3PS0726G,2012,339
2013A3TS0246H,2013,354
2020A1PS0016G,2020,582
2022B3PS0779G,2022,651
2018A7TS0260H,2018,494
2018A7PS0344P,2018,495
2007AATS0845G,2007,195
2017A7PS0554P,2017,472
2014B2PS0708G,2014,377
2008A7PS0059H,2008,249
2016B2PS0656H,2016,434
2011A3TS0339G,2011,308
2010B5PS0742G,2010,293
2009A1PS0541G,2009,272
2020A1PS0605G,2020,553
2015A1PS0127P,2015,414
2005A4TS0942G,2005,144
2015B3PS0198G,2015,424
2018A3PS0781G,2018,477
2011A4PS0100P,2011,317
2018B4TS0808P,2018,478
2016A1TS0365H,2016,440
2015B5PS0038G,2015,404
2015A7PS0097G,2015,422
2004A7TS0073P,2004,115
2009AATS0442H,2009,274
2015B2TS0102H,2015,400
2015B1TS0398P,2015,418
2011B5TS0767P,2011,308
2011B3TS0745H,2011,305
2022A8TS0935P,2022,693
2013A3PS0509H,2013,354
2021A8TS0093G,2021,603
2014A3TS0748P,2014,378
2017B5PS0675P,2017,458
2019AAPS0047P,2019,502
2017A8TS0524P,2017,474
2011B5PS0284H,2011,324
2023B1TS0602P,2023,719
2005B1TS0367H,2005,145
2022A1PS0215G,2022,652
2014A8PS0753P,2014,386
2009A1TS0958G,2009,263
2020AATS0930G,2020,577
2017B2TS0685G,2017,458
2011B5TS0418G,2011,322
2017B1TS0387P,2017,473
2007A8PS0970P,2007,182
2012B5PS0738P,2012,329
2017A4PS0002G,2017,471
2006B2TS0420G,2006,154
2014A8TS0577P,2014,399
2013B2TS0705P,2013,369
2020A1TS0929P,2020,587
2024B3TS0874P,2024,789
2007A4TS0204H,2007,179
2017A7TS0138H,2017,458
2016B2PS0213G,2016,448
2018A7TS0742G,2018,477
2020B3PS0121G,2020,575
2015A3TS0437H,2015,424
2024AAPS0355H,2024,779
2018A3TS0467G,2018,498
2007B3TS0850G,2007,178
2006A1PS0735P,2006,170
2020AATS0089P,2020,583
2017B5PS0258P,2017,471
2018B5PS0075G,2018,497
2009B4TS0009G,2009,270
2007B3PS0276G,2007,197
2017A1PS0340G,2017,462
2021A8TS0202H,2021,612
2006B2TS0724P,2006,154
2019B1PS0060H,2019,527
2008B1TS0998P,2008,249
2023A8TS0949P,2023,733
2015A3PS0105H,2015,408
2006B5TS0453H,2006,154
2015A3PS0236H,2015,414
2019A8TS0903G,2019,517
2021A1PS0365H,2021,630
2004A1TS0831G,2004,112
2006B1PS0944P,2006,166
2023A4TS0799H,2023,731
2020B5TS0132G,2020,598
2009B1PS0202H,2009,253
2024A3TS0592P,2024,807
2014A7TS0138P,2014,377
2004A3PS0660H,2004,120
2016A8TS0019G,2016,428
2010A4TS0360H,2010,285
2005A3PS0609H,2005,145
2012B3TS0954G,2012,338
2019A4TS0465G,2019,504
2018A8PS0227H,2018,484
2024B4PS0795G,2024,820
2019AAPS0210G,2019,505
2022B2TS0734P,2022,660
2008A7PS0448G,2008,230
2019A7TS0366G,2019,500
2019B5TS0502P,2019,522
2006B2TS0470P,2006,166
2013A3PS0146G,2013,362
2005B4TS0591P,2005,148
2011B3TS0404H,2011,304
2006B4TS0245H,2006,158
2009B5TS0504P,2009,256
2018B5TS0496G,2018,488
2017B5PS0366H,2017,461
2011A8TS0459H,2011,306
2018B5PS0932P,2018,480
2016A4PS0967G,2016,427
2017A7TS0213G,2017,465
2004A3PS0165G,2004,114
2012A1TS0423P,2012,338
2011A3TS0559P,2011,319
2015A1PS0445P,2015,400
2005AATS0873H,2005,133
2013A3PS0915G,2013,352
2011B1TS0098H,2011,300
2017B1PS0470P,2017,451
2006B1PS0437H,2006,160
2004B3PS0410P,2004,120
2015B5TS0798H,2015,407
2005B5PS0958G,2005,133
2018A4PS0773G,2018,499
2012A4TS0613H,2012,333
2005A3TS0753H,2005,144
2006A8TS0753H,2006,156
2011B2TS0701H,2011,322
2015A4PS0868G,2015,409
2014B5PS0292P,2014,382
2017A8PS0545P,2017,459
2016A7PS0268G,2016,441
2006B5TS0229G,2006,151
2013B2TS0009H,2013,354
2007B3TS0036P,2007,198
2010B3TS0290G,2010,275
2013B4TS0396P,2013,362
2024A7TS0875H,2024,779
2020A4PS0876G,2020,593
2005A3TS0591H,2005,134
2013B2TS0866P,2013,358
2013A8TS0433G,2013,350
2020B5TS0218H,2020,585
2011A7TS0081P,2011,320
2024A7PS0364P,2024,814
2022B5TS0781P,2022,668
2022AAPS0457G,2022,650
2017A4PS0944H,2017,470
2016B2PS0790G,2016,440
2023B1TS0603H,2023,748
2004A3PS0870H,2004,109
2011A4PS0098G,2011,312
2021B1TS0887H,2021,634
2014B4PS0773H,2014,380
2021AATS0276H,2021,612
2023AAPS0657H,2023,727
2014A8PS0822G,2014,377
2017B3TS0746P,2017,464
2022B1TS0571H,2022,687
2008B2TS0224H,2008,241
2012A8TS0244G,2012,341
2008B2TS0305G,2008,227
2009B5TS0748H,2009,260
2011B3TS0435H,2011,316
2008A3PS0367G,2008,235
2022B5TS0108G,2022,659
2005AATS0300H,2005,138
2015B4PS0567G,2015,400
2018AATS0664G,2018,499
2008A7TS0959H,2008,229
2004B3TS0969H,2004,112
2017A7PS0339G,2017,457
2016B4TS0605P,2016,437
2006B1PS0718P,2006,162
2011A3PS0148G,2011,310
2008AATS0222H,2008,241
2004B3TS0756P,2004,123
2008A7PS0294P,2008,241
2011A7PS0508G,2011,309
2013B3TS0681H,2013,372
2008AATS0951H,2008,242
2024A1TS0771G,2024,788
2014A8PS0647H,2014,396
2017A3PS0210H,2017,458
2017AATS0110P,2017,474
2023A7TS0761P,2023,727
2009A8PS0115G,2009,269
2004AAPS0573G,2004,111
2017B3TS0326H,2017,453
2015A4TS0086G,2015,412
2024A4TS0718P,2024,836
2020A4TS0722P,2020,564
2018A8PS0718P,2018,488
2022A4TS0892H,2022,666
2020A3PS0394G,2020,584
2011AATS0192G,2011,322
2019B2TS0657G,2019,502
2012B1PS0085P,2012,341
2018B2PS0531P,2018,486
2015A7PS0364P,2015,401
2008A1PS0408P,2008,233
2023A4PS0024H,2023,722
2015A4TS0936P,2015,408
2017B5TS0574H,2017,474
2017A8TS0774G,2017,471
2012B2PS0358P,2012,343
2007B4TS0355G,2007,176
2014A3PS0437P,2014,399
2015B4PS0790G,2015,402
2021B1PS0814H,2021,618
2007B3PS0315P,2007,194
2018A3TS0421H,2018,482
2014B5PS0675H,2014,389
2020A3PS0368P,2020,597
2023B1PS0101P,2023,709
2015B2TS0229P,2015,407
2010A7PS0565H,2010,293
2018A3TS0059H,2018,496
2015B3PS0781G,2015,414
2011B2TS0417G,2011,312
2015AAPS0746G,2015,400
2015B3TS0452H,2015,421
2021A4PS0136G,2021,611
2011A3TS0442G,2011,304
2005A1TS0733G,2005,149
2020A3PS0976H,2020,563
2017AATS0281H,2017,469
2017B1PS0723G,2017,467
2014B5TS0806G,2014,398
2012AATS0636P,2012,326
2014A1PS0006H,2014,388
2022A3TS0961H,2022,677
2008A4TS0118H,2008,238
2013A8TS0232P,2013,364
2023B2PS0754P,2023,745
2020A3TS0106H,2020,558
2010A1TS0528P,2010,283
2018B1PS0953G,2018,476
2015B4PS0219H,2015,409
2010A1PS0613P,2010,278
2024B5TS0330G,2024,763
2018AAPS0159H,2018,498
2018A3PS0005P,2018,488
2008B1PS0089P,2008,234
2011A8TS0503P,2011,304
2013B4PS0231G,2013,369
2022B3PS0367P,2022,683
2019A1TS0509P,2019,525
2006B4TS0233P,2006,168
2023A3PS0268H,2023,722
2011A4TS0570P,2011,306
2016B5PS0361P,2016,430
2017B1PS0585G,2017,470
2012A8TS0701P,2012,330
2005A7TS0652P,2005,136
2009AAPS0568G,2009,267
2024B4PS0314P,2024,834
2015A4TS0836G,2015,416
2017B1PS0514P,2017,455
2012A3TS0301H,2012,342
2004B2PS0881P,2004,116
2020B3PS0639P,2020,590
2024B4PS0415G,2024,841
2019A1PS0753G,2019,502
2023B5TS0590G,2023,736
2011B4PS0755G,2011,313
2008B3PS0119G,2008,239
2020A1TS0481G,2020,566
2006A7TS0121H,2006,161
2013A3PS0539H,2013,362
2007AAPS0185H,2007,195
2020A8TS0328G,2020,556
2004A3TS0768H,2004,118
2015B2PS0919H,2015,418
2019A7PS0276H,2019,536
2021A7TS0596H,2021,620
2016B3TS0843G,2016,441
2007B5PS0045P,2007,181
2011A7PS0263H,2011,324
2016A1TS0136H,2016,448
2022B5PS0025H,2022,683
2017A1PS0974G,2017,472
2009B2TS0792P,2009,260
2013A4PS0776H,2013,357
2024A1TS0255P,2024,759
2014B1TS0538P,2014,395
2022A3PS0743G,2022,684
2004AATS0311H,2004,109
2018A7TS0700P,2018,485
2011A8PS0507H,2011,316
2007A1PS0038G,2007,194
2016B4TS0489G,2016,449
2020B5TS0319H,2020,578
2022A7PS0792H,2022,695
2015A4PS0307H,2015,403
2011B3TS0168P,2011,315
2017B2TS0336G,2017,473
2007B5PS0446P,2007,189
2005A3TS0729H,2005,132
2010B4TS0786H,2010,283
2013B3TS0658H,2013,352
2005B4PS0261G,2005,143
2010A1PS0328P,2010,275
2005B1PS0516H,2005,141
2005A3TS0647G,2005,145
2004B2PS0705P,2004,122
2013B2PS0999P,2013,350
2013A1PS0765G,2013,358
2014A3PS0285G,2014,383
2006A8PS0014H,2006,165
2006B3PS0919P,2006,162
2014A7PS0849G,2014,381
2005B2TS0256H,2005,136
2014A3PS0552G,2014,393
2022B1TS0626H,2022,676
2009B4PS0914H,2009,262
2022A1TS0525G,2022,682
2016A7TS0755P,2016,426
2024A7TS0251H,2024,779
2012A8TS0426P,2012,344
2008B5PS0197H,2008,231
2016A4PS0301H,2016,443
2011B4TS0861P,2011,303
2004B2PS0819G,2004,101
2008B1TS0957G,2008,247
2009B1PS0015H,2009,259
2011B1PS0808P,2011,310
2018A4TS0505P,2018,482
2015AATS0493G,2015,413
2005A1PS0606P,2005,129
2009B5TS0052P,2009,253
2024A8PS0885G,2024,835
2010A4PS0260G,2010,296
2018A8TS0893P,2018,482
2014B1PS0830P,2014,384
2021B4TS0560P,2021,636
2021A8PS0798P,2021,625
2022B4PS0940H,2022,687
2004A4PS0942G,2004,120
2013A8TS0289P,2013,351
2012B3TS0167P,2012,344
2018A7TS0542H,2018,491
2006A8TS0346P,2006,159
2019A8TS0723H,2019,522
2019A1PS0498P,2019,507
2012B5TS0241G,2012,347
2016B4TS0467P,2016,429
2016B3TS0142G,2016,449
2019A1PS0680H,2019,536
2013AAPS0881G,2013,360
2019A8TS0267P,2019,513
2013B1PS0171P,2013,362
2006AAPS0206P,2006,172
2009A3TS0602G,2009,256
2018AATS0313G,2018,478
2008A4PS0752P,2008,241
2017A3TS0199H,2017,456
2013A4PS0528G,2013,369
2024B5PS0820G,2024,819
2020B5TS0142G,2020,575
2005B2PS0552G,2005,127
2005A4PS0984P,2005,133
2021A3TS0187P,2021,611
2023B5TS0942P,2023,733
2009B1TS0065H,2009,255
2011B1PS0365G,2011,301
2005B5PS0420P,2005,134
2016B1TS0403G,2016,444
2012B3PS0087H,2012,336
2004B1TS0542G,2004,121
2022A7PS0238P,2022,652
2012A8TS0564P,2012,328
2007A8TS0209P,2007,192
2017B5PS0876G,2017,451
2010A7TS0032G,2010,293
2010B2PS0841P,2010,282
2017B4TS0050P,2017,457
2004AAPS0983P,2004,102
2012A3TS0339P,2012,349
2004AATS0589H,2004,122
2015B2PS0558G,2015,423
2014B5PS0014P,2014,384
2019A4PS0448P,2019,548
2014A3PS0387G,2014,379
2010B1TS0108G,2010,298
2019A4PS0836H,2019,512
2019B1PS0108P,2019,511
2010A8TS0195H,2010,284
2016A8TS0175H,2016,448
2009B5PS0533H,2009,252
2004B1PS0585P,2004,105
2008A4PS0804H,2008,233
2011B1PS0947H,2011,313
2020B4TS0693P,2020,588
2020AATS0602H,2020,573
2023A8PS0817P,2023,727
2024B1PS0861H,2024,762
2009B3PS0273P,2009,253
2011B3PS0253P,2011,308
2004B4TS0753G,2004,112
2004A7TS0021P,2004,110
2021B1PS0848H,2021,644
2008B3TS0675G,2008,225
2011A8TS0457H,2011,313
2024B3PS0358G,2024,839
2012A4TS0785G,2012,342
2004A3TS0697P,2004,103
2024A8PS0226P,2024,835
2018A1TS0814H,2018,493
2023B3PS0353P,2023,717
2008A4PS0522H,2008,249
2019B2PS0700G,2019,516
2006A1PS0993G,2006,150
2004B2TS0741G,2004,109
2018B2PS0177P,2018,477
2020A4PS0337P,2020,568
2007B3PS0705P,2007,175
2012A8PS0260P,2012,338
2012B2TS0476P,2012,345
2010A1PS0301P,2010,278
2006B2PS0337G,2006,155
2012A7TS0572G,2012,342
2006AAPS0720P,2006,168
2021B5PS0056P,2021,643
2009AATS0510P,2009,254
2004A7PS0891P,2004,115
2011A1TS0167G,2011,312
2016A8PS0553H,2016,428
2017B3PS0498P,2017,457
2008B5TS0846G,2008,227
2010A7TS0793G,2010,277
2019A3PS0922P,2019,500
2009A1PS0464G,2009,266
2024A4TS0452P,2024,751
2015A1PS0297P,2015,424
2007B1TS0707H,2007,196
2016B4TS0543G,2016,448
2019A7PS0514H,2019,505
2014B1PS0866G,2014,384
2018A4PS0511P,2018,489
2022A4TS0595H,2022,657
2015B4PS0788H,2015,415
2005A8PS0683G,2005,134
2011A7TS0880H,2011,301
2012B5TS0972G,2012,345
2021A7PS0702G,2021,603
2011AATS0568G,2011,314
2007A7PS0751G,2007,181
2022B1TS0260P,2022,651
2014B5PS0492P,2014,392
2015A1PS0639H,2015,409
2020B2PS0281H,2020,568
2014AAPS0062H,2014,387
2008A7TS0490P,2008,231
2021A3PS0380P,2021,606
2009A8TS0412G,2009,259
2004B5TS0496P,2004,118
2011A7PS0305G,2011,304
2006A7TS0871H,2006,167
2018A1TS0365H,2018,481
2018B1TS0074H,2018,494
2007A7PS0026H,2007,194
2019B4PS0692H,2019,514
2024A7TS0466G,2024,763
2006B4TS0247P,2006,153
2017B1TS0999P,2017,457
2016AATS0714P,2016,434
2007B1TS0317G,2007,181
2014A8PS0402P,2014,396
2024A7TS0434G,2024,793
2006A1PS0897G,2006,153
2021B1PS0620H,2021,601
2013B4PS0276G,2013,374
2016AAPS0710P,2016,442
2020AATS0508H,2020,571
2011A4PS0170H,2011,314
2012A4PS0679H,2012,333
2016A7TS0350G,2016,425
2015A8PS0100G,2015,411
2012A1PS0540G,2012,328
2022A8PS0494H,2022,681
2011A7PS0618G,2011,301
2014B4TS0253H,2014,393
2020B5TS0505P,2020,572
2016B3TS0935P,2016,425
2008A4TS0111H,2008,245
2004B1TS0418H,2004,104
2012B4PS0860H,2012,329
2019A7TS0874H,2019,507
2015A3PS0025H,2015,400
2022AAPS0432G,2022,652
2019A7PS0850G,2019,532
2014B4TS0102P,2014,383
2005A3TS0141G,2005,134
2012AATS0385G,2012,340
2005A3PS0302G,2005,128
2020B4PS0034P,2020,567
2008B5PS0556G,2008,247
2014B5TS0272H,2014,391
2013B1TS0478P,2013,355
2022B5PS0313H,2022,672
2007AATS0153H,2007,182
2004A3PS0586G,2004,122
2011AAPS0698G,2011,305
2004A8PS0396H,2004,114
2019B2PS0169G,2019,519
2017A7TS0109G,2017,460
2019B2PS0174G,2019,547
2006B5PS0770G,2006,171
2019A8TS0942H,2019,543
2017AAPS0457H,2017,456
2014AATS0719H,2014,392
2023B3PS0347G,2023,710
2004A7PS0971P,2004,109
2019B3PS0561G,2019,541
2006B2PS0157G,2006,158
2008B2TS0382H,2008,227
2004B3PS0880H,2004,116
2020B1PS0861G,2020,586
2015A8TS0383H,2015,413
2015A4TS0241P,2015,400
2007AAPS0188G,2007,175
2009A4TS0321H,2009,253
2022AATS0947H,2022,675
2009A8PS0796G,2009,262
2021AAPS0996P,2021,617
2016A7TS0818H,2016,447
2019B1PS0352G,2019,542
2015B4PS0929H,2015,400
2024B3TS0721P,2024,822
2009A8PS0489H,2009,255
2008A3TS0534G,2008,231
2018A1TS0840G,2018,499
2006A7PS0445G,2006,158
2006A7TS0885G,2006,163
2021A4PS0498H,2021,622
2024B3PS0623P,2024,751
2023B5PS0360P,2023,731
2020B5TS0094P,2020,572
2017A8PS0049G,2017,456
2013AATS0860H,2013,371
2022A7TS0035G,2022,672
2015B4PS0137G,2015,411
2004B3TS0648P,2004,100
2004B2PS0699H,2004,114
2006A4PS0829H,2006,156
2009B4TS0006H,2009,273
2006A8TS0626P,2006,150
2005AATS0077H,2005,133
2011A1PS0264G,2011,313
2011B3TS0320H,2011,313
2007AAPS0317H,2007,191
2010A8TS0943P,2010,292
2024B4PS0338H,2024,789
2005A4PS0058P,2005,138
2021B2PS0328P,2021,639
2015A1TS0700G,2015,407
2010A7PS0823P,2010,296
2005B3PS0046G,2005,141
2004A7TS0941P,2004,106
2006B5PS0921P,2006,151
2012B5PS0431H,2012,329
2019B2PS0375P,2019,530
2006A3PS0933H,2006,155
2010B4PS0896H,2010,283
2009A1PS0800G,2009,256
2022A7TS0945H,2022,681
2011B1TS0626G,2011,309
2010A7TS0911G,2010,279
2022B4PS0744P,2022,695
2013B4TS0979H,2013,351
2022B4PS0994H,2022,673
2008AAPS0234P,2008,226
2004B5PS0310G,2004,108
2013A1TS0197G,2013,361
2022B3TS0269G,2022,688
2010A8TS0972P,2010,293
2004A8TS0196G,2004,117
2018B4PS0816G,2018,480
2024B5TS0872G,2024,782
2022A3PS0854G,2022,671
2004B1PS0391H,2004,120
2017A7TS0896P,2017,453
2014A4TS0191G,2014,390
2016A7TS0717P,2016,440
2011B2PS0106P,2011,313
2013A8PS0803G,2013,369
2014B5PS0605G,2014,383
2018AATS0252H,2018,475
2014B1TS0807H,2014,389
2008A8PS0984P,2008,232
2004A4PS0161G,2004,107
2008B5PS0474H,2008,226
2015B1PS0757G,2015,418
2004A8TS0312H,2004,118
2015A7PS0317H,2015,423
2004A8TS0056H,2004,123
2007B4TS0073P,2007,191
2013A1TS0833H,2013,350
2007A1TS0344P,2007,182
2016A3PS0510P,2016,449
2021A4TS0969P,2021,636
2008B5PS0662G,2008,242
2017A3TS0928P,2017,457
2016A8TS0455G,2016,429
2024B3TS0943P,2024,784
2024B4TS0547G,2024,788
2016A1TS0785P,2016,436
2016B5TS0288P,2016,444
2005A7TS0341P,2005,141
2019A4TS0175P,2019,526
2017B3TS0104G,2017,457
2019B5PS0999P,2019,520
2020B5PS0610P,2020,556
2024A4PS0351G,2024,764
2020B2PS0808P,2020,576
2016B1PS0372H,2016,449
2017A7PS0445P,2017,466
2011B3TS0120P,2011,317
2008B5PS0451P,2008,231
2022A3TS0667P,2022,670
2017B3PS0323P,2017,453
2004A1TS0263H,2004,105
2018B3TS0259H,2018,497
2024A4PS0413P,2024,754
2020B2PS0429G,2020,569
2009B5TS0214H,2009,266
2006B1TS0908P,2006,150
2013A1TS0435H,2013,371
2013B2TS0996G,2013,365
2014A1PS0417H,2014,379
2012B2TS0367P,2012,344
2022A7TS0715G,2022,696
2017A7PS0269P,2017,458
2015B2PS0141P,2015,405
2011A1TS0446H,2011,308
2023A1TS0518P,2023,720
2004B1TS0559G,2004,100
2011A7TS0264G,2011,316
2007A1PS0150H,2007,181
2019B5PS0783P,2019,514
2009A7TS0022H,2009,257
2014A8PS0658G,2014,378
2023A3TS0139P,2023,715
2021B2TS0997G,2021,609
2020B4PS0689H,2020,567
2017A3TS0823P,2017,458
2022B3PS0325P,2022,655
2014A7PS0300P,2014,386
2015B2TS0715H,2015,412
2019B5PS0251P,2019,545
2018B2TS0834H,2018,488
2007B2PS0414H,2007,191
2017A7PS0735P,2017,457
2013AAPS0413H,2013,370
2022AATS0297P,2022,659
2021B3TS0083P,2021,623
2022A8TS0229G,2022,693
2017AAPS0687G,2017,465
2019A1PS0446P,2019,507
2007B3PS0140G,2007,186
2007A3PS0306H,2007,187
2008A1TS0834H,2008,226
2018AATS0823G,2018,497
2015AAPS0032P,2015,405
2019B1TS0981H,2019,511
2005B2PS0274H,2005,137
2023A4PS0619H,2023,709
2020A4TS0737H,2020,579
2004A8PS0475G,2004,119
2005B4TS0188G,2005,135
2010A4TS0491G,2010,296
2023A8PS0341H,2023,728
2008A3PS0739H,2008,230
2018A3TS0273H,2018,494
2008B3PS0677G,2008,235
2011B5PS0258P,2011,323
2017AAPS0221G,2017,469
2007A1TS0150G,2007,193
2010B2TS0653H,2010,293
2007A3PS0451G,2007,196
2007B2PS0209G,2007,184
2005B1PS0726G,2005,149
2019A3PS0384P,2019,544
2021A4PS0338G,2021,641
2024A4TS0924P,2024,812
2023A3PS0440G,2023,702
2013A8PS0252H,2013,359
2013A1PS0948G,2013,373
2011A8PS0639P,2011,304
2008A4PS0351P,2008,248
2014A4TS0732G,2014,376
2004B2TS0139G,2004,109
2017AATS0220P,2017,463
2017A7TS0909G,2017,470
2017A7TS0932P,2017,460
2012B3TS0616H,2012,337
2016A8PS0634P,2016,448
2012A1PS0348G,2012,346
2012AAPS0802H,2012,342
2014B4TS0058H,2014,389
2006A4TS0340H,2006,150
2007A4TS0650H,2007,185
2010B1PS0449G,2010,294
2015A3TS0899H,2015,416
2010A3TS0522H,2010,275
2023A7TS0181P,2023,741
2005A7TS0916P,2005,149
2005A7PS0719P,2005,137
2019AATS0136P,2019,524
2010B4TS0023G,2010,288
2004B2PS0691P,2004,101
2012A1PS0518P,2012,339
2021B3PS0255G,2021,645
2007A1PS0112H,2007,194
2008A7PS0346G,2008,238
2016B4TS0016H,2016,448
2007A3PS0676G,2007,193
2019A7TS0730P,2019,516
2014B2TS0825P,2014,395
2015A8PS0036G,2015,424
2018AAPS0236H,2018,477
2017A3TS0996P,2017,474
2019B1PS0841H,2019,516
2011B1PS0304H,2011,312
2005B1TS0431H,2005,136
2013A3PS0215G,2013,359
2010A1PS0213P,2010,283
2016A3TS0315H,2016,432
2021B5PS0336H,2021,647
2012B3TS0267H,2012,348
2020A4TS0586H,2020,574
2021A4PS0779H,2021,645
2015A7TS0410H,2015,414
2011B3TS0509G,2011,322
2019B3TS0723P,2019,513
2018A7TS0057G,2018,491
2012B4TS0906G,2012,335
2009A3TS0014G,2009,260
2011B1TS0696H,2011,301
2006B3TS0002G,2006,151
2006A7PS0787P,2006,164
2014A4PS0592H,2014,376
2023B4TS0541G,2023,713
2017A1PS0108H,2017,457
2013A3TS0435G,2013,350
2015A8TS0861G,2015,409
2014B3PS0825G,2014,385
2015AATS0163G,2015,410
2006B5PS0051P,2006,165
2018B1TS0619G,2018,499
2013A7PS0526G,2013,373
2004A4TS0687G,2004,109
2012B3PS0489P,2012,337
2005A3PS0748G,2005,134
2015A7PS0233P,2015,405
2013A1PS0696G,2013,360
2010B4TS0883G,2010,284
2009B4TS0487P,2009,259
2021A8PS0032H,2021,641
2022A1TS0383H,2022,670
2022B1TS0427G,2022,661
2007AAPS0838H,2007,175
2009B3TS0759H,2009,270
2011AAPS0878P,2011,301
2007A4TS0038G,2007,192
2013B5PS0307H,2013,352
2020A3TS0875H,2020,552
2018A1TS0355G,2018,478
2010AATS0147H,2010,282
2010B2TS0475G,2010,289
2024A7PS0548G,2024,796
2004A1TS0292P,2004,100
2007B3PS0349P,2007,190
2014A3PS0346G,2014,393
2023A7PS0491G,2023,727
2014B2TS0457H,2014,383
2014A8TS0134G,2014,382
2023A8TS0789H,2023,734
2024A4TS0026P,2024,788
2008B4TS0545P,2008,225
2018AAPS0617H,2018,484
2018A8TS0992H,2018,479
2004AAPS0343H,2004,111
2018A4TS0847G,2018,499
2014B3PS0568H,2014,386
2024A8TS0661G,2024,824
2010A3PS0556G,2010,297
2004B3TS0038G,2004,104
2016A3TS0750H,2016,443
2015A8PS0097G,2015,416
2017B3PS0250G,2017,463
2019B3PS0525P,2019,545
2011AATS0589P,2011,314
2021A4PS0532G,2021,626
2020A1TS0950G,2020,554
2017A3PS0726P,2017,453
2015A8TS0502P,2015,415
2010A1PS0717H,2010,290
2006A3TS0134P,2006,154
2007B2TS0191H,2007,193
2008A7TS0457P,2008,227
2004A4TS0342P,2004,122
2011B1TS0251H,2011,311
2009A1TS0099H,2009,261
2007B1PS0615P,2007,193
2007A3PS0830G,2007,198
2019B1TS0225H,2019,515
2011A3PS0908H,2011,313
2017A4PS0743H,2017,454
2018B1PS0510H,2018,483
2017A3PS0891P,2017,459
2018A1PS0267G,2018,495
2015B3PS0698P,2015,400
2024A1TS0038H,2024,795
2005A8TS0551P,2005,139
2008A3PS0101P,2008,229
2022B2PS0018G,2022,681
2007B5PS0322G,2007,177
2005A7PS0012G,2005,136
2012A7TS0715H,2012,332
2019B2TS0217H,2019,545
2017B2TS0213G,2017,457
2022A1PS0905G,2022,695
2016A7TS0179H,2016,432
2006A4TS0931H,2006,170
2011A7PS0761G,2011,306
2023B2PS0746H,2023,708
2017A7TS0848P,2017,451
2016B4TS0654G,2016,441
2014B5TS0858P,2014,378
2004B5TS0347H,2004,116
2014A3TS0944H,2014,398
2008A7PS0403G,2008,249
2020B4PS0504G,2020,566
2012A8TS0192G,2012,338
2016B5TS0098G,2016,434
2023A4TS0802P,2023,729
2014AAPS0406H,2014,385
2021B5PS0501G,2021,605
2005A7TS0480G,2005,142
2008B1PS0220P,2008,242
2004A3TS0763H,2004,124
2011B5PS0661H,2011,306
2006A4PS0525G,2006,151
2008A1TS0885G,2008,228
2019B2TS0814G,2019,547
2021A7TS0385P,2021,638
2024A3PS0829P,2024,778
2010A8PS0556P,2010,278
2019B1TS0572H,2019,500
2017A4PS0343P,2017,470
2014B4TS0103G,2014,378
2021A1PS0302G,2021,616
2010B3TS0679H,2010,283
2006B4PS0287G,2006,154
2005A3PS0425P,2005,128
2004A3TS0511P,2004,119
2008B2PS0360H,2008,245
2019A1TS0052P,2019,523
2023A1TS0644G,2023,700
2022A8PS0319G,2022,689
2012A1TS0458H,2012,331
2021B2TS0789P,2021,612
2007A8PS0612G,2007,187
2007B4PS0988H,2007,180
2012A8PS0122G,2012,345
2011AAPS0605H,2011,321
2008B1PS0609H,2008,233
2018A8TS0787H,2018,484
2018A8TS0972P,2018,489
2024B5TS0670H,2024,751
2024A8PS0772H,2024,802
2020A7TS0568G,2020,599
2009B3TS0408H,2009,267
2004B4TS0514G,2004,119
2012B3PS0613P,2012,340
2004B2TS0283H,2004,121
2014A1TS0007G,2014,378
2005B2PS0968G,2005,144
2013B1TS0379P,2013,358
2014A4TS0882H,2014,392
2008A7PS0823H,2008,241
2007B4PS0448G,2007,195
2016B4PS0997P,2016,436
2010B3TS0948H,2010,281
2004A8PS0742H,2004,122
2024B4PS0616P,2024,798
2013B2TS0839P,2013,363
2017A7TS0289H,2017,471
2023A3TS0025H,2023,733
2004A3TS0489G,2004,101
2020A8PS0708H,2020,550
2009A3TS0649G,2009,254
2009B5PS0449P,2009,262
2016B1TS0400H,2016,428
2017A1PS0654H,2017,459
2007AATS0891H,2007,184
2019A8TS0789P,2019,548
2006B5PS0537G,2006,166
2024A4PS0318G,2024,760
2023A8PS0068P,2023,735
2021A4PS0287P,2021,631
2016B3PS0636H,2016,447
2017AAPS0384G,2017,466
2014B1TS0398H,2014,391
2019B4PS0470H,2019,541
2020B3TS0528G,2020,582
2018A8PS0238H,2018,478
2019AATS0024G,2019,531
2005A3TS0086H,2005,137
2013B4TS0863G,2013,374
2015B4TS0090G,2015,412
2006A8PS0349P,2006,150
2007A4TS0222P,2007,176
2017B2PS0527G,2017,461
2007B2TS0380G,2007,190
2023AATS0699P,2023,733
2018A1TS0520G,2018,494
2006B3PS0850G,2006,161
2022A1TS0528G,2022,672
2020A8TS0931G,2020,572
2016A7PS0755H,2016,439
2019A7PS0322P,2019,512
2023A7PS0550G,2023,736
2006B1PS0529P,2006,172
2017A1PS0131G,2017,468
2022A3TS0020H,2022,696
2005A1PS0748H,2005,134
2007A8PS0987P,2007,183
2023B2PS0854G,2023,731
2011AAPS0481H,2011,316
2013B2TS0875P,2013,366
2011B1TS0282P,2011,321
2008B1PS0684G,2008,248
2012B2PS0498P,2012,347
2006B3PS0256H,2006,151
2005B1PS0285G,2005,144
2020A7PS0012P,2020,574
2005B5TS0761P,2005,140
2005A3TS0120H,2005,143
2015A8TS0793H,2015,423
2008B5PS0753P,2008,248
2009A4TS0999P,2009,250
2004B4PS0587H,2004,119
2007B5PS0482P,2007,179
2013B3PS0244G,2013,371
2014B1TS0417G,2014,399
2012A8PS0979H,2012,347
2024A7PS0339G,2024,784
2023B2TS0730G,2023,731
2017A7TS0200G,2017,469
2005B5PS0723P,2005,146
2016B2TS0054H,2016,429
2013B4PS0891G,2013,361
2018B5PS0010H,2018,475
2011B1TS0915P,2011,305
2020B4PS0936G,2020,573
2010B4TS0613P,2010,290
2013B5PS0911P,2013,355
2021B4PS0232G,2021,610
2022B5PS0430G,2022,663
2007B3TS0571P,2007,178
2018A1TS0936H,2018,497
2006A8PS0932H,2006,159
2017B2PS0291G,2017,472
2007A1PS0115P,2007,182
2017A1TS0387H,2017,471
2022B1PS0242P,2022,677
2022B4TS0010H,2022,657
2006AAPS0861G,2006,168
2015B2TS0647G,2015,421
2019AAPS0998P,2019,529
2010B3TS0071G,2010,299
2015A7PS0257H,2015,423
2016A1PS0785P,2016,430
2005A7TS0533H,2005,138
2007A1PS0505P,2007,198
2005A8PS0857G,2005,144
2017B5TS0573H,2017,451
2012A7TS0747H,2012,328
2024AATS0294G,2024,828
2018B5PS0129H,2018,478
2023A8PS0367P,2023,720
2008B1PS0511G,2008,248
2020A8PS0453P,2020,597
2022A1PS0120G,2022,698
2017B2PS0412H,2017,469
2008B5TS0381P,2008,226
2004A4TS0337H,2004,101
2013B4PS0572P,2013,356
2004A8PS0004P,2004,108
2013B5TS0702G,2013,363
2020B2TS0923H,2020,575
2005B4PS0554P,2005,138
2006A1PS0335P,2006,171
2019B3PS0710G,2019,536
2024AAPS0854P,2024,800
2011A7PS0306G,2011,309
2016B1PS0108H,2016,427
2011A1PS0989H,2011,313
2007B4TS0799P,2007,196
2007B2PS0369G,2007,181
2016B3PS0517G,2016,426
2013AAPS0823H,2013,361
2017A1PS0640P,2017,465
2018A1PS0269H,2018,486
2005A1PS0757G,2005,143
2014B4PS0790G,2014,399
2011AATS0702G,2011,322
2023B4TS0685G,2023,740
2016A1TS0569G,2016,438
2023AAPS0579G,2023,709
2019A4PS0149P,2019,547
2016A7PS0986G,2016,446
2022B4PS0788G,2022,695
2015AATS0583H,2015,408
2011B2TS0198P,2011,309
2021AATS0943P,2021,619
2008A3PS0907P,2008,245
2012B1PS0363H,2012,339
2017A8PS0047H,2017,470
2010B5PS0688G,2010,288
2013A4PS0967G,2013,369
2024B3PS0616P,2024,842
2008A1PS0772H,2008,229
2021AATS0084H,2021,613
2016AATS0994P,2016,427
2009A8PS0752H,2009,255
2023B5TS0436P,2023,724
2016A8TS0924H,2016,425
2010B2TS0101H,2010,289
2014A8TS0688P,2014,392
2019A4PS0848G,2019,532
2015A4PS0687P,2015,415
2016A1PS0527G,2016,427
2017A8TS0601G,2017,466
2019A7PS0561H,2019,533
2016B4TS0770P,2016,433
2020A4TS0535H,2020,553
2022B1TS0299G,2022,654
2007B4TS0406G,2007,175
2006A7PS0322H,2006,153
2006A3TS0641P,2006,161
2022A1PS0636P,2022,666
2007B1TS0452H,2007,185
2004B1TS0654H,2004,120
2021B5TS0436G,2021,649
2021A1PS0522G,2021,633
2006AAPS0018H,2006,165
2008AATS0410H,2008,249
2007A1PS0191P,2007,193
2023AAPS0868G,2023,739
2019A8TS0198H,2019,500
2015B2PS0094G,2015,416
2005B1PS0617G,2005,146
2015A3TS0573P,2015,405
2007B1TS0717G,2007,180
2015A1PS0434G,2015,417
2018B3PS0801G,2018,491
2007A8TS0366G,2007,186
2005B4TS0875G,2005,130
2016A3TS0454H,2016,430
2021B3PS0115P,2021,602
2018A8TS0084G,2018,485
2009B5TS0835H,2009,271
2017AATS0688P,2017,468
2008AATS0645H,2008,226
2022A4PS0154P,2022,656
2020A7TS0524H,2020,559
2017B4PS0770G,2017,456
2008A3PS0216P,2008,240
2005A1TS0803P,2005,129
2010A3TS0611P,2010,293
2009A7PS0211G,2009,258
2010B2TS0335H,2010,280
2022A4PS0783G,2022,657
2023AATS0951H,2023,721
2009A3TS0757G,2009,270
2004A4PS0492H,2004,110
2023B4PS0844P,2023,729
2015B4PS0671P,2015,413
2009AAPS0552P,2009,267
2014B5PS0516H,2014,384
2021B5PS0223P,2021,633
2005A8PS0249P,2005,131
2005B1PS0404P,2005,146
2012A1PS0554P,2012,349
2012AATS0508P,2012,344
2020A4TS0452P,2020,563
2014B4PS0715P,2014,383
2010A8TS0414G,2010,290
2006B1TS0228G,2006,171
2021B4TS0319G,2021,621
2011A1TS0075G,2011,303
2024B5PS0138H,2024,820
2013B1PS0788P,2013,360
2007B2PS0167P,2007,192
2009A7TS0651H,2009,258
2020B2PS0859G,2020,574
2020AAPS0435H,2020,583
2017B5PS0248G,2017,470
2006B3TS0064H,2006,174
2024B2TS0589H,2024,794
2015A7PS0604P,2015,405
2009B5PS0685P,2009,264
2024B5PS0653P,2024,834
2012A7TS0466G,2012,337
2009A3PS0753H,2009,251
2023A4PS0837H,2023,723
2011B2PS0760G,2011,305
2022B2TS0993P,2022,697
2023A7PS0589P,2023,733
2009A3TS0342H,2009,267
2006B5TS0423H,2006,169
2024AATS0058H,2024,767
2017A8PS0102P,2017,452
2017B3TS0949H,2017,461
2015A4PS0165G,2015,404
2022B4TS0998H,2022,685
2020B3TS0417H,2020,560
2004B3TS0148P,2004,102
2022A1PS0504G,2022,662
2024AATS0971H,2024,760
2010B3TS0972H,2010,285
2015A7TS0052G,2015,418
2023B1PS0982G,2023,740
2019B4PS0788H,2019,546
2013A4PS0725P,2013,369
2016A3PS0056H,2016,443
2013AAPS0334P,2013,357
2006AAPS0138G,2006,161
2007B3TS0378P,2007,198
2009B5TS0284P,2009,252
2016A1PS0237G,2016,436
2005B2PS0523G,2005,135
2009A1TS0004H,2009,267
2011A7TS0732H,2011,304
2018B4TS0560G,2018,495
2018AAPS0637H,2018,482
2015A1TS0621H,2015,400
2022B3TS0540H,2022,694
2021A4PS0444G,2021,632
2016A8PS0953G,2016,426
2010B1TS0611H,2010,283
2019A1PS0718P,2019,534
2014A7PS0694H,2014,398
2023A7TS0028P,2023,738
2012AATS0540H,2012,343
2010A4PS0704G,2010,299
2017A8TS0728G,2017,450
2012A4TS0435P,2012,345
2018A7TS0518P,2018,495
2011B1TS0532P,2011,324
2008B3TS0414H,2008,245
2023B2TS0710H,2023,739
2020A7TS0205H,2020,582
2015A1TS0579P,2015,409
2015B5TS0114H,2015,404
2006B3TS0840G,2006,164
2012A3TS0885G,2012,346
2018AATS0078H,2018,492
2018A7TS0536G,2018,486
2017A8TS0667G,2017,470
2005B3TS0804H,2005,135
2014B5TS0096G,2014,385
2005AAPS0697H,2005,140
2007AATS0647G,2007,189
2004B2PS0182P,2004,101
2024A8PS0393P,2024,813
2024A7TS0332G,2024,841
2007B2TS0481G,2007,177
2013B5PS0646G,2013,366
2009A4PS0411H,2009,262
2017AAPS0188G,2017,452
2005B2PS0434P,2005,141
2009B4PS0772P,2009,272
2006A1TS0078P,2006,163
2011B4TS0226G,2011,304
2005A7PS0755H,2005,144
2009B1TS0246P,2009,268
2020B2PS0684P,2020,559
2018A7PS0851P,2018,477
2007B5PS0853G,2007,191
2018B1PS0567G,2018,484
2009B5TS0570P,2009,253
2009A8TS0128P,2009,261
2020B4TS0390H,2020,577
2023A1PS0971G,2023,700
2021B4PS0429P,2021,619
2005B5TS0022P,2005,131
2013A4PS0458P,2013,373
2020AAPS0173G,2020,583
2022A8TS0657H,2022,677
2017B3PS0983H,2017,456
2013B1PS0373H,2013,358
2013A7TS0999H,2013,350
2015A8PS0177G,2015,415
2006B4TS0282H,2006,170
2019B3TS0841P,2019,521
2007A7TS0081H,2007,193
2009B2TS0084G,2009,270
2006B3PS0584G,2006,156
2015AAPS0177P,2015,422
2007B1PS0755P,2007,178
2004A7TS0801G,2004,102
2009A3PS0728H,2009,261
2023AATS0355G,2023,741
2012A1TS0226H,2012,335
2024A3TS0122H,2024,806
2015B4PS0695H,2015,416
2021B3PS0649G,2021,640
2020A1PS0639P,2020,591
2017A7PS0472H,2017,472
2021A8TS0863H,2021,625
2008A8PS0708H,2008,232
2022A4PS0019P,2022,695
2014A8TS0699G,2014,381
2017A7PS0843G,2017,460
2007B1TS0780H,2007,199
2005A7TS0046G,2005,127
2014A7PS0267G,2014,383
2019B1PS0632H,2019,510
2011B5PS0001G,2011,303
2010A4PS0319H,2010,285
2017AAPS0462G,2017,471
2013A7TS0079P,2013,351
2016AATS0875H,2016,436
2011B2TS0894G,2011,324
2014A8TS0411G,2014,378
2009A8TS0099P,2009,251
2011B4TS0940G,2011,302
2016B4TS0280P,2016,434
2012B1PS0238G,2012,330
2022A7TS0465H,2022,672
2013AAPS0692G,2013,351
2016B3TS0416P,2016,427
2022B5PS0587H,2022,695
2008B2PS0754G,2008,227
2019A3TS0326P,2019,545
2016B4PS0732H,2016,430
2017B2TS0337P,2017,458
2020A7PS0726H,2020,582
2004B3TS0557H,2004,110
2004B5TS0979G,2004,102
2011A1TS0308P,2011,310
2017A1PS0255H,2017,458
2019A7PS0432G,2019,536
2010A1PS0908H,2010,294
2012A4TS0916H,2012,338
2017B3PS0307G,2017,471
2010B4PS0779G,2010,278
2016A7TS0684H,2016,441
2009B1TS0823H,2009,253
2013AAPS0095P,2013,350
2010A4PS0544H,2010,292
2018B4TS0166G,2018,479
2023B2PS0212H,2023,743
2020A4PS0753P,2020,560
2004A3TS0576G,2004,115
2013B1TS0359G,2013,373
2021B1TS0753P,2021,641
2017A8PS0439P,2017,458
2020B1TS0072H,2020,597
2005B3TS0162P,2005,145
2019B3PS0701P,2019,529
2020A8PS0814P,2020,558
2023B4TS0867G,2023,707
2020A3TS0205H,2020,597
2012A4TS0560P,2012,346
2017B5TS0041H,2017,464
2009A7PS0415H,2009,273
2009A1PS0984G,2009,252
2007A4PS0955G,2007,197
2014B4TS0362G,2014,392
2024B2TS0884G,2024,831
2016A8TS0717H,2016,444
2020B4PS0912H,2020,585
2005B5PS0408H,2005,141
2020B4PS0247H,2020,560
2004A4TS0293H,2004,124
2007A1PS0732H,2007,181
2007B2TS0102P,2007,199
2024A7TS0773P,2024,789
2023B4PS0349P,2023,716
2013B5TS0569G,2013,373
2008B4TS0973G,2008,243
2024A1PS0832G,2024,779
2020B4PS0704H,2020,561
2008AATS0345H,2008,231
2004A7TS0814H,2004,120
2019B4TS0896P,2019,515
2021A4PS0799G,2021,648
2016B3PS0871H,2016,447
2008AATS0660P,2008,238
2022A4TS0358G,2022,697
2012B5PS0226H,2012,328
2008A3TS0782H,2008,227
2014B2PS0043G,2014,388
2020B5PS0807P,2020,588
2006A4TS0439P,2006,162
2006A8TS0078G,2006,165
2023A8PS0074H,2023,719
2021A1TS0138G,2021,639
2005A4PS0602H,2005,125
2019A4TS0601H,2019,528
2024A8TS0229H,2024,832
2018A4PS0236G,2018,486
2021B3TS0620P,2021,606
2024A7PS0265G,2024,759
2022A8PS0632P,2022,654
2014A7PS0116H,2014,385
2017B4TS0287G,2017,464
2006B3PS0414H,2006,157
2012A8TS0119H,2012,330
2020B2TS0318G,2020,553
2017B5PS0308H,2017,468
2011B5PS0235P,2011,318
2012AAPS0408G,2012,337
2021B4TS0090P,2021,648
2006A1TS0237P,2006,150
2009A3TS0390P,2009,268
2020B2TS0635H,2020,592
2004A7PS0796G,2004,103
2016B2PS0193P,2016,434
2021AAPS0981P,2021,617
2009A7PS0031G,2009,261
2022A3TS0412H,2022,667
2024A8PS0811G,2024,788
2015AAPS0678H,2015,418
2021B4TS0736G,2021,605
2012B3TS0684G,2012,331
2014B4TS0027G,2014,388
2008A4TS0735P,2008,230
2022A1PS0217H,2022,660
2024A4PS0386P,2024,797
2004A8PS0019H,2004,121
2013B1TS0557H,2013,352
2006A7PS0975G,2006,162
2013A1PS0533G,2013,374
2018A4PS0250H,2018,482
2011AATS0153G,2011,310
2020A3TS0759G,2020,596
2015B4TS0264H,2015,406
2024A7PS0226H,2024,751
2018AATS0065H,2018,495
2022AATS0284H,2022,671
2022A8TS0218H,2022,681
2024A1TS0950P,2024,777
2018A3PS0772G,2018,486
2013A4PS0117P,2013,359
2019B1TS0404G,2019,502
2019A1TS0094G,2019,544
2010A1TS0641G,2010,284
2011A8PS0511G,2011,308
2023A8TS0170P,2023,726
2014B1TS0935G,2014,395
2014A8PS0495G,2014,384
2013B1TS0924P,2013,364
2005B3TS0165H,2005,140
2019B3PS0859H,2019,531
2004A1TS0966G,2004,114
2004A1TS0091P,2004,114
2018AAPS0105H,2018,496
2015B1PS0651P,2015,402
2008B2TS0891G,2008,240
2007B2TS0992G,2007,188
2014A4TS0667P,2014,380
2010B3TS0953H,2010,298
2004A8TS0256H,2004,111
2022A8PS0031H,2022,688
2006AATS0657P,2006,171
2018A3PS0124P,2018,499
2024A1PS0816P,2024,752
2010A3TS0996H,2010,295
2012A3PS0982P,2012,338
2017B3TS0824G,2017,471
2012A1PS0585P,2012,348
2021B2TS0715P,2021,617
2022B2PS0922P,2022,660
2016A4TS0354G,2016,441
2014A8TS0434G,2014,382
2005A3PS0436G,2005,131
2017A8PS0946H,2017,454
2021B1PS0117H,2021,606
2019AATS0239P,2019,538
2015A1TS0497G,2015,417
2005B5TS0492H,2005,147
2009A4PS0912P,2009,253
2024A4TS0407P,2024,772
2008A8PS0703H,2008,225
2010B2TS0234G,2010,278
2006B4TS0188P,2006,168
2018B5PS0719G,2018,484
2020A1PS0234P,2020,569
2017B1PS0657G,2017,461
2019B5PS0350P,2019,501
2005B1PS0466G,2005,143
2015B2TS0560H,2015,408
2023B5PS0779H,2023,715
2009A4TS0259H,2009,266
2011A4TS0115P,2011,307
2008A1TS0170G,2008,225
2023A4TS0410G,2023,712
2018B5PS0869H,2018,490
2017B1TS0624P,2017,466
2012A8PS0990H,2012,329
2010B1PS0026G,2010,284
2021A7PS0057H,2021,601
2010B3PS0191H,2010,295
2015A4PS0762P,2015,409
2020AATS0174P,2020,550
2007AAPS0919H,2007,197
2012A8TS0015H,2012,332
2005A1TS0200G,2005,134
2024A8TS0079G,2024,820
2017B3TS0657P,2017,471
2013A4TS0287P,2013,372
2008A3PS0175H,2008,242
2022B2TS0061G,2022,696
2011B1TS0471G,2011,321
2014A4PS0233P,2014,387
2020AATS0713G,2020,573
2005B1TS0440H,2005,144
2019B2PS0258H,2019,542
2021A3TS0147G,2021,629
2019B2TS0668H,2019,548
2014B2TS0843H,2014,386
2011A7PS0261P,2011,300
2022B1TS0054P,2022,693
2011B3TS0997G,2011,324
2023A3PS0174G,2023,717
2024B3TS0115G,2024,800
2007B3PS0178H,2007,198
2018A8PS0987G,2018,481
2011A3TS0468P,2011,321
2020A7PS0397P,2020,558
2020B1PS0319P,2020,595
2024B4TS0238G,2024,801
2019B5PS0529H,2019,534
2019A3PS0475P,2019,531
2009A3PS0373G,2009,260
2016B1PS0449H,2016,448
2005A1PS0682P,2005,147
2012B5PS0493H,2012,337
2023A4TS0528G,2023,715
2017B3PS0336P,2017,466
2014B4TS0592P,2014,392
2016A4TS0613G,2016,443
2006A8TS0058G,2006,172
2004A8TS0365G,2004,107
2011AAPS0945P,2011,300
2005AAPS0049P,2005,147
2008AAPS0990H,2008,243
2013B1PS0332P,2013,350
2019A7PS0488H,2019,513
2004B1TS0168P,2004,118
2024B3PS0992H,2024,751
2008AAPS0586G,2008,235
2020B1TS0750G,2020,587
2006B4TS0785G,2006,165
2015B3TS0420G,2015,421
2011A3TS0498H,2011,307
2023B3PS0920H,2023,702
2017A3TS0032G,2017,467
2012A4TS0515P,2012,346
2017A1PS0902G,2017,468
2019AAPS0470G,2019,524
2018B2PS0204P,2018,486
2008A1TS0091G,2008,231
2024B5PS0846G,2024,779
2010B1PS0854P,2010,293
2006A3PS0497H,2006,154
2020A8TS0697G,2020,574
2006A7PS0066P,2006,160
2017B5TS0364G,2017,451
2004A4TS0564P,2004,122
2005A8TS0414P,2005,142
2012A7PS0434G,2012,349
2005B2TS0795G,2005,127
2006A8PS0156P,2006,153
2016A1PS0391P,2016,435
2019A8PS0889H,2019,525
2023A3TS0957H,2023,741
2015A3PS0178G,2015,406
2023B3TS0535H,2023,740
2015B4TS0403P,2015,421
2022B2TS0484H,2022,669
2014B1TS0856G,2014,377
2021AAPS0775P,2021,600
2012A3TS0593H,2012,345
2017A8PS0574P,2017,457
2018B1TS0315P,2018,485
2015A1TS0324H,2015,408
2005B4PS0371G,2005,139
2014A3TS0375H,2014,375
2011B1PS0449H,2011,303
2008B4PS0021H,2008,242
2016A8PS0351P,2016,432
2010B4PS0408H,2010,286
2005B4PS0267H,2005,140
2011A8TS0823P,2011,311
2013A8TS0125P,2013,373
2022AATS0945H,2022,684
2004A7TS0595P,2004,114
2009B2PS0890P,2009,269
2006A1PS0184P,2006,165
2021A4TS0146H,2021,612
2015A4TS0270P,2015,412
2012A3PS0245P,2012,333
2005A3PS0377P,2005,140
2019A1PS0311H,2019,535
2015A1PS0886G,2015,424
2004A1PS0649H,2004,106
2014A3TS0856H,2014,397
2005A4TS0849G,2005,130
2019B4TS0524G,2019,504
2016A8PS0269H,2016,429
2017B3PS0836G,2017,459
2011A4PS0299P,2011,305
2020B4PS0222H,2020,586
2012B4PS0434G,2012,333
2023A8TS0746G,2023,707
2023B5TS0704G,2023,720
2019A3TS0138G,2019,532
2013A8TS0331G,2013,353
2009A1TS0488P,2009,253
2015A4TS0830P,2015,415
2012A4PS0336G,2012,349
2012A4TS0498P,2012,327
2022B5TS0200G,2022,684
2006AAPS0839G,2006,150
2021AAPS0036H,2021,616
2013A1PS0333P,2013,374
2014B3TS0593P,2014,393
2014AAPS0850G,2014,391
2023B4TS0302P,2023,734
2010B4PS0950H,2010,283
2012A7TS0279H,2012,331
2019B1PS0483P,2019,549
2010B1TS0428G,2010,297
2007A1PS0062P,2007,187
2012A4PS0190G,2012,330
2013B5TS0194G,2013,359
2011B3TS0034P,2011,309
2008A7PS0081G,2008,247
2008A7PS0693H,2008,235
2005B1TS0025G,2005,149
2021A8PS0173H,2021,612
2010A3PS0346H,2010,297
2004B4TS0210P,2004,118
2007B1PS0689H,2007,187
2019B5PS0325G,2019,520
2018B1TS0721P,2018,489
2015AAPS0278P,2015,419
2004B1PS0830H,2004,118
2015A7PS0853P,2015,404
2019AATS0759P,2019,523
2021AAPS0472G,2021,602
2012B3PS0756G,2012,349
2023B2TS0914H,2023,705
2005B1TS0775P,2005,143
2007A8PS0650G,2007,184
2020AAPS0154G,2020,566
2008A8TS0635H,2008,246
2016B5PS0323G,2016,426
2019A7PS0738H,2019,535
2013B5PS0400H,2013,358
2013A8PS0810H,2013,369
2017B5TS0952G,2017,471
2014B5TS0143G,2014,396
2014B2PS0317P,2014,383
2014A4PS0265G,2014,391
2015B1TS0363G,2015,419
2008A3PS0948P,2008,234
2021B1TS0729H,2021,621
2007B3TS0297H,2007,181
2004A4PS0503G,2004,114
2020AATS0031H,2020,571
2014B1PS0872G,2014,393
2019A7TS0381G,2019,502
2017A7PS0353G,2017,462
2014B3TS0925G,2014,389
2004B4TS0090P,2004,110
2024B3PS0103P,2024,780
2007A4TS0443H,2007,199
2010A3PS0347H,2010,281
2011B1TS0317P,2011,300
2007B5PS0565H,2007,191
2010B2PS0900P,2010,288
2018A1PS0986P,2018,496
2022A8TS0473H,2022,654
2008A7PS0131P,2008,243
2008B4PS0067P,2008,240
2007A4TS0409H,2007,186
2024B2TS0503P,2024,795
2019A1PS0146P,2019,521
2005A8PS0748G,2005,131
2011B5PS0452H,2011,313
2021B5TS0010H,2021,630
2021B2PS0136G,2021,600
2022B3PS0409H,2022,697
2010B1TS0360H,2010,280
2007A1PS0601H,2007,199
2014B2PS0010G,2014,382
2015A8TS0311P,2015,419
2019A4PS0192G,2019,547
2012A4PS0364H,2012,330
2012A7PS0605G,2012,338
2022B4TS0658H,2022,663
2023A4TS0422P,2023,721
2011A8TS0757P,2011,314
2022B2PS0738H,2022,672
2005B4TS0107H,2005,138
2007A4PS0219P,2007,190
2012A3TS0983G,2012,345
2022A4PS0411G,2022,691
2017A1TS0387H,2017,455
2021A4TS0892H,2021,636
2018A1TS0435H,2018,490
2008B5PS0320H,2008,229
2024A1PS0715P,2024,764
2018AAPS0612G,2018,490
2006B1PS0110P,2006,150
2017B3TS0788G,2017,474
2008B4PS0649G,2008,244
2010B2PS0967H,2010,287
2010A8PS0039H,2010,276
2014B3TS0920H,2014,375
2010A7TS0499P,2010,284
2020B4TS0197H,2020,574
2011B4TS0916P,2011,320
2009A4TS0430G,2009,250
2021B4TS0107G,2021,613
2013B4TS0465P,2013,373
2005A1PS0095P,2005,125
2019A8TS0497H,2019,546
2021B5TS0283P,2021,638
2007B4PS0271P,2007,192
2015B3TS0409P,2015,415
2020A8TS0279G,2020,562
2020B1TS0333G,2020,577
2018A8PS0540G,2018,483
2016B4PS0225H,2016,439
2006A1PS0335G,2006,170
2004B2TS0335H,2004,115
2007AATS0070H,2007,197
2011A3PS0017G,2011,315
2005A4PS0310P,2005,130
2009AATS0312H,2009,267
2014AAPS0697H,2014,398
2009A3PS0884G,2009,263
2022A8PS0988P,2022,673
2023A4PS0612P,2023,747
2005B2PS0886H,2005,133
2008B1TS0377P,2008,227
2017B4PS0613P,2017,466
2006A4TS0512G,2006,168
2023A4TS0514P,2023,707
2011B2PS0024P,2011,309
2024AAPS0750H,2024,814
2004A8TS0910P,2004,104
2011A7TS0320H,2011,310
2018B5TS0544P,2018,489
2023B3TS0425G,2023,720
2011B4PS0311P,2011,306
2017A8PS0108P,2017,454
2017AATS0607H,2017,465
2009AAPS0606G,2009,253
2015A1PS0082P,2015,412
2006A4TS0480H,2006,172
2004B2PS0815G,2004,109
2007A3PS0465G,2007,190
2013B1TS0722H,2013,370
2017B3PS0865P,2017,455
2006B3PS0834P,2006,156
2023B1TS0631G,2023,716
2006A7TS0755G,2006,171
2011B5PS0201G,2011,319
2024B3PS0077G,2024,849
2017AAPS0097H,2017,464
2008A4PS0715P,2008,231
2004A1PS0643P,2004,110
2017A7TS0192P,2017,460
2020B2TS0867P,2020,556
2004B2PS0279G,2004,124
2008B4PS0024G,2008,236
2013B1PS0275H,2013,370
2014A1PS0664G,2014,376
2016A3TS0466H,2016,434
2014A8TS0503G,2014,378
2012A3PS0330P,2012,329
2013B4PS0458G,2013,357
2021AAPS0853H,2021,618
2021A8PS0776H,2021,627
2007A3PS0057P,2007,186
2006B1TS0033G,2006,162
2007B2TS0040P,2007,176
2004A8TS0366H,2004,102
2005AATS0956P,2005,132
2012B1TS0581H,2012,349
2014B4TS0894P,2014,399
2004AATS0247P,2004,113
2012A7PS0565G,2012,344
2018AAPS0184H,2018,489
2010A1TS0666P,2010,287
2007A3TS0195P,2007,186
2012B1PS0807H,2012,349
2019B2TS0782G,2019,513
2005A1PS0318H,2005,145
2006B4TS0249H,2006,158
2019B1PS0974P,2019,515
2010A1PS0627P,2010,282
2018B3TS0670G,2018,488
2010A3PS0499H,2010,294
2022A7TS0196P,2022,666
2019A3PS0117G,2019,509
2007B2PS0762H,2007,180
2024A1PS0517H,2024,753
2009A1TS0299G,2009,258
2018B2PS0809P,2018,496
2013B4TS0667H,2013,360
2004A3TS0691P,2004,117
2014A7TS0697P,2014,390
2004B4PS0064H,2004,102
2018A1TS0129P,2018,497
2012B3TS0609P,2012,342
2007A3TS0282G,2007,178
2024B5PS0787H,2024,836
2021B1PS0549H,2021,620
2020A1PS0474P,2020,564
2010AAPS0486H,2010,284
2023B5PS0471H,2023,713
2006AATS0681G,2006,167
2006A7PS0855P,2006,169
2008AATS0196H,2008,236
2011B3PS0763P,2011,320
2015B1TS0330G,2015,405
2005B5PS0892H,2005,128
2017A3TS0984G,2017,467
2024B1TS0361G,2024,833
2005B4TS0445P,2005,148
2008AAPS0356H,2008,225
2018B5TS0648P,2018,492
2014A7TS0879G,2014,394
2019A3PS0624H,2019,527
2020AAPS0051H,2020,590
2018A3TS0759G,2018,480
2008A8PS0924H,2008,231
2006A7PS0556H,2006,155
2019B1TS0734P,2019,510
2023A4PS0553H,2023,702
2009B2PS0168P,2009,260
2007B4TS0981P,2007,187
2007A7TS0016P,2007,194
2018B3PS0235G,2018,493
2017A1PS0379P,2017,451
2018B2TS0267P,2018,484
2016A8PS0788G,2016,431
2009B3PS0953H,2009,252
2015B4TS0880P,2015,418
2006A8TS0171G,2006,152
2006AATS0136G,2006,169
2013A1PS0433P,2013,352
2022A3TS0727G,2022,694
2016A3TS0549G,2016,441
2006B3TS0329H,2006,166
2013B2PS0473G,2013,352
2007B5TS0721P,2007,194
2021A1TS0564H,2021,616
2012B4TS0680G,2012,326
2011AAPS0782G,2011,302
2019A7TS0672H,2019,525
2017B2TS0826P,2017,472
2021A1PS0488G,2021,634
2015A1PS0874G,2015,415
2004A4TS0431G,2004,105
2016A4PS0763H,2016,434
2006B5PS0134H,2006,153
2006B4PS0536G,2006,165
2006A8TS0262P,2006,156
2013A8TS0866H,2013,369
2022B3PS0363G,2022,684
2008A4PS0122G,2008,227
2011B4PS0268P,2011,303
2024A8TS0659P,2024,814
2007B1TS0036P,2007,194
2017B5TS0398H,2017,460
2010A1PS0173G,2010,299
2019A1TS0330G,2019,516
2022B5PS0410G,2022,693
2024A7TS0107P,2024,752
2004B4PS0321G,2004,104
2016A7TS0952G,2016,442
2004B4PS0408P,2004,118
2017A4TS0040P,2017,458
2007B2PS0091G,2007,189
2016B3PS0984H,2016,447
2018B5PS0309P,2018,493
2005AAPS0603P,2005,139
2004A7PS0085H,2004,109
2023B1PS0430G,2023,729
2011A8TS0326P,2011,314
2020B4PS0557P,2020,587
2020A8PS0197P,2020,574
2023B3PS0106P,2023,742
2008B1TS0443G,2008,232
2021A7TS0317H,2021,630
2007A3TS0897H,2007,188
2006A4PS0566G,2006,160
2019B1PS0955H,2019,546
2012A7PS0369P,2012,342
2007A8PS0323H,2007,175
2007B5PS0949H,2007,181
2014A7TS0006G,2014,394
2019B4PS0579P,2019,535
2004B5PS0806H,2004,120
2024AAPS0855P,2024,779
2024B5PS0816P,2024,782
2012A3PS0334H,2012,329
2020A4TS0328H,2020,594
2008B4TS0871P,2008,241
2024B4TS0419H,2024,758
2021B1PS0003P,2021,628
2005A3PS0943P,2005,133
2017B3TS0059H,2017,461
2012AAPS0421G,2012,329
2021B2TS0636P,2021,624
2016A4PS0742P,2016,448
2015B5TS0094G,2015,402
2018B3PS0652H,2018,482
2004B5TS0062H,2004,114
2005A3TS0672G,2005,138
2014A3TS0310H,2014,394
2015B2PS0277H,2015,417
2022A8TS0003G,2022,654
2006B2PS0909G,2006,168
2022B3PS0956G,2022,655
2008A1PS0882P,2008,244
2023AATS0363H,2023,718
2005B5TS0535P,2005,145
2021A4TS0012P,2021,630
2008B4PS0378G,2008,233
2023A1TS0810H,2023,719
2020B5TS0249G,2020,565
2004B4TS0534P,2004,100
2010A4TS0345P,2010,285
2006B5TS0393P,2006,156
2013B4TS0213G,2013,354
2008A3TS0872H,2008,244
2024A3TS0679G,2024,765
2016A3PS0296G,2016,443
2011A7PS0444H,2011,305
2019A7PS0176H,2019,523
2020A8TS0767P,2020,580
2010B1TS0243G,2010,283
2010B1PS0878G,2010,292
2017B5PS0848H,2017,454
2012A4TS0137H,2012,343
2006B3TS0882H,2006,173
2023AAPS0909G,2023,707
2011B1PS0125H,2011,301
2020B4PS0873H,2020,574
2005B4PS0398P,2005,128
2012B1TS0572P,2012,332
2023A3PS0553P,2023,723
2020B2PS0787P,2020,560
2010A3PS0514P,2010,281
2011A7PS0441H,2011,314
2011A7PS0604H,2011,300
2020B4TS0496H,2020,582
2021A1TS0641P,2021,624
2017B1PS0679G,2017,470
2022A3PS0691G,2022,661
2008B1TS0391G,2008,247
2022B2PS0516P,2022,689
2019B2PS0604H,2019,540
2019A1PS0877P,2019,545
2016B3TS0457G,2016,434
2021AAPS0006H,2021,639
2023B3TS0840H,2023,715
2016A4PS0957H,2016,425
2015B1PS0054P,2015,404
2009B4TS0426G,2009,271
2004A8TS0151H,2004,124
2017B3PS0057H,2017,462
2020B3PS0454G,2020,562
2015AATS0293H,2015,403
2017B3PS0715P,2017,470
2021B5TS0557G,2021,625
2016B1PS0787P,2016,433
2015A4PS0007H,2015,422
2009B4TS0307G,2009,274
2007B3PS0988G,2007,182
2011B3TS0464G,2011,300
2015B3PS0757P,2015,420
2017A8PS0299P,2017,472
2013A7TS0436H,2013,356
2013A1TS0984P,2013,373
2017AAPS0582G,2017,465
2019B4PS0518G,2019,519
2021B2PS0505G,2021,648
2011B1PS0164G,2011,308
2015A3PS0822P,2015,417
2009A4TS0628H,2009,272
2013A7TS0455P,2013,372
2018B2PS0682H,2018,489
2018B4TS0297P,2018,498
2008AAPS0659H,2008,237
2015A8TS0032H,2015,406
2016A7PS0539H,2016,425
2011A8PS0072G,2011,322
2021B3PS0541G,2021,643
2012B2TS0545P,2012,338
2010A4PS0388P,2010,287
2016B4TS0576G,2016,427
2020B2TS0398H,2020,553
2017AAPS0663H,2017,462
2005B2PS0246P,2005,139
2024B5TS0124P,2024,802
2008B5PS0945G,2008,245
2012A1TS0937G,2012,329
2023B2PS0758G,2023,749
2005B1TS0167H,2005,148
2021B2TS0451H,2021,647
2023B4PS0215P,2023,732
2009A8PS0054P,2009,273
2020B1PS0394P,2020,576
2021A4PS0802H,2021,614
2018B4PS0401G,2018,482
2023B3PS0131G,2023,744
2010A3PS0157P,2010,299
2008B2TS0718P,2008,235
2012A7TS0863P,2012,336
2012AAPS0547H,2012,329
2009A8PS0147H,2009,269
2020B2PS0675G,2020,560
2020B5TS0964G,2020,551
2016A7TS0548G,2016,445
2011A7PS0267H,2011,306
2014B4TS0429P,2014,380
2007B2PS0774P,2007,188
2019A7TS0504G,2019,543
2018A8TS0260H,2018,499
2021B3TS0847G,2021,632
2007B3TS0497G,2007,183
2009A4PS0434H,2009,274
2020A8TS0965P,2020,593
2013A7PS0925H,2013,350
2022B4TS0591H,2022,656
2010A4TS0712H,2010,278
2013A7TS0048G,2013,352
2015A4TS0840H,2015,421
2012A4PS0097P,2012,335
2013A4TS0313P,2013,353
2014A8TS0569P,2014,394
2019B3TS0263G,2019,510
2015B5TS0035H,2015,423
2006A1PS0569P,2006,159
2022A1PS0921G,2022,672
2004B3PS0937P,2004,100
2010AAPS0855G,2010,293
2010A4PS0399G,2010,297
2024B5PS0607H,2024,802
2019B3TS0196P,2019,518
2008A4PS0999P,2008,233
2016B2PS0261P,2016,440
2015AAPS0653H,2015,406
2010B3PS0118P,2010,285
2013B2TS0745P,2013,350
2008AAPS0178P,2008,227
2022A8PS0610P,2022,683
2018A7PS0272G,2018,491
2024B5TS0001H,2024,808
2016A3TS0583H,2016,442
2015A1TS0213P,2015,416
2008B3PS0828H,2008,237
2022A4TS0335G,2022,670
2006A4PS0845H,2006,166
2012B3PS0002H,2012,327
2007A3PS0553H,2007,198
2010AATS0809P,2010,276
2008A7TS0519H,2008,228
2006AATS0364P,2006,154
2004A8PS0331G,2004,103
2015A3TS0138P,2015,421
2017B5PS0496G,2017,473
2015A1PS0266P,2015,403
2020A1PS0350P,2020,576
2011B4TS0060H,2011,307
2022B3PS0833P,2022,675
2016A3TS0540P,2016,446
2016B3TS0909G,2016,435
2021AATS0134H,2021,621
2015B2TS0729P,2015,422
2018B1TS0961P,2018,486
2010B4TS0561H,2010,283
2018A8TS0741H,2018,494
2022A8PS0464P,2022,684
2010B4PS0145H,2010,283
2024A8PS0289H,2024,786
2022A8PS0611G,2022,697
2022A8TS0533G,2022,652
2019B3TS0262P,2019,530
2011B3TS0174G,2011,322
2009A1TS0091P,2009,273
2015B4PS0920P,2015,405
2023B5PS0786H,2023,712
2024A3PS0281P,2024,794
2021A4PS0895G,2021,627
2011B4PS0778P,2011,312
2009A3TS0781H,2009,261
2006A4TS0369H,2006,155
2009B5TS0776P,2009,255
2018B5TS0891H,2018,487
2023B4TS0471G,2023,741
2010B4PS0764H,2010,275
2018B1TS0402G,2018,496
2006A4PS0993P,2006,156
2014B1TS0679G,2014,390
2014A7PS0484H,2014,394
2022B5PS0365G,2022,684
2023B5PS0447G,2023,707
2019B5TS0412H,2019,539
2011B3PS0279H,2011,316
2007B3TS0576H,2007,195
2016A7PS0707H,2016,436
2004A1TS0425P,2004,123
2010B5PS0478H,2010,284
2024A1TS0948G,2024,770
2008A1TS0741P,2008,241
2024B3TS0270H,2024,762
2011B3PS0286G,2011,316
2017AATS0435P,2017,474
2010A3PS0668P,2010,284
2022B1TS0143G,2022,688
2014B3PS0222P,2014,389
2020B2TS0302G,2020,550
2006B1TS0582P,2006,174
2005A1PS0131P,2005,132
2024B1PS0169G,2024,842
2004B1TS0594G,2004,100
2022B1PS0053H,2022,682
2013A7TS0631G,2013,355
2016AAPS0582H,2016,444
2013A3TS0523G,2013,362
2017A7TS0345P,2017,451
2013B3TS0793G,2013,351
2020A3PS0472G,2020,598
2013B1PS0865H,2013,356
2017A8TS0161H,2017,471
2007A3PS0682P,2007,198
2009A7TS0322H,2009,258
2007A4PS0445P,2007,191
2016B4PS0949P,2016,448
2011B4TS0206H,2011,316
2011B4TS0308H,2011,312
2012B3TS0210H,2012,332
2018A3TS0753P,2018,492
2004B1TS0182G,2004,107
2006B2TS0824G,2006,172
2008B2PS0592G,2008,229
2018A7TS0829P,2018,476
2007B4TS0478G,2007,193
2006A3PS0720H,2006,166
2017B1TS0546H,2017,470
2017A8TS0890G,2017,467
2015B4TS0683G,2015,416
2009A1TS0331G,2009,262
2015B4TS0574G,2015,419
2018A3PS0432P,2018,494
2011B4PS0366H,2011,301
2019AATS0070G,2019,504
2019B2TS0197H,2019,528
2016A7PS0467P,2016,442
2021B2TS0202H,2021,619
2015B5TS0992H,2015,417
2015A3PS0171G,2015,421
2004A1PS0283P,2004,117
2018A7TS0898H,2018,490
2015AAPS0085G,2015,400
2020A8TS0777H,2020,599
2009AATS0903G,2009,269
2024B5PS0712H,2024,839
2006B5PS0003P,2006,156
2012A1PS0453P,2012,327
2013B1TS0697P,2013,358
2023B5TS0306P,2023,742
2006A1TS0653P,2006,170
2007A4TS0266P,2007,179
2016B1TS0538G,2016,438
2006B1TS0074P,2006,153
2014B3PS0574G,2014,392
2017B5PS0434G,2017,451
2023AATS0087H,2023,701
2017A4TS0544H,2017,465
2017A1TS0009G,2017,456
2019B1TS0969G,2019,547
2022B4TS0356H,2022,692
2009B5TS0782G,2009,258
2004A7PS0838H,2004,113
2018A4TS0609G,2018,483
2016B3TS0047H,2016,448
2010B3PS0672G,2010,280
2012A4TS0489H,2012,349
2018B2PS0811P,2018,478
2014B3TS0804G,2014,392
2007AAPS0539H,2007,187
2004B4PS0437H,2004,122
2019B3TS0174H,2019,501
2014AATS0873H,2014,382
2024A4TS0857P,2024,755
2008B2PS0131P,2008,241
2010B1PS0629G,2010,296
2009A3PS0842P,2009,261
2017B2PS0138H,2017,458
2008B1PS0035G,2008,249
2009B2PS0287H,2009,258
2005B4TS0181P,2005,131
2023B1TS0211P,2023,714
2012B5PS0561H,2012,329
2015A3TS0980G,2015,420
2022B2PS0327G,2022,695
2017B3PS0964H,2017,460
2005A1PS0677H,2005,129
2012B3PS0829G,2012,343
2007B4TS0501G,2007,193
2015A3TS0366H,2015,422
2010A7TS0685H,2010,298
2010B2TS0226P,2010,293
2013B3TS0079H,2013,352
2008A3PS0446G,2008,232
2012B3PS0387G,2012,341
2015A4PS0707H,2015,419
2010B2PS0123G,2010,285
2009B3PS0956P,2009,266
2013A4PS0022P,2013,365
2020A4PS0655H,2020,594
2016B3TS0870H,2016,430
2008B1TS0929G,2008,232
2007AATS0665G,2007,185
2018A4PS0712G,2018,493
2012A8PS0215P,2012,337
2009B3TS0643H,2009,268
2023A8TS0637P,2023,709
2006A8PS0101H,2006,167
2011B3PS0470H,2011,317
2015A1PS0497H,2015,404
2024A4PS0447H,2024,831
2008A3TS0543G,2008,248
2017B2TS0750H,2017,452
2023B3PS0612H,2023,734
2022B5TS0306P,2022,660
2022B1TS0841H,2022,696
2018AATS0114H,2018,484
2022A7TS0852P,2022,657
2014AAPS0374P,2014,382
2007B3TS0397H,2007,190
2016B4TS0852H,2016,429
2010B5PS0645H,2010,286
2007A7PS0443P,2007,184
2014B3TS0133P,2014,386
2004B3TS0120H,2004,121
2011B2TS0911H,2011,305
2012B5PS0648G,2012,339
2011A4PS0535H,2011,313
2015B4PS0236G,2015,408
2021A8PS0942P,2021,622
2007B1TS0951P,2007,184
2004A8PS0890G,2004,111
2019A4PS0214P,2019,546
2016B3PS0096P,2016,443
2008A8TS0224H,2008,243
2004B3PS0463G,2004,113
2024A1TS0212P,2024,822
2005A3TS0058G,2005,142
2019AATS0416G,2019,544
2006A3PS0436P,2006,172
2023A8PS0191P,2023,706
2020AAPS0173G,2020,551
2015A4PS0676H,2015,421
2014AATS0322G,2014,388
2018B3TS0215G,2018,490
2005AAPS0076G,2005,130
2014B3TS0355H,2014,375
2024B1PS0816G,2024,790
2021B3PS0091P,2021,604
2011B5PS0796P,2011,300
2024B4TS0485G,2024,806
2007B2TS0237P,2007,186
2016A7TS0179G,2016,437
2009B4PS0685P,2009,260
2009A1TS0696G,2009,250
2007A1TS0921H,2007,198
2010B3PS0155H,2010,293
2010A3PS0723P,2010,291
2016A1TS0232H,2016,436
2020A8PS0551P,2020,551
2014B4TS0435H,2014,378
2007AAPS0409G,2007,198
2009A4TS0976G,2009,260
2009A1PS0426G,2009,254
2023A7PS0321G,2023,734
2007B1TS0323P,2007,185
2007A8TS0332G,2007,175
2021B1TS0590P,2021,630
2021A8TS0174H,2021,625
2009B4PS0999G,2009,274
2016B5PS0535P,2016,440
2023B3TS0109P,2023,720
2005A4PS0759P,2005,148
2012A7PS0759G,2012,342
2006B2TS0601G,2006,173
2023A8TS0341P,2023,725
2019A4TS0719G,2019,521
2008AAPS0120P,2008,242
2013B4PS0838G,2013,354
2024A4PS0881H,2024,832
2015B1TS0095H,2015,409
2011B5PS0033H,2011,312
2004B4PS0601H,2004,101
2006B3TS0194P,2006,167
2021B1TS0354G,2021,635
2017A3TS0915P,2017,464
2010B1PS0340G,2010,288
2011A8PS0601P,2011,300
2008B5TS0231G,2008,239
2015A4TS0973P,2015,414
2014B3PS0815P,2014,379
2023B2PS0065G,2023,749
2017A3PS0970G,2017,453
2020B2PS0427P,2020,584
2013B3PS0959P,2013,352
2005A3TS0155P,2005,130
2018A3TS0028G,2018,490
2008A3TS0531H,2008,246
2023A7TS0765G,2023,710
2008B3TS0391G,2008,233
2018B2TS0982H,2018,498
2014A1PS0673P,2014,377
2021AATS0043P,2021,637
2009A4PS0791H,2009,253
2014A1TS0446P,2014,395
2012B1TS0300H,2012,330
2008AAPS0826P,2008,227
2019B3PS0142G,2019,513
2023A8PS0344P,2023,709
2018A8TS0896H,2018,490
2022B4PS0246G,2022,671
2004AAPS0540H,2004,101
2012B5TS0483P,2012,341
2012A8TS0058H,2012,332
2019A4PS0650P,2019,510
2019B5PS0223G,2019,511
2021A8TS0554G,2021,626
2018B2PS0408G,2018,478
2014A8TS0344H,2014,396
2020AATS0040P,2020,588
2020A4PS0490H,2020,567
2018AATS0263G,2018,489
2022B3TS0184P,2022,665
2022A3PS0620P,2022,670
2012B1TS0326P,2012,325
2020B3TS0037G,2020,565
2006A7TS0375G,2006,169
2014B5PS0037H,2014,378
2021A7TS0865P,2021,638
2012B5PS0958H,2012,344
2008A7TS0732G,2008,240
2021A7PS0532P,2021,636
2021AATS0681P,2021,629
2023B2PS0549G,2023,729
2004A3PS0005H,2004,102
2022B3TS0271G,2022,675
2019A1TS0631H,2019,509
2004A4TS0243H,2004,104
2004B3TS0004H,2004,110
2004B3PS0766P,2004,106
2015B3PS0267P,2015,409
2014B2TS0271G,2014,390
2023A4TS0489G,2023,705
2016B4TS0060P,2016,432
2023A4PS0736P,2023,702
2015B3PS0865H,2015,420
2007A3PS0654G,2007,188
2016B2TS0194H,2016,428
2023B3TS0982H,2023,748
2011A7PS0558H,2011,305
2016B2PS0325H,2016,428
2019B2TS0515G,2019,501
2006B1TS0921G,2006,153
2023B1PS0342P,2023,736
2009A4PS0261H,2009,266
2008B3TS0405G,2008,226
2005B1TS0664H,2005,133
2023A3TS0457H,2023,741
2004B1TS0748G,2004,124
2017B5TS0060G,2017,463
2006A4TS0192P,2006,164
2009B2PS0806P,2009,271
2017A4PS0038P,2017,464
2012B1TS0574P,2012,342
2016B5TS0205G,2016,434
2024A7PS0599P,2024,772
2015B1TS0073H,2015,408
2011AAPS0293H,2011,311
2010B1PS0408G,2010,299
2006A4TS0969H,2006,163
2010A1PS0426G,2010,287
2014A3TS0155G,2014,388
2006AATS0207P,2006,154
2021A8TS0064P,2021,618
2007A4PS0192H,2007,178
2012B5TS0714H,2012,327
2005B2TS0178P,2005,146
2006A3PS0468H,2006,170
2013B4TS0890G,2013,372
2015B3TS0564G,2015,414
2024A7PS0034G,2024,815
2024B4PS0883H,2024,783
2019AATS0453G,2019,524
2024A7TS0364H,2024,776
2005B2TS0932H,2005,132
2014AAPS0947P,2014,382
2011B5TS0399P,2011,324
2005B5PS0727H,2005,127
2014A4TS0267G,2014,380
2010A4TS0201G,2010,295
2012AAPS0692P,2012,339
2006A1TS0194G,2006,153
2017B1PS0666G,2017,469
2005AATS0787G,2005,126
2018B1PS0963P,2018,484
2012AATS0364P,2012,334
2004A4TS0134H,2004,116
2010B3TS0258H,2010,291
2011A3PS0393G,2011,300
2019B2TS0914G,2019,540
2015A3TS0583G,2015,421
2012A8TS0305H,2012,344
2004B1TS0912G,2004,118
2013B1TS0353G,2013,359
2013AAPS0738P,2013,367
2012A8TS0287G,2012,348
2024B4TS0289P,2024,786
2013A1PS0864P,2013,359
2021A3PS0451P,2021,632
2012AATS0574H,2012,342
2018B1TS0769G,2018,494
2015A8PS0466P,2015,416
2017A7PS0044P,2017,473
2014A3PS0387P,2014,392
2006B5PS0024G,2006,152
2024A4TS0501P,2024,796
2017B3TS0538P,2017,472
2005A4PS0730H,2005,129
2017A1TS0696H,2017,471
2005B4TS0575P,2005,144
2024A4PS0729G,2024,833
2008A7PS0311P,2008,230
2011A7PS0351G,2011,306
2010B2PS0758G,2010,293
2005A8PS0408P,2005,133
2016A4TS0900P,2016,444
2004A1PS0580G,2004,119
2011A8PS0524P,2011,317
2010A4PS0415H,2010,292
2023A1TS0505P,2023,701
2023A1PS0611P,2023,705
2016A3PS0037G,2016,435
2021A8TS0872P,2021,617
2015A3PS0888P,2015,424
2008A3TS0808G,2008,225
2011A8TS0625H,2011,304
2018A1PS0609H,2018,475
2006B3TS0106P,2006,168
2015B2TS0025H,2015,405
2009B1TS0637H,2009,268
2015AATS0085P,2015,421
2004B3PS0797G,2004,105
2024A3TS0839P,2024,761
2016A7TS0379H,2016,436
2006B5PS0861H,2006,152
2013B5TS0116G,2013,352
2020A1PS0645G,2020,593
2015B1PS0376G,2015,403
2015B2PS0647G,2015,424
2019A4TS0362P,2019,533
2007A3TS0874P,2007,191
2022B5PS0979G,2022,698
2017B2TS0088H,2017,450
2013A7TS0006G,2013,355
2024AATS0998G,2024,816
2007B5TS0100H,2007,180
2018B5TS0441H,2018,482
2024B1TS0697H,2024,766
2006A1PS0480H,2006,161
2021A8PS0725P,2021,613
2016B1PS0246G,2016,436
2009A1TS0104P,2009,267
2005B4TS0318H,2005,138
2005A8TS0506P,2005,135
2017B3PS0469G,2017,464
2012A3TS0163G,2012,340
2017B3TS0182H,2017,473
2012B5TS0256P,2012,333
2010A4TS0029G,2010,286
2018A7PS0761P,2018,492
2012A1TS0311P,2012,349
2023A8PS0725P,2023,723
2008B1TS0246P,2008,229
2007B1PS0924H,2007,185
2015A7PS0700G,2015,411
2017A3TS0935H,2017,471
2013A1TS0042P,2013,354
2006A8PS0078G,2006,164
2015B3TS0093P,2015,411
2009B5TS0930G,2009,274
2012A1PS0382P,2012,342
2016B2PS0628G,2016,427
2017A1TS0159H,2017,472
2024AATS0251G,2024,795
2009A7PS0452P,2009,272
2022A7TS0237P,2022,692
2014A1PS0916P,2014,376
2009B2PS0823G,2009,266
2014B5TS0012P,2014,383
2009B4PS0931G,2009,258
2017B2PS0084H,2017,467
2004AATS0769P,2004,122
2010A8PS0106P,2010,279
2013B1TS0838P,2013,368
2023A8PS0518H,2023,743
2024A4TS0772P,2024,835
2015A8TS0791P,2015,416
2006B1PS0859P,2006,153
2022AAPS0825G,2022,697
2016B4PS0354P,2016,443
2015B3TS0703G,2015,402
2018B5PS0127H,2018,475
2006B4PS0132P,2006,167
2018B5TS0063H,2018,487
2021A1PS0190H,2021,630
2010A1TS0561P,2010,294
2012B1TS0008G,2012,338
2024B2TS0438P,2024,794
2007B3PS0842P,2007,195
2022A3TS0925G,2022,695
2008B5TS0059H,2008,237
2006AATS0528G,2006,165
2010B5PS0395H,2010,279
2022AAPS0661H,2022,665
2015B2TS0879P,2015,420
2023A3TS0222P,2023,737
2010AATS0414H,2010,280
2022A3TS0170P,2022,681
2020A8PS0839G,2020,559
2007AATS0450P,2007,182
2010B3TS0747H,2010,298
2009AATS0513P,2009,271
2022B5PS0531P,2022,694
2023B5PS0950H,2023,717
2011B3TS0047H,2011,302
2016B2PS0320P,2016,444
2018A3TS0077P,2018,487
2008A7PS0682G,2008,235
2004B2PS0499P,2004,123
2008A3TS0524G,2008,238
2017A3TS0698G,2017,472
2008A1PS0963H,2008,228
2020B2PS0715G,2020,557
2019B2PS0067P,2019,520
2012B1TS0580P,2012,329
2012B4TS0040P,2012,327
2007B3TS0566P,2007,191
2020A3PS0092G,2020,568
2017A8PS0195G,2017,450
2006AAPS0382G,2006,167
2010B2TS0834G,2010,277
2022A8PS0757H,2022,660
2008AATS0751G,2008,246
2007A3TS0505P,2007,177
2006A3PS0872P,2006,168
2009B1PS0461H,2009,251
2012B5TS0473H,2012,345
2015B5TS0764G,2015,410
2008B2TS0118G,2008,244
2022A1PS0741H,2022,676
2010B5PS0551P,2010,283
2024B4PS0959G,2024,824
2008B3PS0537P,2008,238
2020A7TS0751H,2020,588
2016A4TS0394H,2016,431
2008AAPS0455G,2008,240
2009B5TS0445G,2009,262
2007B1PS0943H,2007,182
2012B5PS0723H,2012,330
2016B1TS0033G,2016,446
2024B5PS0673H,2024,828
2005A7TS0065P,2005,141
2020B2TS0125P,2020,564
2009A3TS0275G,2009,265
2022A8PS0683H,2022,677
2012B1PS0524G,2012,341
2024B1TS0179G,2024,790
2009A1TS0482P,2009,257
2012AATS0436G,2012,327
2023B3TS0481P,2023,727
2011A7PS0384G,2011,313
2009A7TS0571G,2009,266
2010AAPS0492H,2010,298
2020A3TS0072H,2020,589
2012A8TS0625G,2012,337
2011A1PS0096P,2011,316
2022A3PS0132P,2022,656
2014A7TS0419P,2014,392
2010B1TS0958G,2010,290
2012B4TS0595P,2012,349
2017A8PS0667H,2017,469
2007B3PS0305P,2007,187
2023A7PS0202P,2023,715
2006A3TS0282H,2006,169
2021AAPS0694G,2021,645
2006A3TS0434G,2006,163
2010AATS0441H,2010,290
2020A8TS0316H,2020,562
2017A8TS0725G,2017,472
2015A3TS0122H,2015,424
2018A4PS0524G,2018,487
2009B1PS0781G,2009,264
2011A8TS0957G,2011,310
2018A8TS0241G,2018,492
2014A3TS0789G,2014,387
2016A1TS0020G,2016,442
2005A3TS0207P,2005,143
2021A8PS0354H,2021,601
2006B4TS0599H,2006,159
2004A4TS0148G,2004,121
2013A8PS0453P,2013,351
2017B4PS0231P,2017,460
2005B5TS0237P,2005,144
2010A7PS0163G,2010,287
2017A1PS0637G,2017,470
2012A1TS0292P,2012,345
2018A8PS0250P,2018,480
2022B4TS0108H,2022,653
2007A7TS0945H,2007,192
2019A3TS0990P,2019,511
2024A8PS0943G,2024,794
2016B2TS0667G,2016,425
2006B2TS0885P,2006,174
2021A3TS0867G,2021,629
2017A7TS0315G,2017,456
2024B2TS0289P,2024,800
2021A8PS0274P,2021,623
2014B1PS0508H,2014,377
2018AAPS0355G,2018,493
2024B3PS0902H,2024,848
2020A1TS0117G,2020,572
2019B3TS0658P,2019,523
2024B4TS0324H,2024,804
2007B4PS0720P,2007,181
2006B5TS0462H,2006,157
2016B4PS0218H,2016,444
2017B2TS0468G,2017,464
2007B1PS0146H,2007,183
2011AAPS0059G,2011,317
2024A7PS0680G,2024,796
2021A3PS0546H,2021,645
2004A7PS0839H,2004,111
2024A3PS0001P,2024,816
2012A4PS0462P,2012,340
2020B1PS0428G,2020,587
2006B5TS0822G,2006,170
2012A8PS0603G,2012,327
2020A7TS0845H,2020,573
2015AATS0358H,2015,414
2013B5PS0606P,2013,362
2020B4TS0693P,2020,594
2015B2TS0064H,2015,416
2024AAPS0216P,2024,777
2013B2PS0257G,2013,374
2022B5PS0627P,2022,660
2005A3PS0766P,2005,138
2012B5TS0823G,2012,325
2021B2TS0124H,2021,621
2007B2TS0513P,2007,192
2013A3TS0877G,2013,351
2015B3TS0894H,2015,416
2019A8TS0349H,2019,508
2012B5TS0939G,2012,333
2023B3PS0855P,2023,735
2007A3TS0347G,2007,175
2006A7TS0437H,2006,174
2014B5TS0769H,2014,385
2021B2TS0212P,2021,635
2016A7TS0656H,2016,436
2018B2PS0026P,2018,483
2004A8TS0313G,2004,116
2016A4TS0865P,2016,439
2017B3TS0508H,2017,455
2024AATS0485H,2024,767
2017A3TS0102P,2017,472
2011B1PS0313P,2011,311
2015B1TS0928P,2015,419
2017B4TS0051H,2017,472
2015A8TS0423P,2015,403
2011B4TS0844H,2011,313
2014A4PS0557H,2014,387
2017B3PS0393G,2017,458
2013B1PS0092P,2013,371
2021A3TS0194H,2021,634
2009A3TS0352G,2009,262
2022B2TS0761P,2022,676
2024B5TS0070P,2024,775
2017B5PS0473P,2017,462
2012A8TS0228G,2012,349
2008A8PS0630G,2008,244
2010AATS0430G,2010,277
2008B5PS0927P,2008,237
2011A1PS0090G,2011,304
2019A4PS0606P,2019,533
2006A3PS0201P,2006,166
2015B4TS0879H,2015,408
2018A3PS0483P,2018,482
2013A3TS0394H,2013,354
2023B4PS0817P,2023,733
2019B5PS0289G,2019,541
2016A8PS0415P,2016,433
2022A8PS0291P,2022,678
2017B4TS0256P,2017,473
2006A4PS0144P,2006,171
2010AATS0609P,2010,276
2007A3TS0818P,2007,195
2004A1TS0421P,2004,107
2010AAPS0022G,2010,299
2021A7PS0202P,2021,623
2011B1PS0735P,2011,323
2018A8PS0244H,2018,492
2007A7PS0040G,2007,186
2007A7TS0940G,2007,197
2012B3PS0284G,2012,340
2005A1PS0667G,2005,125
2022A4PS0003H,2022,654
2019A4TS0590P,2019,544
2019B2TS0380G,2019,539
2008A3PS0026G,2008,226
2021B2TS0676H,2021,640
2021B3TS0480P,2021,603
2018A3PS0842P,2018,478
2004B3PS0706P,2004,115
2014AAPS0916G,2014,382
2022B4PS0368G,2022,691
2020B3TS0834P,2020,582
2019A1PS0353P,2019,516
2007A4TS0283H,2007,188
2020A8PS0634H,2020,576
2024A1TS0016P,2024,751
2021B2PS0213H,2021,636
2021A1PS0920H,2021,614
2008A7TS0255G,2008,242
2004A8PS0478P,2004,114
2010A7TS0674G,2010,283
2015AAPS0902G,2015,411
2006A4PS0521P,2006,167
2023A4TS0021H,2023,718
2013A8TS0586G,2013,368
2021A7TS0445P,2021,625
2012B3TS0768H,2012,349
2023B4TS0956P,2023,749
2014A8PS0238P,2014,396
2012A7PS0751H,2012,337
2005B1TS0517G,2005,147
2021B5TS0035G,2021,617
2007A8TS0759P,2007,175
2019B2PS0824P,2019,540
2015A8TS0555P,2015,424
2007B2TS0630P,2007,179
2023B3TS0546G,2023,733
2012B4TS0675P,2012,331
2015B1PS0423P,2015,411
2005AAPS0659P,2005,131
2023B5PS0844G,2023,722
2022A3PS0469P,2022,680
2023B2PS0032P,2023,731
2006A4PS0802P,2006,153
2004A1TS0295P,2004,115
2014A4PS0120G,2014,395
2006B2TS0407G,2006,172
2007B1TS0673P,2007,179
2019B1TS0396H,2019,517
2019B4PS0189G,2019,520
2009A4TS0324P,2009,259
2004A8TS0859H,2004,100
2016A3PS0173H,2016,440
2013A8PS0165G,2013,355
2019AAPS0024P,2019,513
2018A1TS0838H,2018,492
2024B1PS0626P,2024,796
2015B1TS0298G,2015,408
2017AAPS0960H,2017,462
2007A4PS0066H,2007,196
2019B3PS0605H,2019,544
2022A4TS0698G,2022,655
2016A4PS0978G,2016,434
2015A8TS0172G,2015,400
2021A3PS0400H,2021,602
2007AATS0657H,2007,194
2020B5TS0015P,2020,576
2005AAPS0154H,2005,125
2006B4TS0515H,2006,158
2008B2PS0181G,2008,239
2016B5TS0825P,2016,433
2021AAPS0084H,2021,603
2014B5TS0332P,2014,390
2018A1TS0561P,2018,481
2009A4PS0696P,2009,274
2011B4TS0655H,2011,303
2018B1TS0818G,2018,487
2018B2TS0147P,2018,486
2005A7TS0744G,2005,136
2006B5PS0023G,2006,173
2012B2PS0361P,2012,341
2008AAPS0462P,2008,243
2005A7TS0261G,2005,143
2016B1PS0932H,2016,447
2013A8TS0333P,2013,368
2011A1PS0704P,2011,314
2011B3TS0488P,2011,302
2018B2PS0664P,2018,498
2005AAPS0855P,2005,127
2008A1TS0551G,2008,244
2017A3PS0648P,2017,460
2017A4PS0085P,2017,454
2017B3TS0329P,2017,470
2012A8TS0647G,2012,333
2019B1PS0693G,2019,547
2016A8PS0482H,2016,439
2006B3TS0352G,2006,158
2023B4TS0693H,2023,725
2004B5PS0167H,2004,117
2006B1PS0670G,2006,165
2020B3PS0221G,2020,590
2008B3TS0842P,2008,227
2009A7PS0831P,2009,266
2004AATS0746H,2004,112
2004A1PS0677H,2004,100
2009A8TS0451G,2009,262
2018A7TS0175G,2018,495
2007A1PS0622G,2007,182
2005A3TS0235H,2005,129
2007B5TS0666H,2007,199
2008A1TS0493G,2008,248
2006B2TS0270P,2006,152
2016B2PS0133H,2016,429
2012B5PS0641P,2012,344
2019A7TS0228G,2019,548
2018A7PS0411P,2018,480
2016B1TS0031G,2016,425
2014B1PS0569P,2014,391
2023B1TS0438H,2023,726
2022A1TS0057H,2022,698
2006A4PS0187H,2006,169
2005B4PS0199H,2005,144
2005B1PS0275P,2005,126
2022A7TS0067G,2022,698
2019A7PS0745G,2019,527
2023A4TS0087H,2023,707
2012A4TS0749G,2012,339
2005A7PS0285G,2005,143
2018B5TS0832G,2018,481
2017B1TS0707H,2017,467
2024A3TS0544H,2024,814
2018A1PS0065H,2018,481
2015A1TS0263G,2015,421
2013A4PS0478P,2013,361
2009A1PS0549G,2009,266
2013A8PS0984P,2013,369
2010A1TS0850H,2010,292
2022AATS0914P,2022,685
2014A3PS0072G,2014,393
2005AATS0227H,2005,125
2006B3TS0068H,2006,166
2024A1TS0602P,2024,790
2021A7TS0438P,2021,643
2016B5TS0821G,2016,449
2019AAPS0487G,2019,505
2004B5PS0670P,2004,111
2016B4PS0945H,2016,430
2024A3PS0277P,2024,808
2016A7PS0162G,2016,441
2024A4PS0442P,2024,839
2011B1TS0461H,2011,317
2014A3TS0138P,2014,391
2024B1PS0016G,2024,771
2016B5TS0250G,2016,427
2018B1TS0579G,2018,499
2024A4TS0058P,2024,836
2009A3TS0014G,2009,269
2016A3PS0184H,2016,431
2006B3TS0958G,2006,159
2019AATS0359H,2019,522
2023B4PS0390G,2023,703
2008AATS0547P,2008,245
2018B4TS0154H,2018,479
2007B1PS0497P,2007,184
2005A8TS0280P,2005,127
2023B1TS0882H,2023,738
2022B4TS0219H,2022,698
2022B5TS0678P,2022,681
2021A7PS0163G,2021,645
2006A4TS0207H,2006,157
2016B2TS0948G,2016,445
2004B2PS0807H,2004,103
2019A8TS0965H,2019,506
2005B3PS0584G,2005,130
2020B1TS0182G,2020,586
2018A8PS0394P,2018,478
2018A4TS0834H,2018,477
2015B5PS0345H,2015,406
2011A7PS0830G,2011,321
2020A3PS0486G,2020,583
2020B1TS0241P,2020,552
2014A3PS0758P,2014,388
2018A4TS0498H,2018,481
2019B2TS0520H,2019,548
2020B4PS0783H,2020,556
2012B2TS0093G,2012,330
2008A7TS0194H,2008,231
2019B3TS0769G,2019,507
2022B4PS0843P,2022,651
2023A8TS0999P,2023,718
2016A8PS0889G,2016,439
2022A3PS0898P,2022,651
2024B3PS0944P,2024,812
2013B5PS0407H,2013,353
2006B1PS0943H,2006,159
2022B5TS0334H,2022,693
2006B1PS0669H,2006,165
2011B3PS0784G,2011,322
2022A7PS0092P,2022,664
2023B3TS0740H,2023,745
2006B3TS0711P,2006,152
2004A1TS0860H,2004,121
2010A8TS0200H,2010,288
2013AAPS0066G,2013,367
2012AATS0707P,2012,335
2023A3PS0782G,2023,723
2018A8TS0308G,2018,496
2017AATS0227H,2017,462
2017B1PS0377P,2017,474
2020AAPS0551H,2020,554
2024B4TS0895G,2024,794
2024AATS0458P,2024,758
2006B5TS0716P,2006,173
2020B1TS0067G,2020,564
2013A3TS0719H,2013,360
2014B4PS0699H,2014,390
2022AAPS0049H,2022,695
2023B3TS0576H,2023,727
2022A8TS0246H,2022,674
2013B5PS0072G,2013,351
2012B4TS0090G,2012,348
2010A8TS0468G,2010,281
2013B4PS0470G,2013,373
2017B4TS0190H,2017,468
2017B2TS0071G,2017,473
2012A3TS0188H,2012,327
2019A7TS0246H,2019,537
2013B1PS0540H,2013,370
2024B1TS0065G,2024,794
2017B1TS0802P,2017,460
2009B5PS0588G,2009,267
2024A8TS0661G,2024,765
2010B3PS0853G,2010,286
2016B3PS0647G,2016,431
2006B3TS0936P,2006,167
2018A7PS0841G,2018,492
2005B3PS0516P,2005,131
2017A4TS0553H,2017,474
2004B2PS0261P,2004,110
2021B1TS0910H,2021,616
2004B4PS0148H,2004,116
2022B1PS0938H,2022,694
2023B1PS0200G,2023,704
2004AAPS0755P,2004,124
2015A4PS0975G,2015,405
2022A4PS0709P,2022,691
2007B1TS0845H,2007,198
2019A3PS0859P,2019,500
2005A7TS0457G,2005,125
2017B3PS0405G,2017,452
2023B1TS0081P,2023,738
2015A4PS0420G,2015,400
2013A7PS0635P,2013,371
2009B1TS0174P,2009,270
2007A3TS0270H,2007,196
2019A7PS0540G,2019,542
2011B4TS0471P,2011,305
2015B3TS0864P,2015,405
2010A3TS0098H,2010,292
2009A3PS0761G,2009,270
2006B4PS0056P,2006,170
2009AAPS0372G,2009,262
2015B2TS0338G,2015,413
2009B4PS0883P,2009,264
2006A3TS0486P,2006,152
2020A4TS0376G,2020,599
2006B2PS0144P,2006,163
2007B3PS0942G,2007,197
2022B1PS0943P,2022,676
2005AAPS0676H,2005,142
2014B2PS0505P,2014,389
2013B4PS0755G,2013,374
2017A4TS0454P,2017,454
2012B3PS0851H,2012,349
2012B1TS0571G,2012,349
2006B3PS0319P,2006,160
2024B3TS0383H,2024,771
2024B3TS0183H,2024,751
2015B4TS0586P,2015,414
2008A4TS0827G,2008,231
2011B2PS0094P,2011,321
2012A1PS0943H,2012,345
2024A1TS0733P,2024,813
2017AATS0463G,2017,467
2013A4PS0989G,2013,367
2012A8PS0621P,2012,333
2005B5TS0696H,2005,135
2021A3TS0111P,2021,649
2022AATS0265P,2022,658
2010A1TS0476P,2010,293
2006B5PS0242G,2006,169
2019B4PS0445P,2019,518
2007AATS0353H,2007,177
2022A1TS0299G,2022,683
2015B4PS0900G,2015,405
2021B3TS0034P,2021,600
2020A4TS0373G,2020,553
2024B5PS0417H,2024,825
2007B3PS0002H,2007,183
2018A7PS0665P,2018,492
2024B4PS0027H,2024,818
2011A4TS0313G,2011,305
2021B5PS0124H,2021,611
2010AATS0183G,2010,281
2006A4PS0594H,2006,171
2021A7TS0596G,2021,623
2017B3TS0077G,2017,473
2010B3PS0991P,2010,287
2013A4TS0441P,2013,354
2009A4PS0537H,2009,261
2010B3TS0679H,2010,286
2007A3TS0878H,2007,193
2013A8TS0485P,2013,369
2013A3TS0455P,2013,356
2013A1PS0777P,2013,363
2019A4PS0760G,2019,538
2023AAPS0292H,2023,736
2016AAPS0440P,2016,437
2014B2PS0277P,2014,379
2010A8TS0997P,2010,275
2009A3PS0461G,2009,259
2013B4TS0171H,2013,350
2024B5TS0884H,2024,848
2024B5TS0319P,2024,784
2022A4TS0258H,2022,683
2004A4TS0686H,2004,105
2010A4TS0645G,2010,297
2004AAPS0163G,2004,122
2015A3TS0299H,2015,403
2004B5PS0375G,2004,121
2005AATS0324H,2005,137
2013B1PS0161P,2013,371
2019A7PS0734G,2019,527
2016A3PS0529H,2016,426
2021A1TS0857G,2021,601
2020AAPS0375H,2020,555
2013A4PS0060G,2013,371
2006B5PS0212H,2006,173
2014A3TS0313G,2014,378
2017A7TS0757G,2017,470
2011AATS0668G,2011,320
2022A3TS0455H,2022,671
2011A8TS0615P,2011,317
2011B1TS0972G,2011,305
2018B2PS0322H,2018,499
2017B5TS0620P,2017,467
2009B3TS0238H,2009,256
2018A3TS0702H,2018,495
2007A4TS0784G,2007,193
2008A7TS0503G,2008,244
2006B4PS0262G,2006,167
2006A8TS0596G,2006,172
2013B2TS0243P,2013,366
2024B3TS0486G,2024,760
2017A4PS0700H,2017,458
2012A8PS0954P,2012,325
2004B5PS0796G,2004,121
2007AATS0890P,2007,180
2019A8PS0789P,2019,505
2004B2PS0270P,2004,118
2007B4TS0669P,2007,198
2005B2TS0738P,2005,135
2006A8PS0442G,2006,163
2021B4PS0830P,2021,603
2005A8TS0438H,2005,130
2006A7TS0375H,2006,158
2017A8PS0512G,2017,467
2019A3PS0947G,2019,506
2011B3PS0252G,2011,318
2014B2TS0305G,2014,384
2009B2TS0438H,2009,274
2009A8PS0541P,2009,269
2021B5TS0760H,2021,628
2020B4PS0932G,2020,574
2015AATS0073P,2015,423
2020AAPS0836P,2020,583
2019B1PS0939P,2019,529
2024AATS0339H,2024,785
2009A4TS0159P,2009,270
2004A7TS0469P,2004,122
2021A1TS0820G,2021,614
2017B4PS0006H,2017,465
2019B5TS0937P,2019,504
2007A8TS0873H,2007,195
2016B4TS0003H,2016,448
2021B3TS0987G,2021,620
2021A7PS0304H,2021,636
2005B3PS0121P,2005,137
2019A7TS0907H,2019,531
2006A4PS0915G,2006,172
2023AATS0684H,2023,716
2024B4PS0381H,2024,779
2012A1PS0392H,2012,344
2020AATS0989P,2020,586
2012B1TS0237H,2012,339
2008B1TS0406H,2008,241
2009A4PS0198P,2009,257
2018B5PS0002H,2018,490
2008B4TS0747G,2008,227
2013B1TS0193G,2013,371
2013A8PS0488G,2013,362
2010A1TS0570G,2010,284
2016B2TS0337H,2016,443
2011A3TS0729P,2011,307
2011A7PS0909P,2011,308
2022A3PS0639G,2022,673
2012A3TS0121P,2012,347
2011B5TS0803G,2011,313
2015A4PS0469P,2015,406
2024B1TS0409P,2024,835
2006A1PS0355G,2006,173
2015B1TS0835P,2015,403
2018B1TS0178H,2018,482
2018AATS0708P,2018,496
2006B2TS0791P,2006,156
2007B2TS0295G,2007,194
2005B1TS0229H,2005,127
2006B1PS0509G,2006,173
2021B4PS0817P,2021,638
2005A8PS0748P,2005,138
2024A1TS0327H,2024,820
2018B5TS0347P,2018,498
2007A3TS0567P,2007,186
2023B5TS0385H,2023,714
2022B3TS0039P,2022,683
2009AATS0411P,2009,255
2017B2TS0429H,2017,473
2012B3PS0630H,2012,345
2005A1PS0800P,2005,140
2005B4PS0588G,2005,145
2024B4TS0207P,2024,778
2011B5PS0440P,2011,304
2019B2PS0915P,2019,541
2004A8PS0870G,2004,106
2017B5PS0778G,2017,467
2012AAPS0567H,2012,336
2005B5PS0809P,2005,143
2024A8PS0880P,2024,836
2021B5TS0498G,2021,607
2013B3PS0012G,2013,355
2013B1PS0568H,2013,357
2021A4TS0328G,2021,635
2010B4TS0858G,2010,291
2010B2PS0843G,2010,297
2023AAPS0224P,2023,741
2012AATS0454H,2012,342
2010B4PS0669H,2010,291
2024A1PS0905G,2024,833
2020B4PS0220G,2020,567
2023B5TS0395G,2023,720
2023A7TS0066P,2023,708
2022A4PS0731H,2022,670
2013A8PS0151H,2013,364
2016B4TS0019G,2016,433
2023B1PS0008H,2023,746
2024A7PS0679G,2024,794
2020A3PS0722P,2020,552
2005A7TS0164G,2005,149
2016B3TS0892G,2016,425
2022B2PS0337P,2022,667
2016A4PS0764G,2016,434
2019B3PS0454P,2019,515
2022B1PS0833G,2022,650
2019A8PS0892H,2019,542
2012B5TS0075P,2012,325
2013A7TS0199P,2013,351
2015B3PS0455G,2015,406
2015A3TS0523G,2015,417
2007A8PS0408H,2007,189
2019A3TS0832H,2019,526
2017B4TS0213P,2017,470
2024B5PS0525H,2024,841
2021B1TS0737H,2021,612
2015A7PS0093H,2015,422
2016A1TS0077G,2016,445
2006B5TS0327P,2006,154
2015A4PS0791G,2015,412
2011A1PS0411P,2011,323
2016B5PS0940G,2016,436
2014B4TS0038G,2014,383
2024A8TS0845H,2024,764
2010B4TS0454P,2010,292
2011A4TS0702H,2011,304
2019A4TS0600P,2019,524
2005A3PS0750H,2005,145
2012A8TS0540G,2012,332
2005B1TS0503H,2005,136
2007B4PS0407G,2007,175
2005A8PS0259G,2005,148
2013A1TS0968G,2013,372
2007A3TS0257G,2007,184
2008AATS0690P,2008,247
2007AATS0248H,2007,189
2017AAPS0860G,2017,458
2011A7TS0468G,2011,319
2005A7PS0550H,2005,130
2011A3TS0096H,2011,312
2019B5PS0476H,2019,520
2012A1TS0985H,2012,335
2006B4TS0089H,2006,172
2021B5PS0069G,2021,616
2004B2PS0784P,2004,116
2018A8PS0862G,2018,475
2015A4TS0135P,2015,408
2017B4PS0197H,2017,470
2006AATS0314H,2006,158
2017AATS0828G,2017,457
2007B3PS0272P,2007,188
2017AAPS0780P,2017,450
2019B4PS0028G,2019,523
2004A1PS0530G,2004,120
2012B4TS0646H,2012,336
2010B2PS0270P,2010,285
2021B4TS0328G,2021,646
2024B1TS0280G,2024,839
2010A4PS0453P,2010,287
2007B5PS0055P,2007,190
2007A3PS0972P,2007,199
2008A7PS0640P,2008,247
2017B3TS0415G,2017,453
2013B2TS0924H,2013,351
2024A1PS0622H,2024,765
2007A7PS0502G,2007,199
2007A7PS0707P,2007,198
2012A4PS0464H,2012,331
2016B3PS0097H,2016,426
2006B5PS0731H,2006,165
2020AAPS0172H,2020,592
2014A1TS0824G,2014,387
2010B4TS0950G,2010,278
2016B2PS0793P,2016,445
2014B3TS0330H,2014,399
2006AAPS0733G,2006,167
2014A8PS0504P,2014,396
2010A3TS0354P,2010,283
2010A7PS0438H,2010,275
2013A4TS0770P,2013,371
2024A1TS0426H,2024,809
2021A4TS0788P,2021,610
2011B3PS0934G,2011,320
2019B3TS0163G,2019,516
2016A4TS0677G,2016,433
2020A7TS0646P,2020,596
2023B1PS0423H,2023,722
2023B4PS0111G,2023,706
2004A4TS0164H,2004,122
2023B4TS0661P,2023,715
2023A3TS0784H,2023,719
2009B1TS0309P,2009,262
2015B1PS0753G,2015,402
2016B1TS0258P,2016,427
2010B2PS0340P,2010,287
2006A8TS0301P,2006,172
2011A1PS0803G,2011,305
2024B5PS0248G,2024,772
2022AAPS0934H,2022,699
2021A8PS0307H,2021,613
2008A4TS0153G,2008,228
2020A7PS0747P,2020,598
2004A3TS0666P,2004,105
2009A7TS0019H,2009,264
2006B2PS0559H,2006,174
2006A3TS0587P,2006,154
2011B5TS0380G,2011,317
2007B4TS0365G,2007,178
2005A4PS0345H,2005,145
2024A7PS0787P,2024,771
2014B1PS0676H,2014,377
2015B3PS0605H,2015,406
2012B5TS0520P,2012,348
2016A8TS0929P,2016,447
2013B2PS0483P,2013,355
2004B3TS0610H,2004,117
2006A8TS0779P,2006,150
2022A3PS0094P,2022,695
2014A4PS0752H,2014,390
2009B3TS0912H,2009,258
2014A7TS0138H,2014,394
2005AAPS0491H,2005,136
2004A3TS0728H,2004,111
2019A4PS0357H,2019,549
2011AATS0810G,2011,306
2004A4PS0764P,2004,100
2007A1TS0281H,2007,195
2019A1TS0189P,2019,522
2006A7TS0464G,2006,161
2006A7TS0228H,2006,152
2018B3PS0091H,2018,484
2013B4PS0641H,2013,357
2017B3TS0961P,2017,465
2006AATS0615P,2006,174
2008B2TS0305G,2008,240
2011AATS0505G,2011,311
2021B5PS0729G,2021,643
2005B3TS0918P,2005,148
2004B1PS0830P,2004,114
2016A4PS0419P,2016,436
2004A8PS0621G,2004,120
2010B2PS0488H,2010,281
2016A8PS0938P,2016,442
2020B5TS0930H,2020,559
2021A8PS0425H,2021,609
2017A7PS0557H,2017,472
2021A7PS0116H,2021,617
2013B2TS0187P,2013,361
2013B2TS0154G,2013,367
2016AATS0439P,2016,447
2024A1PS0513P,2024,829
2010A7PS0435H,2010,278
2013A3TS0538P,2013,371
2015A1PS0919G,2015,412
2006A1TS0825H,2006,167
2004B5TS0681G,2004,101
2006A3PS0928H,2006,154
2015AAPS0296P,2015,415
2018B4PS0885P,2018,486
2018B5PS0613P,2018,493
2021A4PS0042G,2021,641
2011AAPS0007H,2011,310
2017B1PS0903H,2017,458
2006B3TS0180P,2006,172
2019B5TS0482G,2019,530
2015B1TS0695H,2015,408
2021B5TS0550P,2021,609
2008A3PS0626H,2008,228
2007B5PS0214G,2007,179
2010A3PS0225G,2010,275
2023B3PS0255P,2023,734
2006B2PS0848H,2006,158
2024A8PS0835P,2024,795
2005A1TS0733G,2005,149
2009A8PS0280H,2009,257
2013B5TS0933P,2013,350
2018A7PS0509G,2018,498
2013AAPS0189H,2013,355
2022B4PS0421G,2022,676
2011B3PS0263H,2011,318
2019B3PS0423H,2019,531
2006A4TS0886P,2006,154
2011AAPS0445G,2011,321
2020A1PS0814G,2020,597
2023B2TS0596H,2023,748
2013B3TS0641G,2013,353
2009B5PS0172P,2009,252
2017B5TS0997G,2017,465
2005A8PS0582G,2005,147
2017A7TS0319H,2017,464
2022B3TS0028P,2022,665
2015A3TS0982H,2015,413
2006A1PS0725G,2006,151
2012A4TS0870P,2012,348
2015A3TS0034P,2015,414
2007AAPS0800G,2007,178
2024A4PS0936P,2024,820
2024B1TS0210P,2024,796
2011A1TS0424G,2011,306
2005A8PS0116H,2005,140
2006A4PS0018P,2006,173
2008A3PS0708H,2008,242
2020A8TS0885P,2020,554
2010A3PS0267G,2010,296
2012A4PS0647P,2012,343
2013A3TS0071P,2013,365
2020B4PS0083P,2020,590
2004A8TS0331G,2004,103
2019B2PS0078G,2019,541
2022AATS0998G,2022,673
2020A8PS0620G,2020,571
2012B2TS0235P,2012,326
2009B5PS0657G,2009,261
2015A1TS0724H,2015,406
2012A4TS0981P,2012,330
2017A7TS0752P,2017,458
2007B5TS0694H,2007,189
2014B2PS0896H,2014,391
2019A8PS0748P,2019,524
2016A3PS0982G,2016,427
2014A1TS0423G,2014,378
2004B3PS0632P,2004,110
2004B5PS0602P,2004,102
2013A1PS0843P,2013,366
2012B3TS0387P,2012,328
2005B3TS0414P,2005,128
2018A4PS0033P,2018,489
2005B1TS0147P,2005,133
2020A3TS0206P,2020,592
2007A1PS0279P,2007,190
2008A3PS0462H,2008,247
2012AATS0420H,2012,331
2015B1TS0072H,2015,420
2009B2PS0775H,2009,251
2009A1TS0819G,2009,266
2005B5PS0422H,2005,125
2006B2TS0949G,2006,160
2022B5PS0316G,2022,653
2013B4PS0888G,2013,360
2018B5PS0994G,2018,476
2015A4TS0456P,2015,424
2020B2PS0978G,2020,578
2005A3TS0245H,2005,149
2024B2TS0128P,2024,794
2024A8PS0048G,2024,802
2023B1PS0076G,2023,737
2013AAPS0612G,2013,360
2017A1PS0088H,2017,471
2015AAPS0046P,2015,424
2013A4TS0947P,2013,370
2013A7PS0695P,2013,350
2013A3PS0587G,2013,367
2007A3TS0112P,2007,181
2018A1TS0559G,2018,491
2014A1TS0337P,2014,376
2008A4TS0606P,2008,246
2014A8TS0535G,2014,377
2007AAPS0869G,2007,187
2008A7TS0740H,2008,243
2011B2TS0914H,2011,302
2005A3PS0322G,2005,149
2007B3PS0642G,2007,180
2024B2PS0238P,2024,812
2008B3TS0855P,2008,238
2005A7TS0195G,2005,147
2019B5TS0920G,2019,510
2009B1PS0851G,2009,269
2006A7TS0043H,2006,165
2013B4TS0983H,2013,369
2013B1PS0037P,2013,360
2012B1TS0176H,2012,345
2012B4TS0804G,2012,325
2023A3TS0789H,2023,712
2013B3TS0972G,2013,370
2004B4TS0057H,2004,109
2012A1TS0752P,2012,344
2017B2TS0587H,2017,456
2006AAPS0907P,2006,171
2017B4TS0840H,2017,462
2012B5TS0829P,2012,347
2015B4TS0367G,2015,411
2021A8TS0365P,2021,609
2016AATS0953H,2016,427
2011B3PS0483P,2011,316
2012B5PS0689H,2012,345
2005B1TS0798H,2005,147
2004A1TS0462H,2004,116
2017AAPS0987P,2017,468
2019A8PS0839H,2019,504
2013B4PS0662H,2013,362
2005A1TS0493P,2005,142
2004A1TS0603H,2004,109
2017B3TS0453P,2017,452
2012A4PS0820H,2012,329
2017B1PS0598H,2017,465
2008B5TS0054G,2008,229
2023B1PS0299G,2023,716
2008A3TS0477H,2008,233
2013B1TS0559P,2013,374
2015B1TS0468P,2015,410
2018A8TS0113G,2018,479
2009B5TS0269H,2009,272
2023A4TS0901G,2023,735
2017B2TS0118P,2017,467
2022A4TS0438G,2022,679
2022A8TS0119H,2022,658
2017AATS0172H,2017,457
2023B1TS0588G,2023,715
2017AAPS0556G,2017,464
2012B1TS0344H,2012,341
2016A7TS0550P,2016,444
2014B1PS0037G,2014,393
2005A8TS0528G,2005,135
2017B4TS0343P,2017,451
2005A1TS0227G,2005,132
2022A4PS0657G,2022,677
2004B2TS0244G,2004,104
2008B1TS0335P,2008,232
2005B1PS0794H,2005,126
2013B5PS0482P,2013,350
2022A8TS0085H,2022,660
2018B1TS0895G,2018,485
2010B3TS0672G,2010,290
2015A1PS0400P,2015,413
2006B2TS0396G,2006,155
2013B1PS0871G,2013,364
2007B4TS0469H,2007,176
2014B4TS0717H,2014,375
2015A4PS0377G,2015,403
2017A3PS0907H,2017,454
2021B3TS0979H,2021,645
2006B2PS0062G,2006,164
2021A7TS0526G,2021,635
2014A8TS0117G,2014,397
2020B2PS0747G,2020,560
2009A4PS0778P,2009,251
2024A8TS0063G,2024,804
2009A4TS0450G,2009,263
2020A4PS0012G,2020,565
2018B5PS0382P,2018,476
2008B1PS0796G,2008,249
2023B5TS0269H,2023,701
2010B5TS0838G,2010,293
2017A8PS0825G,2017,454
2012A3PS0662P,2012,338
2021A1TS0860P,2021,602
2004A1TS0217G,2004,110
2018A7PS0452P,2018,492
2006A4PS0001P,2006,161
2004A7TS0286H,2004,101
2006B1TS0136G,2006,172
2014A4PS0367P,2014,389
2024B4TS0976H,2024,786
2012B1PS0504P,2012,343
2024B5PS0354P,2024,829
2023AAPS0181H,2023,741
2019B1PS0690H,2019,544
2016B3PS0677H,2016,442
2016A4TS0809G,2016,427
2006A7PS0899H,2006,160
2015B1TS0437G,2015,424
2012B1PS0399G,2012,331
2020A7PS0534P,2020,574
2004B1TS0840P,2004,113
2018B3TS0451G,2018,487
2021A3TS0198G,2021,632
2024AAPS0608P,2024,797
2020B1TS0431G,2020,573
2005B4PS0582P,2005,130
2007B4PS0056H,2007,195
2023B3TS0793G,2023,744
2022A4TS0307G,2022,694
2014B3PS0072G,2014,392
2019A4PS0046G,2019,540
2007A8TS0377P,2007,185
2008A7TS0561H,2008,225
2005B4PS0658G,2005,147
2009B1TS0439G,2009,262
2024B4TS0991G,2024,810
2023B4TS0691H,2023,708
2023A1PS0435G,2023,742
2009B3TS0815G,2009,274
2017B3TS0196H,2017,459
2004A8PS0304P,2004,124
2014A7TS0096H,2014,387
2013AAPS0979H,2013,372
2017A3PS0264H,2017,460
2024A8PS0987G,2024,833
2007B5PS0418H,2007,189
2020A1TS0415G,2020,587
2014A1TS0417G,2014,386
2010A7TS0768G,2010,296
2010A1PS0294P,2010,299
2024A1TS0180G,2024,828
2019B2PS0861H,2019,513
2005A3TS0041G,2005,138
2004B4TS0825H,2004,105
2006AAPS0956G,2006,158
2012B3PS0578H,2012,349
2016A4PS0119G,2016,427
2015AAPS0536P,2015,415
2017B5TS0239G,2017,470
2008B5PS0803H,2008,246
2020A1TS0124G,2020,593
2004B2PS0873G,2004,105
2023A4PS0401P,2023,715
2015A3TS0218H,2015,418
2021A7TS0142H,2021,644
2021A4TS0588G,2021,645
2024B3TS0269P,2024,784
2012B2TS0533G,2012,328
2014AATS0751G,2014,380
2023A8TS0760G,2023,717
2011A3PS0699G,2011,323
2021AATS0709G,2021,629
2011A7PS0215P,2011,300
2015B3PS0547H,2015,416
2007A7TS0128G,2007,194
2024A7PS0860G,2024,807
2019A8TS0749H,2019,507
2011B4PS0443P,2011,317
2010A7PS0406H,2010,279
2015B1TS0164P,2015,421
2024A4TS0605P,2024,803
2011A3TS0128G,2011,316
2018A7TS0687P,2018,491
2019B2TS0622G,2019,548
2021A8TS0154H,2021,622
2009B5PS0104G,2009,251
2012B3PS0548H,2012,338
2023B2PS0881G,2023,749
2018B5TS0295G,2018,476
2023A4PS0917G,2023,722
2019B1PS0557P,2019,522
2013A3PS0320G,2013,374
2009B4TS0501P,2009,266
2007B5TS0531G,2007,192
2017B5TS0738G,2017,451
2021B4PS0186H,2021,600
2018AAPS0319H,2018,487
2014B4TS0752H,2014,379
2009B1TS0560P,2009,272
2011B5TS0949H,2011,315
2007B5PS0531H,2007,182
2020AATS0760H,2020,568
2009B4PS0641H,2009,251
2011B1PS0956H,2011,305
2022AAPS0602H,2022,669
2006A7TS0071H,2006,169
2016A3TS0507P,2016,436
2016B2TS0170P,2016,434
2023B2TS0162P,2023,739
2022A1TS0216P,2022,651
2017B3PS0467G,2017,453
2004A8PS0239G,2004,107
2010B4PS0560G,2010,290
2005AATS0972P,2005,128
2024A1TS0282H,2024,811
2024B3PS0578H,2024,826
2017B2PS0090H,2017,467
2017AATS0492P,2017,464
2022A4PS0558P,2022,662
2010B3PS0826P,2010,281
2006A1TS0286P,2006,174
2010A8TS0102H,2010,299
2004A8TS0106H,2004,104
2017B4TS0450H,2017,453
2008A1PS0454H,2008,234
2017A4TS0424G,2017,470
2010A1PS0740H,2010,298
2022B5TS0961P,2022,687
2005B5TS0294P,2005,135
2011B5TS0522G,2011,311
2006A3TS0954H,2006,150
2023B4TS0149H,2023,732
2019A4PS0523G,2019,524
2008AATS0312P,2008,241
2007B3TS0160G,2007,187
2014A1PS0126P,2014,392
2020B3PS0117G,2020,596
2004B1PS0284G,2004,100
2023A3TS0875P,2023,737
2016A7TS0712H,2016,446
2020A7PS0850H,2020,563
2005A1TS0009H,2005,142
2015AAPS0037P,2015,404
2004B3TS0946G,2004,110
2006A7PS0816P,2006,173
2006A1PS0546P,2006,174
2007B2TS0727G,2007,178
2018A3TS0553H,2018,480
2004A3PS0775G,2004,107
2015AATS0629G,2015,413
2023A1PS0760P,2023,729
2011B4PS0049P,2011,322
2024A1PS0308G,2024,807
2015B4TS0804P,2015,424
2015A8PS0428P,2015,410
2009B4PS0615H,2009,261
2005A7TS0384G,2005,142
2005A4TS0249P,2005,147
2016AAPS0371P,2016,431
2008A4PS0323H,2008,232
2006B5PS0722P,2006,161
2018B3PS0978P,2018,487
2010A8PS0871G,2010,287
2008B4TS0358H,2008,237
2016B4TS0377G,2016,447
2011A4PS0468P,2011,319
2024A4PS0895H,2024,776
2012B4TS0427P,2012,330
2022A4TS0747P,2022,696
2022A1PS0324P,2022,658
2022B4PS0222H,2022,678
2023AAPS0458H,2023,707
2012A7TS0407G,2012,339
2013A7TS0158G,2013,367
2017AATS0214H,2017,467
2019A1PS0668H,2019,547
2018B2TS0591P,2018,487
2022A7TS0337H,2022,665
2004A4TS0195P,2004,105
2004A1TS0672G,2004,116
2012B4PS0876P,2012,339
2009B5PS0228H,2009,272
2019AAPS0841H,2019,525
2007B4TS0029H,2007,188
2019AATS0336G,2019,512
2011B4PS0475G,2011,316
2015AAPS0929G,2015,424
2011A3PS0544G,2011,304
2009B5PS0642G,2009,266
2024B1TS0789H,2024,772
2024A3TS0192G,2024,775
2014A1TS0665G,2014,376
2018A4PS0471P,2018,478
2020A8PS0746H,2020,583
2016A7TS0919H,2016,449
2006A8TS0370G,2006,157
2024A4PS0221H,2024,781
2007AAPS0695P,2007,187
2021B4TS0186H,2021,605
2008A3TS0023H,2008,244
2020A7PS0264G,2020,551
2023B4TS0528G,2023,717
2016A4PS0650H,2016,445
2019A7PS0788G,2019,523
2005A4PS0547G,2005,141
2020A8PS0303H,2020,586
2022A8PS0357P,2022,654
2008A3TS0379G,2008,231
2010A4PS0332H,2010,281
2005AAPS0403P,2005,138
2012AAPS0858H,2012,336
2015A4TS0880G,2015,416
2019A1PS0833P,2019,508
2014A7PS0037H,2014,375
2019AATS0992G,2019,527
2014B3TS0611P,2014,397
2013A8PS0147G,2013,360
2018A3TS0224G,2018,490
2011B3TS0226G,2011,320
2009B2PS0040H,2009,254
2011A3TS0444H,2011,305
2010B3TS0912P,2010,291
2014A8TS0249P,2014,379
2006A3TS0676P,2006,154
2009A4PS0342G,2009,253
2007B3TS0923H,2007,199
2017A7TS0810P,2017,465
2005B3PS0771P,2005,145
2007AAPS0381G,2007,192
2007A7TS0268H,2007,176
2014B4PS0693H,2014,385
2021B1PS0855P,2021,618
2020B5PS0662P,2020,560
2017B5TS0950H,2017,470
2014A8PS0100G,2014,377
2007B3TS0576P,2007,194
2020B3PS0120G,2020,576
2013AAPS0749G,2013,359
2006A7TS0805G,2006,170
2004A3TS0453P,2004,107
2020A3TS0561P,2020,596
2019A7TS0049G,2019,536
2022A4PS0217H,2022,684
2016B1TS0182P,2016,425
2023B3TS0743P,2023,744
2010A4TS0076P,2010,298
2009AAPS0081H,2009,253
2018A7TS0533P,2018,498
2011B1TS0042H,2011,304
2007A1TS0219H,2007,190
2015B2TS0989G,2015,418
2010A4TS0814P,2010,286
2021A1PS0436H,2021,609
2014B5TS0329G,2014,379
2010B2PS0941G,2010,292
2010A7PS0981G,2010,285
2007B2PS0824G,2007,182
2007B5TS0473G,2007,181
2011AAPS0641G,2011,324
2011B1PS0038P,2011,301
2008A4TS0578H,2008,245
2009A3TS0483G,2009,272
2010B3TS0970H,2010,297
2006B1PS0735G,2006,153
2014B3TS0915H,2014,399
2011A7TS0043P,2011,306
2017B5TS0665P,2017,462
2022A7PS0862P,2022,688
2020B2PS0576H,2020,599
2024B5TS0301P,2024,752
2007AATS0353G,2007,190
2022A1PS0337P,2022,664
2023AATS0510H,2023,718
2018B4TS0347G,2018,480
2009A3PS0375P,2009,265
2020A1TS0006H,2020,584
2017A7TS0365H,2017,464
2005B1TS0879P,2005,147
2006B2TS0958H,2006,156
2018B2PS0090H,2018,489
2008B5PS0161P,2008,228
2011B4TS0488H,2011,321
2015A7PS0268G,2015,411
2011B3TS0013G,2011,316
2004B1PS0449P,2004,112
2005A1TS0870H,2005,147
2004A1TS0196H,2004,100
2014A7TS0542H,2014,393
2009A7TS0663H,2009,271
2015A7TS0029P,2015,417
2018B1TS0371H,2018,478
2021B2PS0198H,2021,622
2024A1PS0054H,2024,806
2019B5PS0203H,2019,535
2023A3PS0625H,2023,732
2012A3TS0142H,2012,342
2007A7TS0825P,2007,199
2005A8TS0857G,2005,135
2008B1PS0037G,2008,248
2005B4TS0941H,2005,141
2007B2PS0417H,2007,176
2020A8TS0908P,2020,559
2011AATS0099P,2011,304
2013B3TS0916P,2013,367
2016AATS0963H,2016,432
2019B5TS0941H,2019,504
2014A1PS0522G,2014,399
2007A7PS0040H,2007,182
2018A1PS0871P,2018,486
2004B4TS0014P,2004,102
2010A4PS0908P,2010,279
2008B1TS0787G,2008,229
2023B1TS0492G,2023,741
2012A8PS0438P,2012,325
2018A1PS0239H,2018,494
2010B3TS0848G,2010,281
2014B4TS0222H,2014,398
2023B1TS0416P,2023,721
2020A4PS0051P,2020,562
2014A7TS0019P,2014,387
2021A1TS0334P,2021,642
2012AAPS0692P,2012,329
2005A4TS0950H,2005,132
2009B4PS0929G,2009,265
2006B3TS0765P,2006,169
2013A1TS0069P,2013,369
2012A4TS0228G,2012,347
2009A1TS0456P,2009,255
2005A4PS0371G,2005,129
2008AAPS0605P,2008,225
2014A8PS0975H,2014,378
2008A8PS0881P,2008,248
2010A4TS0631P,2010,290
2011B1TS0468H,2011,313
2004B5PS0920H,2004,108
2014B5PS0913G,2014,377
2006B3TS0862H,2006,172
2023A8PS0283G,2023,734
2007AATS0651H,2007,198
2004B1TS0873H,2004,119
2004B1PS0293P,2004,110
2007A1TS0879H,2007,177
2022B2PS0806G,2022,692
2019B1TS0457G,2019,528
2004B2PS0060P,2004,120
2019A1PS0093H,2019,535
2022B3PS0342P,2022,657
2005A7TS0886H,2005,134
2022A1TS0721G,2022,670
2005A3TS0284P,2005,142
2024A8PS0550H,2024,779
2017B4PS0602G,2017,461
2021B3PS0048G,2021,619
2024B5TS0152P,2024,787
2009A8TS0107P,2009,261
2023B1TS0225G,2023,726
2023B2PS0264P,2023,730
2007A7TS0771H,2007,196
2005B3TS0442H,2005,138
2006A7PS0367P,2006,160
2004AATS0555G,2004,109
2023A4PS0732G,2023,736
2012B5TS0442H,2012,336
2005B4TS0635G,2005,137
2019A1PS0450P,2019,506
2014B1TS0094P,2014,389
2004B1PS0915P,2004,121
2019A7PS0243H,2019,541
2006B4TS0492H,2006,155
2014A1TS0590H,2014,388
2021B3PS0162P,2021,602
2019A3PS0675G,2019,512
2013A4PS0835H,2013,359
2009A1PS0673P,2009,253
2008B5PS0872H,2008,225
2014A8TS0615P,2014,393
2019AATS0495H,2019,507
2012B4TS0772H,2012,333
2004A7PS0468H,2004,112
2020A1TS0805P,2020,569
2018A1PS0300P,2018,490
2015A3TS0600H,2015,405
2018B1PS0455H,2018,476
2018A4TS0223G,2018,499
2011A8TS0503H,2011,316
2018B1PS0170H,2018,489
2015A3TS0878P,2015,419
2008A7PS0480H,2008,227
2018B4PS0545G,2018,476
2014AAPS0819G,2014,382
2014A4TS0500H,2014,382
2010AAPS0072G,2010,298
2009A7PS0285G,2009,274
2010B1PS0009H,2010,298
2015A1TS0790G,2015,416
2008A8TS0253P,2008,225
2006B4PS0640G,2006,161
2017B1TS0888H,2017,461
2010B4TS0280G,2010,284
2015B2TS0419H,2015,414
2009B1TS0178H,2009,272
2012A7PS0930P,2012,334
2015A7PS0736P,2015,424
2009B5PS0839H,2009,257
2007AAPS0886G,2007,177
2007A1PS0899H,2007,175
2017B3PS0961G,2017,471
2009A8PS0426P,2009,262
2013A7TS0226G,2013,353
2022A8TS0021H,2022,660
2004B2PS0121H,2004,121
2017A4PS0513G,2017,469
2020A1PS0578G,2020,558
2022B2PS0971H,2022,665
2014A3TS0010G,2014,383
2009A8TS0946P,2009,263
2019A8TS0614H,2019,527
2016A7PS0290P,2016,438
2007B3TS0125G,2007,176
2018A8TS0172H,2018,494
2017A7TS0114H,2017,472
2014B4TS0809G,2014,399
2021B2TS0926P,2021,619
2023A1PS0547P,2023,746
2004A4TS0565P,2004,111
2006AATS0356P,2006,164
2014B1TS0645H,2014,385
2012B5TS0711P,2012,348
2008AATS0967G,2008,230
2018A3PS0057G,2018,489
2023A7TS0628H,2023,723
2015B5PS0908P,2015,414
2006A1PS0353G,2006,157
2016A3PS0462H,2016,433
2021A4PS0782P,2021,616
2023A3TS0975G,2023,742
2020A1TS0767P,2020,578
2012B3TS0465H,2012,326
2006B5TS0595P,2006,164
2009B1PS0218H,2009,254
2014A1PS0890H,2014,387
2006A3TS0997P,2006,172
2017A7TS0142P,2017,461
2015A3TS0826G,2015,402
2012A8PS0326H,2012,340
2016A8TS0010H,2016,428
2022B2PS0092H,2022,669
2008B3TS0496P,2008,233
2015A7TS0387H,2015,421
2008A1PS0170G,2008,249
2023A8TS0650G,2023,708
2013A8PS0499H,2013,358
2014B3PS0679H,2014,397
2011A4TS0917H,2011,323
2017A7TS0852H,2017,456
2009B2TS0605G,2009,267
2021B4PS0067G,2021,627
2015A3TS0342P,2015,410
2006A1TS0473H,2006,163
2016B3PS0560H,2016,448
2019B4TS0209G,2019,504
2007A8TS0705G,2007,194
2020A4TS0280G,2020,596
2022B5PS0818H,2022,692
2011AAPS0963H,2011,302
2016A4TS0389H,2016,444
2019AATS0912H,2019,523
2020B5TS0240H,2020,566
2005AATS0738G,2005,137
2020B3PS0219H,2020,598
2011A7TS0127G,2011,321
2007A3TS0445H,2007,184
2017A7PS0121G,2017,453
2018A3TS0719P,2018,487
2018A8PS0466P,2018,489
2024AATS0956H,2024,775
2021A7TS0335G,2021,635
2010B4PS0129P,2010,275
2022A4PS0662G,2022,693
2014A4PS0488H,2014,394
2012B3TS0237H,2012,326
2004A4PS0573G,2004,121
2008B2TS0526H,2008,226
2013B3TS0939G,2013,361
2021A4TS0782H,2021,607
2022A4PS0888H,2022,660
2010A7PS0462G,2010,276
2022B1TS0034P,2022,659
2012A3PS0722G,2012,330
2007A1TS0727H,2007,189
2018A4PS0208P,2018,492
2015A3TS0038G,2015,420
2013AATS0749P,2013,358
2007B4TS0086H,2007,191
2022B2TS0449H,2022,664
2015B4TS0967P,2015,421
2014A8TS0390G,2014,397
2008AAPS0763G,2008,231
2012B2TS0346P,2012,339
2024A8TS0324H,2024,825
2020A4PS0037H,2020,555
2009A4PS0733G,2009,268
2008B3PS0617H,2008,243
2018B5PS0768P,2018,483
2011AATS0956P,2011,305
2019B4PS0425G,2019,546
2023A4PS0842H,2023,737
2018B2TS0065H,2018,499
2010B1PS0871G,2010,287
2021AATS0227G,2021,623
2022A1TS0925P,2022,668
2024A3TS0797H,2024,849
2016B2TS0277H,2016,439
2004B5TS0012G,2004,124
2010B2PS0408P,2010,293
2016B1PS0453P,2016,431
2005B3PS0085H,2005,146
2006B3PS0804G,2006,157
2011A4PS0026P,2011,318
2021A7TS0495P,2021,626
2012A8PS0326G,2012,329
2020A3PS0553H,2020,555
2014A4PS0385H,2014,388
2013B2PS0279H,2013,371
2007A7PS0460G,2007,196
2013B1TS0115P,2013,351
2013B1PS0812P,2013,361
2014A3TS0575H,2014,395
2010A4TS0440H,2010,296
2014A8PS0008H,2014,387
2022B1TS0982P,2022,685
2021B5TS0104H,2021,642
2016AAPS0475P,2016,437
2011AATS0131H,2011,317
2004A3TS0999G,2004,119
2017B4TS0856P,2017,470
2012B4PS0879H,2012,340
2023A8PS0687G,2023,740
2011A8PS0998G,2011,304
2020B5PS0341P,2020,592
2023A7TS0424P,2023,734
2009A1PS0328G,2009,265
2019A3PS0799H,2019,541
2019A7PS0111H,2019,531
2009A3PS0947G,2009,258
2010B3PS0706P,2010,293
2005A7PS0534G,2005,133
2009A3TS0600G,2009,267
2009B3TS0245H,2009,255
2007B1TS0198H,2007,177
2011A3PS0904P,2011,322
2017A8TS0953P,2017,452
2008A8PS0415H,2008,233
2008A7TS0938G,2008,228
2017B4TS0611G,2017,462
2017A1PS0583G,2017,455
2015A7TS0300P,2015,401
2023A4PS0888P,2023,715
2016A3TS0703H,2016,428
2008B1PS0051H,2008,230
2013A8TS0240P,2013,362
2018B3PS0872H,2018,479
2023B4PS0251G,2023,744
2022A4TS0437H,2022,678
2009B3PS0008G,2009,272
2024A3TS0604H,2024,829
2006B1TS0115G,2006,153
2008B1PS0221G,2008,249
2022A7PS0129P,2022,661
2019B3PS0342H,2019,527
2021A3PS0112H,2021,618
2007B2PS0529P,2007,183
2017B1TS0428P,2017,461
2023B2PS0851P,2023,731
2011A7PS0924P,2011,317
2023A3PS0697H,2023,739
2012B4TS0144H,2012,339
2022A4TS0948P,2022,667
2007A4PS0490H,2007,196
2013A4PS0184G,2013,371
2009A3TS0677G,2009,259
2017A4TS0017H,2017,455
2018A3TS0152G,2018,499
2015B1TS0162H,2015,406
2024A1PS0865G,2024,839
2014B5PS0043H,2014,380
2007B1PS0167G,2007,190
2010B3TS0626G,2010,288
2007B4PS0193H,2007,196
2019A3TS0369H,2019,539
2010A4PS0679P,2010,285
2012B1PS0245G,2012,334
2021A8TS0107P,2021,604
2014B4TS0798G,2014,377
2024B4TS0703H,2024,816
2004A4PS0718P,2004,109
2010B3TS0640G,2010,279
2023A8PS0785G,2023,732
2011A7TS0995P,2011,305
2009B5TS0861H,2009,256
2012A4TS0994G,2012,326
2006A7PS0321G,2006,155
2018B1TS0376H,2018,480
2013A7TS0443G,2013,367
2015A1TS0430G,2015,411
2023A8TS0952P,2023,720
2009AAPS0821G,2009,268
2008B3PS0958P,2008,248
2024B2TS0692P,2024,776
2013B5TS0935G,2013,369
2010A4PS0644H,2010,278
2004B5TS0367P,2004,117
2008A1PS0553H,2008,246
2006B4TS0541G,2006,161
2022A8TS0267P,2022,657
2020AAPS0213P,2020,586
2012A7PS0181H,2012,336
2024A7PS0300P,2024,801
2006A3PS0569H,2006,164
2020A7PS0571P,2020,551
2020A1PS0313G,2020,574
2006A3PS0304G,2006,160
2014B1TS0556P,2014,377
2008B2PS0802P,2008,226
2019B4TS0024G,2019,524
2007A8PS0190H,2007,180
2009A4PS0494H,2009,256
2012B2TS0649P,2012,334
2022B4PS0719P,2022,678
2006A1TS0854P,2006,173
2015B4PS0622P,2015,414
2009B5TS0503H,2009,261
2014AATS0718P,2014,376
2004A4TS0296P,2004,120
2008A4PS0041G,2008,235
2007A7PS0927G,2007,196
2011A1TS0120H,2011,316
2014B1TS0219H,2014,376
2006B2PS0212G,2006,150
2021A7TS0230G,2021,640
2020AAPS0073H,2020,584
2009A7PS0854P,2009,253
2005A8PS0591P,2005,128
2019A8PS0471P,2019,525
2006A1PS0684P,2006,154
2017A8TS0505P,2017,468
2023B2PS0323H,2023,745
2024A1TS0314H,2024,753
2019B1PS0684G,2019,516
2009B2PS0070P,2009,272
2017B2TS0769G,2017,461
2010B1TS0433H,2010,277
2023B5PS0440G,2023,702
2023B5TS0779P,2023,741
2018AATS0725P,2018,497
2021B2TS0444G,2021,607
2006A7TS0616G,2006,157
2007A4PS0027H,2007,186
2005B1PS0068G,2005,138
2005B1TS0507P,2005,142
2010B1PS0530P,2010,295
2016A4PS0908H,2016,436
2014B3TS0086P,2014,399
2015A1TS0276H,2015,409
2023B4PS0634H,2023,711
2018B5PS0074P,2018,491
2015A1PS0290G,2015,421
2022B4PS0661H,2022,670
2013A3TS0338G,2013,352
2012B2TS0890P,2012,328
2023A7TS0332H,2023,731
2018B5PS0147G,2018,486
2013B5PS0734G,2013,367
2005A1PS0958G,2005,144
2020B1TS0627P,2020,584
2016B3TS0625P,2016,439
2009A8PS0836P,2009,272
2017A7TS0178P,2017,464
2022B1TS0600P,2022,661
2018B5TS0771H,2018,485
2012B5TS0522P,2012,337
2017B2TS0622G,2017,462
2010AAPS0434H,2010,295
2010A8PS0757P,2010,284
2018B3TS0642G,2018,478
2020A1PS0430G,2020,586
2023B1PS0724H,2023,747
2018B5PS0007P,2018,498
2010A8PS0372P,2010,282
2022A1PS0009G,2022,676
2004A1TS0667G,2004,123
2018AATS0634P,2018,493
2022B4PS0612H,2022,681
2004B4TS0197G,2004,109
2005B5TS0027P,2005,144
2015B5TS0638G,2015,410
2006B2PS0351H,2006,164
2010B5PS0244H,2010,293
2017B2PS0683G,2017,462
2020B3TS0545G,2020,556
2022A4PS0270P,2022,678
2005B2PS0682G,2005,125
2006A1TS0504G,2006,158
2023B5TS0759P,2023,701
2016B3TS0104G,2016,430
2018A3PS0535G,2018,490
2015B2TS0600H,2015,422
2009A7TS0751G,2009,263
2019B4PS0894P,2019,529
2020B1TS0601G,2020,576
2020B4TS0151G,2020,584
2019B2PS0202G,2019,522
2014AATS0699H,2014,395
2011A4PS0908P,2011,319
2015A7TS0703G,2015,422
2005A3PS0984G,2005,135
2004A4TS0912H,2004,119
2017AAPS0990G,2017,454
2020A3TS0706G,2020,598
2014B3TS0162H,2014,394
2016B2TS0899H,2016,434
2004A1PS0333P,2004,109
2020AAPS0306H,2020,552
2017B2TS0429H,2017,466
2021A4PS0483H,2021,643
2004A8TS0364H,2004,106
2009AATS0956H,2009,273
2010B2TS0214P,2010,299
2021A7PS0045P,2021,616
2024A8TS0293G,2024,772
2006A3TS0192H,2006,170
2018A3TS0202P,2018,491
2016A1PS0568H,2016,447
2010AATS0998H,2010,291
2021B4PS0606G,2021,615
2018A1PS0894G,2018,485
2017A8TS0214P,2017,462
2006A4PS0294P,2006,174
2007A8PS0095H,2007,191
2016A7PS0339G,2016,434
2024B5PS0738P,2024,813
2010B2TS0548P,2010,295
2013A3TS0272P,2013,364
2004A1TS0366H,2004,112
2022AAPS0368G,2022,677
2014A8TS0244G,2014,387
2024A7TS0915P,2024,794
2009AAPS0280G,2009,271
2008B2PS0735P,2008,225
2010B5PS0502H,2010,284
2021B1PS0885P,2021,649
2021A3PS0461P,2021,634
2009A8TS0273P,2009,267
2022A4PS0798P,2022,680
2018A8TS0957P,2018,488
2008A7PS0117H,2008,242
2014AAPS0676H,2014,399
2012B2PS0404H,2012,329
2010A7PS0134G,2010,285
2004B5PS0590P,2004,104
2018A4PS0650G,2018,483
2010B2PS0966H,2010,299
2023B2TS0205G,2023,702
2015AATS0520H,2015,406
2013A3PS0274H,2013,366
2011B5TS0047P,2011,316
2005A4TS0518H,2005,125
2010A8PS0551G,2010,279
2023AATS0676P,2023,749
2024A4TS0576P,2024,840
2004B2PS0166P,2004,109
2016A3TS0274G,2016,433
2019A8TS0408G,2019,538
2016AATS0607H,2016,434
2023B5PS0076G,2023,713
2007AATS0370H,2007,199
2014A4PS0302P,2014,395
2010B5PS0692H,2010,293
2008A8PS0917P,2008,232
2011B2PS0745H,2011,302
2006B3TS0838G,2006,174
2016A4PS0426H,2016,438
2015A1TS0854P,2015,408
2023B5PS0607P,2023,740
2005A8PS0603G,2005,131
2010B3TS0895P,2010,286
2020B5PS0444H,2020,571
2010B2PS0299H,2010,281
2007B2TS0028P,2007,182
2014A4TS0310H,2014,394
2018AAPS0291P,2018,497
2018A3TS0682P,2018,490
2004A4TS0426G,2004,115
2022A7TS0665G,2022,666
2017B1TS0285P,2017,452
2023B4PS0177P,2023,736
2010A4PS0096G,2010,281
2006A4PS0354G,2006,159
2019A4PS0716G,2019,538
2009A8PS0548H,2009,269
2012A4TS0466G,2012,346
2015B1PS0191G,2015,405
2005A4PS0930H,2005,131
2009A4TS0207G,2009,254
2012B2TS0979P,2012,332
2005B5PS0141P,2005,128
2009A8TS0681H,2009,253
2013B2TS0508H,2013,369
2007A8TS0613P,2007,175
2022B3TS0006G,2022,690
2005A1PS0237G,2005,148
2014B4TS0531G,2014,399
2024B2PS0639P,2024,813
2010B5TS0449H,2010,276
2022B1TS0150H,2022,667
2011AATS0103P,2011,315
2011A3PS0352P,2011,306
2018A4PS0045G,2018,499
2019A4PS0430P,2019,502
2024A7PS0162G,2024,835
2022AATS0584H,2022,686
2018A7TS0184P,2018,486
2019A3PS0105G,2019,510
2010A7PS0135G,2010,292
2008AATS0993P,2008,240
2022B4PS0654H,2022,676
2008B1PS0171H,2008,248
2008A4PS0566H,2008,237
2016A1PS0447P,2016,433
2009B2TS0137P,2009,263
2019AAPS0002G,2019,521
2010B5TS0482H,2010,293
2010B1TS0621H,2010,281
2013A7TS0337H,2013,369
2009A1PS0012G,2009,254
2004A1TS0507H,2004,106
2012A7TS0605P,2012,328
2019A8TS0366P,2019,505
2018B1PS0498H,2018,478
2018B2TS0620G,2018,479
2021B4PS0361G,2021,634
2024AATS0007H,2024,815
2019B3TS0512G,2019,514
2010B3PS0637G,2010,297
2005B5PS0122G,2005,147
2016B3PS0562G,2016,431
2012B5TS0163H,2012,344
2008AAPS0922G,2008,232
2010B3TS0371G,2010,279
2021A7PS0270P,2021,602
2016AAPS0903P,2016,435
2022A4PS0031G,2022,659
2009A3TS0453P,2009,274
2013A3PS0324H,2013,363
2011A8PS0048G,2011,312
2006B4PS0270H,2006,174
2004B5TS0776P,2004,116
2015B3TS0771H,2015,416
2013AATS0532H,2013,369
2013A4TS0629H,2013,368
2020B4PS0173P,2020,577
2012A8PS0410P,2012,343
2007A7TS0812P,2007,187
2017B5PS0838H,2017,474
2005B5PS0425H,2005,137
2009AATS0160P,2009,266
2019B4PS0576P,2019,528
2005AAPS0506P,2005,131
2019B5TS0795H,2019,512
2017B4PS0749G,2017,466
2021A8PS0828H,2021,615
2020A7TS0051G,2020,568
2019A4TS0143H,2019,505
2014B1TS0122H,2014,398
2017B3TS0260G,2017,461
2016B4PS0436P,2016,443
2010A3PS0434H,2010,294
2011A8PS0178H,2011,304
2012A8PS0147G,2012,340
2018B3PS0601P,2018,495
2013A1TS0029G,2013,355
2018A3TS0130G,2018,498
2011A3TS0742H,2011,311
2004A1TS0730G,2004,101
2022A8PS0839G,2022,670
2008B2TS0179H,2008,237
2007B2TS0019H,2007,195
2012A3TS0303H,2012,349
2009B3PS0040G,2009,257
2020B1PS0758P,2020,599
2024AAPS0539P,2024,763
2019B1PS0378G,2019,517
2016B2TS0581G,2016,438
2022AAPS0356P,2022,653
2008A3PS0546G,2008,236
2005A4PS0048P,2005,142
2004A4PS0293H,2004,117
2007A4PS0673G,2007,190
2014A8TS0056G,2014,397
2017A4TS0296P,2017,451
2005A7PS0740G,2005,140
2013B5PS0815P,2013,354
2021A4PS0619H,2021,619
2015B1PS0609H,2015,409
2010B1PS0101G,2010,299
2014B4TS0015G,2014,398
2006B4PS0867P,2006,155
2015A1PS0911G,2015,406
2014B5TS0619P,2014,391
2012A7TS0494P,2012,348
2024A4PS0815G,2024,838
2024B2TS0187P,2024,763
2016A1TS0561P,2016,430
2021A1TS0547P,2021,644
2018A1TS0185H,2018,490
2023A1PS0109P,2023,748
2011AAPS0364P,2011,320
2018A8PS0715P,2018,488
2024B5PS0903G,2024,761
2011AATS0174H,2011,302
2024A7PS0610P,2024,764
2010A8TS0250P,2010,298
2004B4TS0211G,2004,124
2013A1PS0537G,2013,351
2008AATS0608H,2008,226
2009A7PS0715P,2009,250
2024B5TS0279H,2024,847
2016B5PS0908G,2016,441
2009A8TS0495H,2009,270
2024A4PS0003G,2024,756
2011AAPS0747G,2011,307
2009B3TS0967G,2009,252
2016A3PS0342G,2016,426
2022B4TS0657P,2022,684
2024B1PS0747H,2024,807
2007A7TS0775H,2007,183
2010B4PS0678P,2010,292
2010A1PS0587H,2010,286
2011B2TS0921H,2011,301
2012B2PS0739H,2012,341
2008B3TS0079H,2008,229
2016A3TS0732H,2016,440
2009AAPS0221H,2009,273
2019A4PS0765G,2019,507
2018A3PS0641H,2018,486
2018A3TS0455G,2018,499
2006A1TS0994G,2006,159
2005B2TS0994H,2005,128
2013B4PS0066G,2013,374
2024B1PS0529P,2024,811
2004A8PS0465G,2004,113
2013AAPS0627H,2013,364
2004B2PS0479P,2004,124
2024B5TS0702H,2024,782
2014B4TS0387H,2014,393
2012B1PS0662G,2012,343
2006B3TS0261G,2006,163
2014A3PS0437P,2014,388
2006AAPS0930P,2006,155
2006B4TS0640H,2006,158
2008A1PS0316G,2008,237
2012B3TS0779G,2012,331
2014A1PS0413G,2014,393
2004A4PS0139G,2004,116
2007B4TS0504H,2007,182
2014A3TS0027H,2014,390
2017B4PS0906G,2017,464
2008B5PS0690H,2008,232
2024B5TS0781G,2024,758
2011B2PS0457G,2011,318
2009B4PS0799H,2009,270
2010A1PS0405P,2010,291
2024B2TS0147H,2024,803
2017A1PS0813G,2017,472
2010A7PS0196G,2010,297
2014A1TS0696P,2014,377
2013B4PS0251P,2013,354
2020A7PS0912P,2020,582
2004B4TS0181H,2004,103
2018A7TS0560G,2018,494
2006B1PS0001P,2006,156
2017A8PS0212H,2017,451
2024A7PS0372P,2024,797
2018B2PS0175P,2018,498
2006A7TS0677H,2006,156
2024B3TS0352H,2024,822
2016B2TS0357H,2016,435
2016B3TS0219G,2016,425
2005B4PS0209G,2005,132
2016AATS0914G,2016,435
2020B4PS0578G,2020,572
2009B4TS0717H,2009,264
2005B1PS0246G,2005,127
2006A8TS0504P,2006,162
2024A7PS0001P,2024,836
2012B4TS0900P,2012,338
2017B4TS0446H,2017,468
2017B3PS0447G,2017,470
2023A8TS0071P,2023,731
2015A4TS0365H,2015,400
2009A4PS0500G,2009,258
2017B2PS0646P,2017,471
2023A8TS0394H,2023,704
2010A8PS0284G,2010,293
2014B1TS0844G,2014,396
2016A1TS0569H,2016,444
2016B4TS0111H,2016,447
2008B2TS0418P,2008,247
2021B4TS0883H,2021,645
2014B3TS0032P,2014,385
2007AATS0038H,2007,196
2004B2PS0591G,2004,109
2015AAPS0561H,2015,408
2020A7PS0310G,2020,587
2017A4TS0080P,2017,473
2023AATS0892G,2023,710
2021B1PS0160H,2021,607
2017A7PS0452G,2017,474
2021AATS0028H,2021,634
2011A4PS0262H,2011,309
2014A4TS0830G,2014,383
2010A1PS0536H,2010,275
2009A8PS0059H,2009,258
2021A8PS0109P,2021,624
2006A1TS0551P,2006,155
2019B5PS0504G,2019,512
2005B1PS0399G,2005,127
2011B3TS0912H,2011,324
2014B4TS0305H,2014,390
2024A3PS0295P,2024,783
2004B4TS0631H,2004,116
2018A8PS0355P,2018,475
2023B3TS0863G,2023,721
2021B4TS0090H,2021,636
2007A7PS0996H,2007,199
2009B3PS0443H,2009,252
2010AAPS0319P,2010,293
2017B5TS0727P,2017,456
2014A8TS0441G,2014,379
2007A7TS0402H,2007,180
2007B5TS0230G,2007,180
2023A3PS0370H,2023,739
2023A4PS0302H,2023,725
2020B4TS0822G,2020,553
2012B5TS0637H,2012,332
2019A7PS0120G,2019,503
2015B5TS0120G,2015,401
2020B2PS0945H,2020,587
2007B2TS0962H,2007,177
2013B4PS0512P,2013,351
2012A1TS0200H,2012,337
2011B1TS0364G,2011,318
2024A7TS0492G,2024,848
2012B4PS0307H,2012,327
2024A4PS0407H,2024,775
2014B2PS0921H,2014,382
2007A3TS0872H,2007,177
2010A4TS0738P,2010,293
2016A3TS0165H,2016,449
2012B4TS0350G,2012,342
2007B1TS0293H,2007,177
2020B5TS0757P,2020,576
2024B5PS0026G,2024,810
2016B3PS0281H,2016,447
2010B2TS0285P,2010,293
2018B1TS0605G,2018,484
2008A3PS0329H,2008,242
2013B5TS0882G,2013,356
2005AATS0883H,2005,138
2019B3TS0404P,2019,519
2013A3TS0676P,2013,367
2024A4TS0240P,2024,758
2015B1TS0527H,2015,421
2016A7TS0174G,2016,434
2012A8PS0880P,2012,339
2017A1TS0926G,2017,460
2011A7PS0619G,2011,306
2015B1TS0375H,2015,415
2023B5TS0007P,2023,712
2021B4TS0543G,2021,635
2004A1TS0087H,2004,101
2008B5TS0102P,2008,235
2006B2TS0049P,2006,172
2013B3PS0441P,2013,368
2009B5TS0148G,2009,260
2014A4TS0983H,2014,392
2019A1TS0303P,2019,530
2009B5TS0796H,2009,251
2006B1PS0820P,2006,150
2006B2TS0033P,2006,161
2013B3TS0679H,2013,363
2005AATS0150H,2005,141
2020B1PS0425G,2020,565
2005AAPS0480G,2005,149
2021A3PS0739P,2021,617
2014A8PS0789G,2014,380
2013B1PS0438G,2013,371
2016AATS0964P,2016,444
2022A4TS0989H,2022,667
2007AATS0212H,2007,196
2009B1PS0582G,2009,270
2021A7PS0218H,2021,606
2010B3TS0887G,2010,287
2009AAPS0753G,2009,250
2009AAPS0567G,2009,261
2014A8PS0458P,2014,397
2005A8TS0040G,2005,145
2006A1PS0876G,2006,166
2010B3PS0590G,2010,296
2020A8PS0318H,2020,565
2023AATS0091G,2023,719
2019B4TS0177G,2019,513
2024B2PS0531H,2024,833
2004A1TS0652P,2004,118
2012A4TS0565G,2012,347
2008B3PS0564G,2008,248
2012A4TS0378H,2012,331
2011AATS0571P,2011,304
2019B1PS0540H,2019,504
2012A1PS0711P,2012,336
2006B5TS0016P,2006,171
2022B2TS0042H,2022,651
2022AAPS0625H,2022,690
2024A4TS0374H,2024,808
2008AATS0707G,2008,247
2017AATS0681H,2017,452
2014B3PS0034H,2014,381
2007B4TS0913G,2007,181
2017AAPS0140P,2017,454
2019B5TS0863G,2019,516
2016B1PS0611H,2016,449
2014A1TS0730P,2014,393
2022A4TS0662G,2022,665
2013A3TS0371G,2013,352
2022A1TS0328P,2022,676
2017B3PS0207G,2017,455
2018B5PS0135P,2018,495
2013A1TS0807P,2013,373
2023B2PS0409G,2023,715
2019A8PS0466G,2019,534
2019B5PS0052H,2019,504
2004A3TS0949P,2004,104
2014B3PS0028H,2014,397
2005B2PS0273P,2005,125
2018AATS0859G,2018,487
2015A3TS0569G,2015,414
2016B5PS0715H,2016,443
2004B3PS0754H,2004,121
2023A1PS0110H,2023,716
2005A8PS0280G,2005,138
2021AATS0317P,2021,602
2007AATS0502H,2007,177
2006B1TS0497H,2006,157
2015B5TS0047G,2015,409
2007B2PS0117G,2007,193
2007B2TS0321P,2007,195
2022A3TS0146P,2022,699
2013B2TS0670P,2013,353
2016A7TS0853P,2016,431
2014B3TS0752G,2014,383
2015A7PS0074P,2015,407
2013B3TS0711H,2013,352
2015A4TS0182G,2015,411
2011A4PS0951G,2011,314
2014A4PS0742P,2014,396
2009A7PS0326P,2009,264
2018A8PS0906G,2018,480
2017A7TS0854G,2017,462
2006B4PS0048G,2006,166
2008A4TS0653G,2008,230
2015A4TS0712P,2015,400
2006B4TS0832P,2006,160
2010A7TS0085P,2010,290
2009B2TS0543P,2009,252
2017A8TS0505P,2017,462
2015AATS0016H,2015,413
2022A8PS0399H,2022,684
2009A8TS0877G,2009,265
2013A3PS0039G,2013,364
2011B4TS0223H,2011,310
2021B1PS0218H,2021,620
2020A8PS0761H,2020,577
2022B4PS0268G,2022,687
2009AATS0818H,2009,251
2007AAPS0789H,2007,187
2004AAPS0479P,2004,115
2006A3PS0327H,2006,169
2006A8PS0612H,2006,169
2015A4TS0185P,2015,411
2006B2TS0211H,2006,169
2019B3PS0676P,2019,543
2017A7PS0274H,2017,451
2017B3PS0418H,2017,456
2020A4TS0320H,2020,595
2008B2TS0202H,2008,247
2015AAPS0558H,2015,416
2005A8TS0963H,2005,149
2010A1PS0454P,2010,278
2011A4PS0316G,2011,320
2019A8PS0871P,2019,518
2024B1TS0751G,2024,836
2009A7TS0597H,2009,256
2024A1TS0387G,2024,791
2008A1PS0571G,2008,243
2006A1TS0946G,2006,173
2024A7PS0322P,2024,755
2022B5PS0842P,2022,656
2021B3TS0999H,2021,644
2015A1TS0517G,2015,423
2005B2TS0182G,2005,125
2006B1TS0249P,2006,152
2011B3PS0176P,2011,301
2021B1PS0687G,2021,619
2018A1TS0071P,2018,481
2014A8PS0910G,2014,391
2019B2TS0644G,2019,515
2022A7PS0753P,2022,684
2010B2TS0723G,2010,287
2005A8PS0056P,2005,148
2019B2TS0709G,2019,505
2009A7TS0903H,2009,263
2020A7TS0361H,2020,564
2020B3TS0269P,2020,559
2009AATS0547H,2009,268
2013AATS0538H,2013,355
2024B3PS0693H,2024,772
2015B1PS0412G,2015,410
2009A1TS0641G,2009,273
2006B4TS0158H,2006,169
2021A4TS0427P,2021,640
2007A8PS0506P,2007,192
2015A3TS0745H,2015,408
2021A7PS0890P,2021,604
2009B2PS0407P,2009,274
2019B2TS0721P,2019,527
2018A3PS0500H,2018,477
2004A8TS0669P,2004,121
2014B3PS0108H,2014,376
2009B3TS0863H,2009,251
2015A4PS0343G,2015,405
2013AAPS0383P,2013,369
2022B4TS0905G,2022,652
2024AAPS0676P,2024,764
2012B5TS0643G,2012,348
2021A7PS0923G,2021,639
2006B5PS0308G,2006,157
2020B2PS0678P,2020,558
2014B1TS0664P,2014,386
2015B2TS0341H,2015,405
2005A3TS0661P,2005,131
2005B4PS0487H,2005,145
2008B1PS0157H,2008,245
2012A4TS0860P,2012,341
2019A3TS0952P,2019,511
2012B4TS0130H,2012,333
2022B4TS0710G,2022,662
2014A7PS0899G,2014,375
2017A7TS0404H,2017,473
2016A7PS0981G,2016,438
2014A7PS0067H,2014,393
2005A1PS0164G,2005,147
2010A7TS0459P,2010,294
2024B5PS0567H,2024,760
2017B4PS0363H,2017,471
2024A1PS0934H,2024,802
2013B2TS0942P,2013,369
2009A4TS0889H,2009,264
2005A3PS0658G,2005,149
2020AATS0785P,2020,593
2017A7TS0712H,2017,472
2014A1TS0505P,2014,395
2020AAPS0892P,2020,599
2010A8TS0690P,2010,292
2009B2PS0091P,2009,266
2006B5TS0146H,2006,153
2017A1PS0254G,2017,470
2013A4PS0767G,2013,357
2022B5PS0174G,2022,671
2012AATS0206P,2012,342
2008A3TS0815H,2008,247
2021A7PS0316P,2021,621
2014B1TS0016H,2014,398
2023B5PS0191P,2023,742
2023A4TS0817G,2023,717
2014B1TS0290H,2014,394
2018A7PS0868H,2018,498
2004B4PS0522H,2004,103
2015B4TS0047G,2015,402
2011A3TS0073P,2011,318
2019A7PS0134G,2019,522
2011B1PS0798G,2011,314
2014A7TS0870G,2014,384
2009A4TS0267G,2009,271
2004B2TS0671G,2004,119
2016A4PS0449G,2016,434
2023A7TS0683H,2023,711
2004A1TS0593P,2004,124
2019B3TS0267H,2019,505
2010A3TS0984H,2010,295
2019B5TS0226H,2019,533
2024B3TS0364P,2024,767
2023A7PS0462G,2023,701
2004A3TS0815P,2004,114
2015B4TS0779H,2015,408
2021A8TS0253G,2021,633
2022A7TS0793P,2022,652
2007A1TS0856G,2007,187
2006AATS0501G,2006,153
2006B5PS0961H,2006,157
2014A3PS0455H,2014,385
2011A3TS0091P,2011,313
2004B2PS0493H,2004,123
2019A4TS0856G,2019,517
2009A8TS0488P,2009,255
2019B2PS0879H,2019,541
2010A7PS0397G,2010,280
2013B2TS0665H,2013,357
2023A4TS0968G,2023,725
2023B5TS0046G,2023,745
2023B1TS0225H,2023,741
2016A7PS0767G,2016,445
2013AATS0607H,2013,364
2017A8TS0782P,2017,456
2021B3PS0620H,2021,635
2021B2PS0520G,2021,615
2004A8TS0048P,2004,115
2014A4TS0282H,2014,379
2017A3TS0106P,2017,464
2010B5PS0879H,2010,286
2011B3TS0858G,2011,311
2012B3PS0590P,2012,331
2011A7PS0202P,2011,310
2016A4PS0170P,2016,443
2024B5TS0277P,2024,763
2018A1TS0709P,2018,478
2005A1PS0061G,2005,139
2004B4TS0170P,2004,117
2019B3TS0294G,2019,549
2015B5TS0701G,2015,408
2013B2TS0674H,2013,373
2022B1PS0875H,2022,662
2019A4PS0861H,2019,541
2020A3TS0606G,2020,561
2005B4PS0665G,2005,148
2013A7TS0151P,2013,361
2011A7TS0375G,2011,312
2018B3PS0695H,2018,486
2010B2PS0242G,2010,288
2015A1TS0614H,2015,416
2009B5TS0764P,2009,266
2004B4TS0544H,2004,123
2020B5TS0822G,2020,593
2007A4TS0837G,2007,198
2014A7TS0268H,2014,380
2006A7PS0332H,2006,153
2014AAPS0533P,2014,375
2023B4TS0184P,2023,735
2005AAPS0830H,2005,145
2013B5PS0974G,2013,352
2021B5PS0861P,2021,609
2014B3PS0088G,2014,377
2006B3PS0160P,2006,157
2012B1TS0812G,2012,337
2021B2TS0489P,2021,608
2009AATS0106P,2009,270
2004B3PS0351G,2004,121
2014B1TS0133G,2014,394
2018B4TS0400P,2018,479
2024B3PS0857G,2024,849
2014A4PS0211G,2014,376
2013A3PS0709G,2013,369
2024A1PS0250H,2024,827
2010A4TS0232H,2010,287
2021B3TS0386H,2021,645
2014A3TS0187H,2014,378
2023A8PS0520H,2023,706
2007A4TS0839H,2007,182
2010B5PS0559P,2010,288
2012A1TS0119H,2012,342
2021A3TS0020P,2021,614
2015A8TS0045P,2015,411
2015A8PS0939P,2015,417
2024A1TS0673P,2024,828
2022B4PS0717G,2022,688
2006B5PS0757G,2006,167
2021B3PS0514G,2021,647
2022AAPS0356G,2022,696
2015B1TS0837G,2015,402
2017A1PS0323P,2017,454
2007B5PS0294P,2007,178
2007B2PS0218H,2007,199
2009A7TS0382H,2009,274
2015B5PS0138H,2015,413
2012AATS0659H,2012,349
2008B5PS0601H,2008,238
2013A3PS0290H,2013,366
2011B4PS0813P,2011,316
2009B5PS0950G,2009,264
2013B2PS0501P,2013,359
2013B4TS0866H,2013,356
2013B2TS0340G,2013,361
2014B3TS0176G,2014,379
2016B4TS0205G,2016,447
2004B3TS0259H,2004,102
2014B4TS0732P,2014,393
2019A1TS0267P,2019,511
2007A8TS0546H,2007,189
2013B3TS0018P,2013,371
2020B3PS0616P,2020,576
2020A4TS0589G,2020,580
2018B5TS0380P,2018,480
2023A1PS0798H,2023,708
2014A4PS0341G,2014,386
2005B3TS0154G,2005,131
2018A8TS0938H,2018,480
2024AAPS0580P,2024,813
2024A3TS0904P,2024,839
2011B3TS0349G,2011,312
2020B2PS0283G,2020,560
2008A4TS0293P,2008,242
2022B3PS0257P,2022,694
2019B3TS0448P,2019,525
2010AATS0520G,2010,299
2007B3PS0690G,2007,176
2018A8TS0583G,2018,494
2015A8TS0263G,2015,423
2011A4PS0034H,2011,311
2015A3PS0749P,2015,419
2017B4TS0709P,2017,463
2011B2PS0376P,2011,309
2006B1PS0739H,2006,160
2008B2TS0736H,2008,245
2021A8PS0281G,2021,609
2007B5PS0885P,2007,185
2008A3PS0125H,2008,230
2014AAPS0121G,2014,383
2018B4PS0472G,2018,489
2004B1PS0661G,2004,103
2020A4TS0881H,2020,587
2022A3TS0939H,2022,689
2018A8PS0826P,2018,492
2018A8TS0048H,2018,490
2014AATS0810H,2014,392
2014A8PS0446H,2014,382
2013B2TS0084P,2013,367
2010A7TS0001G,2010,281
2017B5PS0856P,2017,468
2007B2TS0582P,2007,175
2004AATS0161P,2004,100
2022B1TS0927P,2022,657
2008A4TS0811H,2008,228
2016B2TS0151P,2016,440
2018A1TS0023P,2018,489
2024A8TS0250P,2024,813
2017A7TS0371H,2017,464
2008B3TS0769P,2008,228
2020B2PS0055G,2020,591
2024AAPS0554H,2024,803
2012B5PS0349H,2012,333
2016B2PS0632P,2016,439
2013B4TS0550H,2013,367
2012B3TS0041G,2012,332
2015A8PS0564H,2015,424
2018AATS0609H,2018,486
2024B2PS0305G,2024,803
2010AAPS0530H,2010,292
2015A4TS0182G,2015,413
2010A8PS0126H,2010,295
2011A1TS0414H,2011,319
2019A8PS0134G,2019,514
2005B1TS0741G,2005,135
2007B1PS0597G,2007,199
2022A3PS0470P,2022,672
2023B5PS0380G,2023,744
2017A7PS0968H,2017,473
2006B4PS0834P,2006,156
2013B4PS0371P,2013,370
2022A7PS0245P,2022,677
2006AAPS0550P,2006,170
2012AAPS0445G,2012,338
2018A1TS0667G,2018,485
2018AAPS0488G,2018,498
2013A7TS0357G,2013,355
2004A4PS0112P,2004,106
2011B3PS0231G,2011,309
2014A4TS0561P,2014,388
2005B5TS0558G,2005,128
2008A7TS0235H,2008,234
2012A1TS0008P,2012,334
2015A3PS0853P,2015,405
2004A1PS0554H,2004,120
2008B4PS0002H,2008,228
2005A1TS0906H,2005,142
2019A8TS0714H,2019,521
2023A3TS0398H,2023,712
2012AAPS0335G,2012,344
2013B4TS0561H,2013,358
2016A7TS0002H,2016,436
2021A8PS0744H,2021,600
2014A3TS0559P,2014,383
2018AATS0980H,2018,486
2015B2PS0933H,2015,406
2016A7TS0605H,2016,434
2006B4TS0760P,2006,172
2018B5PS0394P,2018,488
2008B5PS0824P,2008,229
2008B3PS0398P,2008,249
2020B2PS0395G,2020,596
2008A3PS0819H,2008,247
2016B1TS0623H,2016,430
2021A3PS0196P,2021,617
2005B3TS0274P,2005,125
2022A3PS0109G,2022,691
2013A3PS0025H,2013,363
2019B1TS0209P,2019,549
2012A4PS0250H,2012,348
2017B5PS0819H,2017,459
2010B1TS0667G,2010,297
2005A1TS0171G,2005,131
2011A8TS0141G,2011,319
2017B4PS0456P,2017,461
2023A7TS0487P,2023,736
2013A3PS0856G,2013,362
2022A1TS0427P,2022,669
2015B2PS0607G,2015,407
2015B2PS0196P,2015,411
2024B2TS0219G,2024,790
2007B1PS0125G,2007,199
2009A4PS0201P,2009,271
2018B4TS0568G,2018,492
2023A3PS0994G,2023,745
2022B4PS0371H,2022,684
2010A3TS0631G,2010,295
2010A8PS0349G,2010,285
2011A1TS0502H,2011,323
2019B5TS0178G,2019,540
2004B3TS0143P,2004,110
2006B3TS0526P,2006,164
2004B2TS0944G,2004,120
2020B5PS0479H,2020,559
2014A4TS0323H,2014,382
2011B5TS0653P,2011,313
2007A8TS0618H,2007,186
2007B4PS0518H,2007,198
2017B2TS0312H,2017,451
2013A7PS0811H,2013,363
2005B2PS0414H,2005,127
2014A3TS0849P,2014,391
2009A7PS0649G,2009,259
2011A4PS0672P,2011,320
2010B5PS0198H,2010,283
2021A7PS0496H,2021,638
2010A3TS0002G,2010,295
2013AAPS0586G,2013,361
2015A1TS0113H,2015,407
2004B4PS0815P,2004,105
2014A1PS0182G,2014,388
2015A7TS0681H,2015,403
2011B2TS0308G,2011,307
2018A8PS0201G,2018,476
2013A4TS0097H,2013,359
2016AAPS0239P,2016,429
2014B5TS0250H,2014,382
2012A8TS0947H,2012,335
2022A4TS0048G,2022,655
2019AATS0953H,2019,531
2021A4TS0866P,2021,625
2011A7TS0970H,2011,323
2024B5TS0151G,2024,761
2024A1TS0618G,2024,776
2021B2TS0322G,2021,615
2013B4PS0601G,2013,372
2009AATS0210P,2009,259
2016AAPS0737G,2016,447
2009A8TS0452H,2009,259
2018AATS0457G,2018,480
2017B3PS0566P,2017,454
2017B1PS0919G,2017,459
2007AAPS0809G,2007,186
2023AAPS0485P,2023,722
2004A8PS0794P,2004,100
2011A8PS0710G,2011,300
2004A8TS0285P,2004,121
2010B4PS0227P,2010,281
2010B1PS0121H,2010,288
2009B2PS0018P,2009,252
2016B1TS0302G,2016,448
2004B1TS0775H,2004,115
2016A8PS0331G,2016,432
2022A4PS0437G,2022,669
2010AAPS0702P,2010,296
2017A4PS0625G,2017,457
2005B4TS0883H,2005,143
2012A8PS0879H,2012,327
2022B3TS0683H,2022,652
2009A3PS0104H,2009,265
2008AATS0577G,2008,226
2019B3PS0688P,2019,523
2008B4TS0011G,2008,245
2022A1TS0996H,2022,660
2024B1TS0744P,2024,764
2024B4PS0742G,2024,782
2023A4PS0866H,2023,744
2021AAPS0675H,2021,646
2018A1TS0689H,2018,485
2021AAPS0097G,2021,640
2021AATS0898H,2021,634
2013A3PS0754G,2013,359
2019A8PS0062P,2019,514
2008B4PS0460G,2008,229
2014B5TS0593G,2014,382
2023A3TS0261H,2023,728
2024AATS0731P,2024,761
2019AATS0493P,2019,539
2021A4TS0302P,2021,649
2014B2TS0973P,2014,391
2007A1TS0922H,2007,192
2010A4TS0651G,2010,285
2007B4PS0808P,2007,195
2021A7TS0578H,2021,613
2024AATS0217P,2024,825
2009A3TS0885G,2009,260
2008B2TS0224P,2008,233
2022B4TS0793H,2022,672
2016B2PS0959P,2016,435
2008B4PS0015G,2008,246
2009A4PS0079G,2009,252
2013A8PS0006G,2013,369
2017B3TS0959H,2017,460
2007B1PS0691H,2007,186
2017B2TS0689H,2017,465
2023B1PS0810H,2023,719
2022B1TS0744G,2022,671
2020B2PS0291P,2020,567
2005A7TS0420P,2005,149
2014A1PS0534G,2014,378
2013A7TS0165H,2013,357
2007B4PS0166P,2007,196
2018A4PS0574P,2018,498
2016A4PS0979H,2016,440
2022A7PS0054H,2022,692
2010B1PS0382G,2010,296
2018AATS0950P,2018,485
2008A4PS0614G,2008,232
2011A1TS0624G,2011,318
2024A8PS0958H,2024,822
2022A7PS0096H,2022,650
2004A8PS0335P,2004,103
2014A1PS0306G,2014,392
2007B2TS0287G,2007,188
2005A8TS0181H,2005,141
2015B2PS0393H,2015,415
2005B1PS0340H,2005,134
2020A1PS0283P,2020,551
2010A7PS0766P,2010,287
2022AATS0420H,2022,688
2007B4TS0522G,2007,175
2011A1TS0627H,2011,324
2010B2TS0400G,2010,289
2013B2PS0851H,2013,367
2018B2TS0515H,2018,497
2004B4PS0947G,2004,114
2017AATS0452P,2017,465
2009A7TS0902H,2009,265
2017A8TS0062G,2017,466
2006B5PS0642P,2006,153
2005B1PS0487G,2005,137
2013B5TS0738G,2013,365
2023B2TS0680P,2023,703
2007A3TS0829P,2007,180
2020B5TS0981H,2020,593
2013A8PS0965P,2013,357
2024B1PS0336H,2024,846
2007AAPS0434H,2007,196
2007AATS0905P,2007,179
2008A7PS0555G,2008,237
2017A1PS0649P,2017,454
2014A1TS0510G,2014,386
2019A4PS0214P,2019,529
2016A4TS0821P,2016,438
2007A7PS0125P,2007,187
2014A4PS0052H,2014,388
2023B1PS0414H,2023,741
2012B4TS0810H,2012,344
2004AATS0575G,2004,102
2022AAPS0795H,2022,692
2007A4PS0335G,2007,197
2004A1PS0590G,2004,113
2013B2TS0298P,2013,358
2020A3PS0960G,2020,574
2020B3TS0983G,2020,581
2012A1TS0388G,2012,344
2022B1PS0278H,2022,672
2021B3TS0087P,2021,601
2019B5PS0613G,2019,511
2004B1PS0498P,2004,109
2006B1PS0140P,2006,162
2006A1TS0404H,2006,171
2009A7TS0961G,2009,254
2017A8TS0242H,2017,470
2014A4PS0234P,2014,377
2006A1TS0350H,2006,172
2010B1PS0674P,2010,282
2012B1PS0058G,2012,337
2014B1PS0650P,2014,390
2006B1TS0400G,2006,167
2007A4PS0920P,2007,196
2020B1TS0341G,2020,571
2012B1TS0583H,2012,326
2024B1TS0972P,2024,809
2005B3PS0942H,2005,145
2006A7PS0505H,2006,174
2019A8TS0782H,2019,510
2010A8TS0046P,2010,298
2011A7PS0146H,2011,310
2006AATS0207H,2006,162
2009B4PS0054G,2009,257
2016B4TS0468H,2016,437
2019A3TS0640G,2019,547
2006A4PS0193G,2006,174
2018A8PS0006H,2018,483
2014A3PS0353G,2014,383
2018B4PS0260P,2018,484
2005A1PS0716H,2005,131
2009A4TS0906G,2009,252
2004A7PS0501H,2004,122
2005A1PS0604G,2005,143
2020B2TS0082H,2020,593
2014B1TS0555G,2014,384
2007AATS0492P,2007,176
2011A4TS0038G,2011,317
2016A8TS0487G,2016,429
2020B3PS0942P,2020,581
2011A7TS0639P,2011,305
2015A8TS0977G,2015,420
2012A1PS0502P,2012,331
2018A8PS0472H,2018,487
2012A8PS0467G,2012,340
2004B1PS0925G,2004,105
2008A4PS0839P,2008,246
2017B4PS0534G,2017,463
2024A8TS0113P,2024,805
2004B5PS0032H,2004,111
2015B2PS0130G,2015,400
2022A3PS0678G,2022,685
2007B1TS0890G,2007,197
2022A7PS0938G,2022,663
2022B3TS0575P,2022,661
2018B1TS0886G,2018,489
2011A7PS0733H,2011,317
2024A3PS0108G,2024,816
2009B5PS0244H,2009,257
2017A1PS0935H,2017,455
2015A8PS0446H,2015,423
2015A3TS0914P,2015,424
2005A1TS0246H,2005,127
2017B3PS0406P,2017,471
2012AATS0144P,2012,332
2009A4PS0537P,2009,262
2015B2PS0071H,2015,411
2014B3PS0335G,2014,392
2010A3TS0810H,2010,275
2011A8PS0338H,2011,309
2008B1TS0788P,2008,229
2004A8TS0200G,2004,110
2024B3PS0186H,2024,820
2015B2PS0180H,2015,403
2022B5PS0811P,2022,671
2011A4PS0268P,2011,316
2007A7PS0336H,2007,186
2018B1PS0771P,2018,487
2023B1PS0057P,2023,720
2019A8TS0976H,2019,543
2006B2PS0724H,2006,153
2016B4TS0723H,2016,449
2007B2TS0198G,2007,191
2016B1TS0240P,2016,435
2017A4PS0504P,2017,462
2016B5TS0164P,2016,431
2018A4TS0889H,2018,483
2015B3TS0324H,2015,417
2014A8PS0942H,2014,386
2021B3PS0909H,2021,625
2019AAPS0164G,2019,536
2011B2TS0256H,2011,301
2006A3PS0016H,2006,168
2006A8PS0926H,2006,164
2020B3TS0218H,2020,573
2006B5PS0570P,2006,152
2015A4TS0334G,2015,403
2011B2PS0682G,2011,301
2023B2TS0180G,2023,742
2004AAPS0521G,2004,103
2022A1PS0335G,2022,653
2017A7TS0387H,2017,470
2015A8PS0271H,2015,417
2015B2TS0559H,2015,418
2016B1TS0011P,2016,428
2006B2TS0388G,2006,174
2015A4PS0288G,2015,416
2011A8TS0281H,2011,307
2007A3TS0870G,2007,195
2022B4TS0098H,2022,682
2008A7PS0241G,2008,230
2014A3PS0753H,2014,395
2023B5PS0462P,2023,740
2004B4PS0486G,2004,115
2023A3PS0487H,2023,737
2022B2PS0650P,2022,678
2006A7TS0087H,2006,156
2010B1TS0191P,2010,280
2024A1PS0065H,2024,828
2008A7PS0947H,2008,227
2015B1PS0598G,2015,423
2024B1TS0847P,2024,752
2015AATS0422P,2015,408
2016B4PS0337G,2016,440
2006B5PS0336P,2006,169
2014A3TS0854G,2014,376
2018AAPS0945H,2018,481
2024A8TS0739P,2024,844
2004B2TS0556G,2004,106
2005B3PS0032G,2005,136
2007A8PS0537P,2007,197
2013A1TS0086G,2013,359
2023A1PS0065H,2023,730
2014B3PS0494P,2014,376
2011A3TS0692H,2011,304
2018A3TS0485G,2018,484
2009A8PS0187H,2009,266
2010A1PS0991P,2010,294
2010B1TS0134G,2010,292
2015B1TS0940P,2015,412
2011A4PS0489P,2011,313
2024A3PS0506G,2024,848
2024A8PS0535G,2024,808
2018A1TS0553G,2018,497
2015A7PS0605P,2015,406
2020B2PS0606H,2020,565
2014B3TS0169G,2014,382
2019AAPS0443P,2019,525
2015A7PS0609P,2015,411
2013A3PS0079G,2013,353
2023B2PS0040P,2023,701
2007A7TS0240H,2007,198
2011A8TS0875G,2011,306
2007B1TS0515G,2007,187
2005B2PS0492P,2005,134
2024A7PS0911P,2024,790
2004B5PS0984G,2004,103
2010A8TS0027H,2010,284
2006B2PS0172G,2006,157
2009B3TS0520G,2009,258
2011A3TS0292G,2011,319
2022B4TS0776G,2022,674
2018B3PS0892G,2018,493
2023A7PS0495G,2023,716
2018B2PS0552H,2018,499
2006B3TS0036G,2006,170
2022A4TS0377P,2022,659
2005B2PS0487P,2005,141
2018AAPS0804P,2018,481
2016AATS0674H,2016,434
2012A7TS0662H,2012,346
2022B1TS0492P,2022,669
2011A3PS0970P,2011,308
2014B2TS0865H,2014,377
2023A3TS0934G,2023,711
2009A4PS0630P,2009,266
2011B2PS0775G,2011,310
2009A8PS0350H,2009,269
2006A3PS0574P,2006,164
2018B5TS0104G,2018,484
2009B4TS0653G,2009,263
2007A3PS0650P,2007,185
2012B1PS0733P,2012,344
2024A1PS0901H,2024,777
2014B2TS0864G,2014,376
2019AATS0452G,2019,513
2021A8TS0532G,2021,616
2024A3PS0077H,2024,812
2010A4PS0952H,2010,298
2011A3PS0109P,2011,302
2011A8PS0193H,2011,318
2019A8TS0388H,2019,544
2023A3TS0516G,2023,719
2017AATS0027G,2017,465
2022B5PS0167P,2022,678
2013A4TS0465G,2013,374
2024B3PS0136P,2024,825
2023B4TS0650P,2023,737
2004B4TS0329H,2004,109
2010A1TS0745P,2010,275
2023B5PS0044P,2023,704
2014B4PS0168P,2014,399
2018A8TS0412G,2018,495
2006B1PS0692P,2006,171
2010B1TS0814H,2010,292
2007B3PS0484H,2007,185
2015B2PS0804H,2015,414
2010B4TS0251P,2010,278
2024B1TS0981G,2024,789
2006B3PS0002G,2006,160
2005A4TS0469G,2005,149
2023A3TS0513G,2023,710
2009A3TS0484P,2009,258
2022B1TS0612P,2022,651
2020A3PS0721H,2020,586
2021B2PS0729P,2021,634
2023A1TS0649P,2023,747
2010A3TS0034G,2010,287
2023B3PS0589P,2023,748
2013A3TS0209H,2013,367
2008A8TS0012P,2008,234
2006B1PS0298H,2006,152
2008A7PS0372G,2008,249
2018A4TS0126P,2018,484
2013B4PS0956H,2013,365
2017A7PS0133H,2017,468
2018A1PS0379G,2018,478
2009A3TS0686G,2009,261
2004B1PS0461H,2004,104
2005A7PS0245G,2005,142
2020A4PS0312P,2020,593
2018A7TS0401G,2018,481
2008A4TS0140P,2008,241
2023A1TS0972P,2023,727
2023A8TS0946P,2023,736
2005B5TS0310G,2005,125
2015A7PS0234P,2015,413
2006A4PS0826H,2006,167
2018A1TS0119G,2018,488
2015B5PS0726H,2015,423
2016A4PS0329P,2016,425
2015A8PS0587H,2015,404
2020AATS0133H,2020,571
2004A8PS0258P,2004,120
2009AATS0859G,2009,267
2015B4PS0317P,2015,400
2022B2TS0447H,2022,695
2010A3TS0496G,2010,293
2017B2PS0426H,2017,465
2012B2TS0219H,2012,339
2018B1PS0873G,2018,492
2007AATS0090H,2007,195
2021A4PS0391P,2021,628
2004A3PS0172P,2004,100
2012A8PS0786G,2012,332
2009A4PS0862G,2009,255
2020A1TS0033G,2020,586
2024AATS0686G,2024,759
2024B5TS0481G,2024,792
2005A8TS0860H,2005,130
2012A8PS0286P,2012,326
2007B3TS0305P,2007,179
2022B5PS0811P,2022,692
2008A3TS0713G,2008,239
2015B1PS0340P,2015,421
2004B2PS0523G,2004,100
2007AAPS0094G,2007,177
2021B3TS0665H,2021,606
2015A8TS0204P,2015,407
2020B2TS0706G,2020,577
2012A1PS0706P,2012,344
2020B4PS0012P,2020,574
2017B1PS0354P,2017,456
2023B1TS0034P,2023,736
2023A4TS0164G,2023,723
2018B2TS0646G,2018,482
2023A4PS0986P,2023,701
2023A4TS0360H,2023,748
2016A1TS0769H,2016,434
2006B4PS0114P,2006,171
2013B1TS0863H,2013,358
2020A3PS0681P,2020,573
2006AATS0526H,2006,174
2004A3PS0540G,2004,100
2024AATS0702P,2024,792
2015B5PS0877H,2015,403
2009A3PS0344H,2009,255
2019A3PS0235P,2019,535
2021B3TS0084P,2021,626
2017B1PS0997P,2017,460
2020A3PS0566P,2020,590
2017B4TS0422G,2017,465
2020B4PS0434G,2020,574
2010B3PS0628P,2010,276
2008A7TS0114P,2008,233
2010A7TS0974P,2010,286
2021A7TS0110H,2021,628
2008AATS0658H,2008,237
2024A1PS0032G,2024,761
2023A1PS0135P,2023,728
2007A3PS0298H,2007,190
2008B1PS0576H,2008,238
2013A4PS0605G,2013,359
2016A8TS0993G,2016,438
2009A3PS0732P,2009,260
2021B5TS0923P,2021,643
2017B4PS0996H,2017,450
2013A4TS0170H,2013,356
2007B1PS0196H,2007,184
2023B3PS0863P,2023,747
2015B2TS0330G,2015,422
2004A1TS0669P,2004,116
2020B1PS0908H,2020,559
2004B2TS0879G,2004,103
2012A3PS0326P,2012,332
2018AATS0546P,2018,487
2019B4TS0928H,2019,521
2006B2PS0859P,2006,156
2009A4PS0862G,2009,252
2019A1TS0546G,2019,546
2018A3PS0771G,2018,488
2007AATS0534H,2007,192
2017A3PS0262G,2017,452
2004A4PS0136G,2004,114
2010A3PS0038H,2010,290
2016B1TS0073P,2016,429
2008B1TS0986P,2008,226
2008AATS0199G,2008,229
2018A1TS0840P,2018,479
2013A3PS0470G,2013,360
2022AAPS0680P,2022,674
2014AATS0560P,2014,394
2023A3PS0486G,2023,722
2015B2PS0403G,2015,410
2024A3PS0184G,2024,795
2013A3PS0964P,2013,361
2022B1TS0485H,2022,687
2016B3PS0221H,2016,431
2007A7TS0300H,2007,188
2023AAPS0956P,2023,728
2023A4TS0871P,2023,734
2006A4TS0235G,2006,173
2017A1PS0074H,2017,474
2007AATS0990P,2007,191
2012B2PS0615P,2012,347
2012B4PS0027P,2012,335
2009A8TS0467G,2009,268
2019A7TS0174H,2019,549
2004A3PS0197H,2004,103
2015B4PS0018P,2015,409
2023A3TS0313G,2023,720
2019AATS0490H,2019,504
2020AATS0724G,2020,567
2023A4TS0367P,2023,721
2013A7PS0407P,2013,363
2017B1PS0983H,2017,452
2023B2PS0340H,2023,737
2009A8TS0281P,2009,272
2016A7PS0758H,2016,437
2005B4PS0474G,2005,128
2014B5PS0903P,2014,379
2014B3TS0779H,2014,381
2016A4PS0787G,2016,437
2024AAPS0285P,2024,796
2015B2PS0378H,2015,411
2004A4TS0427H,2004,120
2023B2PS0223P,2023,711
2022B3PS0905H,2022,681
2006B2TS0093P,2006,164
2012B1PS0713G,2012,346
2010B5PS0779G,2010,290
2005B3TS0488H,2005,147
2012B5TS0563G,2012,330
2024B4PS0324P,2024,834
2018A7TS0205G,2018,495
2008B5TS0838G,2008,239
2008A3TS0357H,2008,236
2013B2PS0162P,2013,353
2015B5PS0382H,2015,424
2008A8TS0133H,2008,226
2008AATS0892G,2008,236
2010AAPS0025G,2010,296
2016A1PS0055G,2016,438
2020B5PS0502P,2020,599
2021A8TS0493G,2021,612
2007A7TS0047P,2007,179
2011B5TS0262P,2011,311
2009AATS0035P,2009,261
2012A8PS0927H,2012,345
2009A1TS0281P,2009,259
2013AATS0280P,2013,350
2004B3PS0807G,2004,102
2020A1TS0920P,2020,575
2004A4PS0016P,2004,123
2014B4TS0169G,2014,381
2007B1TS0192G,2007,178
2024AATS0583P,2024,786
2024B4TS0444H,2024,815
2017A7PS0153G,2017,460
2018AATS0682H,2018,498
2024B4PS0706P,2024,798
2016B5PS0484H,2016,446
2023B3TS0535G,2023,729
2008B5PS0636G,2008,243
2004A3PS0631G,2004,119
2023B1TS0307P,2023,726
2010A7TS0426P,2010,298
2006A8PS0195G,2006,163
2023A3PS0936H,2023,706
2009A1TS0276G,2009,258
2010B4TS0394H,2010,277
2017A3PS0254G,2017,461
2014A7TS0178G,2014,383
2006A8TS0208H,2006,164
2006A4PS0360G,2006,174
2021A4TS0729G,2021,616
2010B1PS0231H,2010,286
2015A1TS0081P,2015,407
2013A7TS0622G,2013,364
2016B1PS0051G,2016,432
2017B1PS0542P,2017,459
2007B1PS0648G,2007,199
2005A4PS0441G,2005,129
2013AATS0602P,2013,356
2023B1PS0688G,2023,702
2008A4TS0219H,2008,240
2016AATS0222P,2016,433
2007A1PS0272G,2007,179
2004AATS0829G,2004,123
2007A7TS0845H,2007,189
2019A3PS0854G,2019,538
2007A8PS0890G,2007,194
2008A8TS0695G,2008,242
2005A4PS0635P,2005,133
2018A3PS0468P,2018,496
2021A3TS0983P,2021,615
2018B1PS0800H,2018,490
2019B1PS0844H,2019,505
2005AAPS0305H,2005,141
2015A3PS0736G,2015,409
2008B4PS0392P,2008,232
2010B1TS0788P,2010,287
2010B2TS0112P,2010,279
2008B3PS0490P,2008,228
2010A1TS0231G,2010,294
2023A8TS0710P,2023,712
2022B2PS0930G,2022,687
2004A8PS0227G,2004,109
2024A8TS0054H,2024,816
2014A8PS0778P,2014,392
2017A3PS0057P,2017,474
2020B5TS0490P,2020,593
2016B3TS0750G,2016,425
2005A4PS0098H,2005,148
2006B4PS0133P,2006,150
2005B5TS0940H,2005,125
2013B1TS0136H,2013,364
2016A3TS0361P,2016,441
2015B1TS0893P,2015,401
2019B3TS0653G,2019,535
2007A1TS0479G,2007,198
2012A4PS0057G,2012,336
2011B1TS0624P,2011,320
2009A8PS0052G,2009,259
2020A8TS0452P,2020,577
2005AATS0732P,2005,135
2019AATS0788H,2019,527
2012A3PS0668G,2012,340
2015A1PS0930P,2015,423
2019A4PS0679H,2019,509
2005A3PS0669G,2005,144
2019B5PS0119P,2019,534
2009A3TS0794P,2009,261
2011B1PS0553G,2011,315
2007B2PS0228H,2007,183
2021B5PS0800H,2021,648
2009B3TS0175G,2009,259
2012B2PS0931P,2012,337
2021A3PS0422G,2021,636
2015A3PS0271P,2015,424
2009B5PS0846P,2009,270
2007B5TS0728H,2007,193
2004B2PS0833P,2004,106
2010A7TS0261P,2010,295
2021AATS0465G,2021,612
2017B5TS0654H,2017,467
2022B1TS0607P,2022,697
2020B5PS0061P,2020,562
2014B5PS0726H,2014,389
2007A8TS0223G,2007,189
2009B2TS0756H,2009,269
2005A3PS0647G,2005,149
2005B5TS0897G,2005,131
2020A1TS0577H,2020,597
2011AATS0684P,2011,307
2008A4PS0334H,2008,240
2014B4TS0756H,2014,395
2019B5PS0559P,2019,535
2010B5TS0548P,2010,288
2017B5TS0299G,2017,466
2009B4TS0284G,2009,267
2022B2TS0367H,2022,652
2010B2PS0407P,2010,294
2017A3TS0731H,2017,469
2019A1TS0210P,2019,521
2016AATS0044G,2016,436
2020B5TS0762H,2020,560
2007B2PS0620P,2007,193
2013A8TS0785G,2013,367
2005A4TS0282H,2005,149
2017B2TS0117H,2017,468
2008A4TS0211P,2008,232
2005A8PS0529G,2005,137
2011B5TS0518H,2011,313
2014A1PS0193G,2014,379
2010A7PS0600G,2010,276
2012B4TS0313H,2012,336
2013A3PS0526P,2013,372
2006A3PS0721H,2006,168
2006B5TS0077P,2006,167
2019A8TS0937H,2019,522
2006B5TS0430H,2006,166
2018B5TS0686G,2018,498
2010B5TS0590G,2010,296
2013A4TS0407P,2013,357
2004B5PS0981G,2004,124
2012A3TS0429H,2012,347
2009B3PS0994P,2009,265
2013B5PS0169H,2013,353
2023A7PS0558P,2023,718
2013A3TS0431H,2013,373
2007A7PS0237P,2007,179
2023B4TS0456G,2023,720
2005A4TS0458H,2005,128
2015B1TS0986P,2015,424
2017B2TS0267H,2017,472
2019A1TS0934G,2019,541
2006B3TS0774H,2006,158
2011B3PS0142H,2011,301
2024B3PS0990H,2024,805
2012A3PS0541P,2012,337
2005A1TS0190P,2005,143
2017A3PS0291H,2017,465
2010B5PS0942P,2010,296
2014A1TS0394P,2014,395
2017B2TS0618G,2017,465
2024AATS0836G,2024,847
2014A3TS0800P,2014,392
2021AATS0026P,2021,623
2018A7PS0423P,2018,490
2023B1PS0765G,2023,733
2006A7TS0144H,2006,158
2007A1PS0257P,2007,178
2009B5TS0585P,2009,267
2016A7PS0230H,2016,426
2005AAPS0037G,2005,144
2013B2TS0249H,2013,365
2022B4PS0241P,2022,670
2010A1PS0507P,2010,296
2019A1PS0855H,2019,545
2009B2PS0114H,2009,264
2020AATS0273H,2020,587
2022B4TS0160G,2022,684
2007A1PS0636P,2007,189
2018A1PS0486P,2018,482
2020B5PS0791H,2020,596
2006B4PS0417H,2006,160
2021AATS0070H,2021,644
2023B4TS0582H,2023,716
2013A4TS0923H,2013,372
2017A7TS0317H,2017,458
2023B1PS0476P,2023,734
2024A3TS0456P,2024,805
2013A3PS0138H,2013,371
2015B2PS0892G,2015,410
2013A7TS0349G,2013,360
2015B5TS0529H,2015,422
2012B4PS0695H,2012,344
2022B4PS0477H,2022,670
2018A3PS0370P,2018,495
2015A7TS0964G,2015,412
2006B5TS0563P,2006,153
2017B4PS0238H,2017,464
2019B3PS0771H,2019,535
2012A3TS0670H,2012,344
2019B3TS0616H,2019,518
2011A4PS0714H,2011,321
2013A4TS0766G,2013,372
2017A7PS0662P,2017,457
2019B3TS0598H,2019,518
2014B1TS0933P,2014,396
2016AATS0589P,2016,436
2006AATS0840P,2006,158
2007A1PS0386H,2007,191
2012B1TS0411P,2012,349
2010A1TS0320G,2010,291
2007B4PS0506P,2007,195
2006A7TS0935H,2006,159
2017A4TS0613P,2017,453
2013B3TS0545H,2013,361
2024B1PS0038H,2024,770
2015B3PS0058P,2015,406
2022AATS0687H,2022,656
2019A7TS0160H,2019,541
2006A3PS0883P,2006,154
2006B1PS0821P,2006,168
2014B4TS0617H,2014,387
2006B4TS0336P,2006,173
2009B2PS0151P,2009,254
2018B5TS0777G,2018,485
2012A8PS0765P,2012,339
2005B5TS0941P,2005,132
2013B2TS0637G,2013,369
2004A3TS0429P,2004,103
2006B5PS0955G,2006,168
2005B5TS0426P,2005,139
2023A3TS0056P,2023,725
2009AATS0622P,2009,270
2006B4TS0615G,2006,157
2016B1PS0820H,2016,445
2010A7TS0284H,2010,291
2023B5TS0453G,2023,705
2013A8TS0016G,2013,362
2004A3PS0752P,2004,102
2019A4PS0939H,2019,500
2008B1TS0600G,2008,225
2011A8PS0660G,2011,301
2007B3TS0070G,2007,187
2012B4PS0415H,2012,348
2020B1PS0097H,2020,563
2015A3PS0503G,2015,424
2004A7PS0352P,2004,104
2021B5PS0699P,2021,620
2010B3PS0140P,2010,293
2006A1TS0215G,2006,155
2006B5TS0967P,2006,153
2016B4TS0037P,2016,427
2014B4PS0873H,2014,375
2008A1TS0595G,2008,243
2010B5TS0403H,2010,277
2020B5PS0599G,2020,590
2020B4TS0130P,2020,570
2020B4PS0687P,2020,582
2014B2TS0687H,2014,391
2013B1PS0783P,2013,369
2009B2TS0765H,2009,273
2023A3TS0734G,2023,709
2015A3TS0532H,2015,420
2016B1PS0141P,2016,436
2017B4PS0632P,2017,450
2008B4PS0358G,2008,248
2019B3PS0504P,2019,526
2013A1PS0352G,2013,364
2013A3TS0081H,2013,365
2011A4TS0037P,2011,302
2011A3PS0950H,2011,310
2019A1TS0866G,2019,539
2005AAPS0917H,2005,133
2008A1PS0534P,2008,231
2008A3PS0533P,2008,225
2009B3TS0399P,2009,251
2022A1TS0409H,2022,682
2008A7PS0402P,2008,228
2017A3PS0690H,2017,464
2006B2PS0282P,2006,170
2018A7TS0155H,2018,475
2006A8PS0509P,2006,161
2013B3TS0953G,2013,350
2010B1TS0226G,2010,294
2013A7PS0339H,2013,361
2019A1PS0186G,2019,538
2018B2TS0394G,2018,496
2012B2TS0693P,2012,345
2020B5PS0264P,2020,563
2016B1TS0647G,2016,430
2010B1TS0227H,2010,291
2012AATS0771P,2012,347
2020A7PS0625H,2020,575
2020B5TS0875G,2020,575
2011B2TS0075H,2011,316
2016B5PS0432P,2016,443
2011A7TS0045G,2011,317
2020A4TS0867H,2020,550
2004B4PS0860G,2004,112
2010B1PS0980G,2010,289
2011A8PS0547P,2011,308
2016AATS0204P,2016,435
2012B2TS0277P,2012,334
2008A1PS0181P,2008,231
2004A3PS0560P,2004,116
2014A1TS0062P,2014,398
2014B1PS0513H,2014,383
2018AATS0454G,2018,488
2007AATS0092H,2007,195
2015A3PS0526H,2015,404
2019A3TS0057G,2019,514
2010B4PS0049P,2010,287
2014B1TS0962G,2014,395
2014A3PS0629P,2014,376
2016A7TS0645P,2016,436
2016B5TS0379H,2016,435
2004A4PS0680P,2004,114
2006AAPS0780H,2006,169
2011A4PS0818H,2011,300
2006A4PS0820P,2006,174
2020B4TS0564P,2020,560
2021A8PS0424H,2021,619
2014A4TS0195H,2014,395
2021A3TS0112H,2021,627
2007B4PS0524H,2007,189
2016B1PS0435P,2016,426
2010B3PS0069P,2010,281
2022B5TS0485H,2022,685
2020A8TS0506H,2020,553
2004A7TS0339G,2004,121
2004A7PS0959G,2004,109
2008B1TS0364H,2008,236
2010B2TS0679H,2010,288
2022B1TS0457H,2022,689
2020A3PS0071H,2020,588
2016A4PS0065H,2016,448
2019B5PS0531G,2019,533
2004B2PS0183G,2004,109
2004B1PS0567G,2004,119
2004B4TS0344H,2004,109
2007AATS0208G,2007,180
2018B1PS0826H,2018,491
2020B2TS0122G,2020,592
2015A8PS0780G,2015,402
2010A4TS0611G,2010,275
2013A8TS0913H,2013,352
2020AAPS0459P,2020,588
2013A8PS0845H,2013,353
2023B2TS0373G,2023,712
2010A8PS0201G,2010,278
2011B4TS0696P,2011,314
2021A3TS0050G,2021,639
2007B3PS0417H,2007,183
2015A4TS0691H,2015,409
2021A3PS0435P,2021,644
2010A8TS0831H,2010,292
2009B1PS0602H,2009,252
2022A1TS0439H,2022,678
2014A7PS0974P,2014,392
2004A3PS0954P,2004,118
2015B5PS0517G,2015,413
2013B4PS0511P,2013,365
2023A7TS0930H,2023,708
2021AAPS0332P,2021,633
2015B5TS0573G,2015,407
2008A3PS0832G,2008,231
2005B1PS0201P,2005,126
2021B4PS0125P,2021,619
2009B1PS0370P,2009,266
2009B3PS0155H,2009,261
2004A8TS0318P,2004,124
2018B1TS0243H,2018,493
2014AATS0946G,2014,384
2020B1TS0761H,2020,558
2013B5TS0298P,2013,370
2007A3PS0128H,2007,188
2015B3TS0658G,2015,420
2022B2TS0473H,2022,687
2010B4TS0451H,2010,294
2018A1TS0791H,2018,495
2011B2PS0227G,2011,310
2022B1TS0497P,2022,667
2023AAPS0191P,2023,713
2020B4TS0212G,2020,571
2006A4PS0410H,2006,158
2005A4TS0259P,2005,132
2021B1TS0568G,2021,611
2024B4TS0862H,2024,793
2010B1TS0507P,2010,285
2011B3PS0143P,2011,323
2021B2PS0043G,2021,611
2017B2PS0301G,2017,468
2022B4TS0864P,2022,682
2006A3TS0152H,2006,163
2021AATS0844G,2021,622
2004B1PS0398H,2004,114
2022B2TS0002G,2022,675
2015B3TS0730G,2015,424
2018B3TS0539P,2018,499
2004B3PS0228H,2004,124
2024B1TS0160H,2024,784
2004B4TS0472H,2004,105
2024B3TS0187H,2024,801
2010A1PS0572H,2010,296
2004AAPS0819G,2004,109
2019A3PS0130G,2019,504
2016B2TS0090P,2016,428
2010B2PS0580P,2010,296
2017A7PS0172G,2017,472
2009AATS0458G,2009,274
2006B4PS0919G,2006,173
2024B3TS0281G,2024,802
2009A1PS0669G,2009,250
2022A1PS0597H,2022,673
2024B3PS0738P,2024,817
2007B2PS0986P,2007,193
2014AAPS0888H,2014,378
2011B4TS0156P,2011,302
2022B5PS0025G,2022,651
2006A7TS0844G,2006,154
2011B1PS0426G,2011,323
2004A4PS0095H,2004,112
2023A1TS0447P,2023,707
2013B5PS0287H,2013,366
2011B4TS0664G,2011,300
2008B3TS0331H,2008,232
2009A1PS0438P,2009,269
2017A7PS0908G,2017,457
2014B3PS0454H,2014,399
2005A4TS0685P,2005,143
2008B3PS0967P,2008,245
2019AAPS0549H,2019,535
2004A4TS0001G,2004,102
2024B4TS0544H,2024,827
2004B5TS0267P,2004,101
2018A7TS0362H,2018,490
2024B2PS0506H,2024,821
2011A1TS0308H,2011,304
2024B3PS0224P,2024,803
2009B2PS0698G,2009,271
2022A1TS0488H,2022,672
2006A4TS0832H,2006,165
2009B5TS0125P,2009,251
2018A3TS0796P,2018,493
2007A3TS0219H,2007,190
2015B2PS0573H,2015,420
2008A8TS0957H,2008,245
2010A8PS0450G,2010,288
2014B2TS0441P,2014,386
2013B4PS0742P,2013,350
2013AATS0366P,2013,366
2014B1TS0367P,2014,383
2018A1PS0656P,2018,482
2007B5TS0396G,2007,192
2011A8TS0474G,2011,303
2017B3PS0800H,2017,460
2005A8TS0366H,2005,140
2017AAPS0349H,2017,457
2022A8TS0429P,2022,677
2013AATS0372G,2013,356
2021A1PS0731P,2021,631
2017A3PS0924P,2017,457
2005A3PS0695H,2005,138
2011A7PS0564G,2011,321
2004A4PS0856G,2004,107
2016A4TS0937P,2016,443
2023B4PS0360H,2023,712
2006A3TS0208G,2006,167
2011B3PS0327P,2011,302
2007A8PS0895G,2007,198
2013A1TS0402P,2013,354
2017B3PS0791P,2017,457
2004A3TS0935G,2004,123
2014B4TS0641G,2014,382
2017B4TS0891G,2017,457
2019A4PS0761P,2019,503
2023B4TS0211G,2023,706
2012B4TS0291G,2012,342
2023AAPS0217H,2023,747
2020B2TS0568G,2020,598
2015A1TS0330G,2015,417
2012A3PS0199G,2012,349
2021B5PS0287G,2021,614
2019B4PS0767G,2019,510
2007B1PS0797P,2007,182
2004B2PS0072H,2004,111
2017AAPS0531P,2017,454
2008B5TS0788H,2008,229
2014B4PS0786H,2014,381
2024B1TS0406P,2024,834
2014B1TS0115G,2014,391
2019A4PS0296H,2019,506
2011B3TS0391H,2011,322
2015B1PS0004H,2015,412
2017AATS0979G,2017,455
2024B2PS0413H,2024,750
2004B2PS0903P,2004,124
2016A7TS0174G,2016,432
2004AATS0703G,2004,124
2015A8TS0080G,2015,417
2019A3PS0411G,2019,529
2019AATS0831G,2019,548
2014B3TS0025H,2014,398
2020A4TS0691G,2020,585
2006B5PS0431H,2006,159
2009B1TS0374H,2009,262
2018A8PS0204H,2018,475
2008B5PS0935P,2008,235
2018AAPS0115P,2018,486
2016B2TS0208H,2016,444
2008A7TS0829P,2008,226
2022A4PS0026G,2022,693
2019B3PS0383P,2019,531
2007B3TS0240G,2007,187
2011A7PS0776H,2011,305
2023AAPS0810P,2023,700
2015B3TS0473G,2015,403
2007B1PS0309G,2007,194
2023A4TS0179H,2023,716
2010B5TS0370P,2010,286
2023B2PS0270G,2023,717
2018B3PS0976H,2018,495
2011B4PS0816H,2011,320
2010A4TS0422H,2010,295
2020A1PS0347G,2020,573
2006A1PS0209P,2006,159
2017B3TS0603H,2017,463
2012B4TS0419P,2012,329
2016B3TS0225P,2016,429
2006B3PS0410H,2006,170
2007B4PS0845G,2007,179
2009A1PS0832G,2009,267
2009A3PS0410G,2009,267
2014A3TS0321G,2014,394
2013B3TS0385G,2013,365
2005B5TS0175G,2005,129
2005B3TS0360G,2005,144
2022B1TS0492G,2022,676
2011B4TS0370H,2011,323
2006B1PS0777G,2006,155
2015AATS0256G,2015,419
2022A7TS0053H,2022,694
2015A4TS0898P,2015,418
2011A8TS0313P,2011,312
2013B3PS0705G,2013,374
2020B1TS0157P,2020,580
2007B5PS0312H,2007,196
2013A1TS0335H,2013,368
2021A7TS0055G,2021,601
2022A8TS0412P,2022,658
2012B3TS0858H,2012,341
2004A4PS0917G,2004,121
2011AATS0856P,2011,311
2008A3TS0354H,2008,238
2018A1TS0041G,2018,485
2022A8TS0095P,2022,691
2007B5TS0024P,2007,182
2014A1PS0358G,2014,383
2019A4PS0875G,2019,526
2011B5PS0609G,2011,308
2022B5PS0721P,2022,665
2024B5TS0799G,2024,817
2005A1TS0405G,2005,127
2020B4TS0889G,2020,592
2014A4TS0978P,2014,377
2013B5TS0104G,2013,356
2007A7TS0799G,2007,176
2010A1PS0738P,2010,288
2019A7TS0740P,2019,524
2006AAPS0658G,2006,170
2023A7TS0180G,2023,733
2024A1TS0964P,2024,817
2009A8TS0133P,2009,271
2023B3PS0503P,2023,710
2012A3PS0232G,2012,339
2021B4TS0524G,2021,609
2015B3PS0602H,2015,401
2017B2TS0095G,2017,465
2019B4PS0427H,2019,537
2012AATS0080H,2012,338
2017A8PS0575P,2017,451
2004B4TS0171P,2004,122
2011B2PS0487P,2011,303
2017B1TS0296G,2017,458
2006B4TS0870H,2006,153
2023A7PS0422G,2023,748
2007B2PS0232H,2007,180
2018A7TS0496H,2018,478
2006B2TS0965H,2006,162
2006A8PS0444G,2006,169
2017B2TS0797G,2017,473
2008AATS0394H,2008,232
2021A7PS0552G,2021,629
2009A7PS0734P,2009,274
2016B5TS0197P,2016,429
2024B5TS0762G,2024,805
2010B4PS0341P,2010,291
2009A1PS0662G,2009,266
2010B2PS0079P,2010,291
2024B1TS0708P,2024,825
2017B5TS0099H,2017,472
2020A3PS0420G,2020,583
2022A7TS0226H,2022,671
2021AAPS0073G,2021,608
2016A1PS0299H,2016,440
2009B1TS0668H,2009,274
2007AAPS0468P,2007,187
2015A7PS0038G,2015,412
2004B4TS0698G,2004,106
2012AAPS0697P,2012,326
2011B5PS0464H,2011,312
2020B5TS0339P,2020,558
2004B5TS0293P,2004,111
2010A1TS0533G,2010,297
2010AAPS0060H,2010,288
2008A4TS0385H,2008,232
2018A7TS0807G,2018,485
2006B4PS0647H,2006,154
2016A4PS0059P,2016,447
2021B1TS0327H,2021,607
2010AAPS0986G,2010,290
2023A7TS0342G,2023,739
2012B2PS0251P,2012,342
2019B3PS0646H,2019,540
2008B4TS0577P,2008,240
2016A3PS0238H,2016,431
2009B5PS0147P,2009,266
2004A3TS0974G,2004,122
2004A8PS0043G,2004,104
2023B2PS0183H,2023,701
2011B4PS0689P,2011,303
2005B4PS0047H,2005,143
2007B1PS0229P,2007,197
2012B5TS0698H,2012,346
2008B4PS0343H,2008,244
2022A1PS0096G,2022,667
2010B5PS0524P,2010,295
2016AAPS0931G,2016,429
2012A8TS0709G,2012,326
2015B2TS0034P,2015,414
2010A3TS0418G,2010,291
2015A8TS0344H,2015,423
2014A4PS0860H,2014,396
2017A7PS0632G,2017,452
2006A3PS0012P,2006,173
2021A7TS0130H,2021,641
2007AATS0088G,2007,197
2011A8PS0038P,2011,324
2013B3TS0494P,2013,362
2008B4TS0564P,2008,228
2021B2TS0172G,2021,616
2016B5TS0323P,2016,444
2016B5PS0499H,2016,435
2007B2TS0149G,2007,196
2012B3TS0691H,2012,342
2004A8PS0225G,2004,123
2015AATS0395H,2015,411
2017B2PS0613G,2017,464
2004B2TS0449G,2004,109
2013A8PS0773G,2013,365
2006B4TS0834P,2006,159
2021A7TS0790H,2021,613
2012B5TS0479G,2012,332
2007B4TS0867P,2007,191
2008B5PS0599G,2008,241
2015AAPS0211H,2015,413
2010B3PS0206P,2010,278
2023B3TS0527G,2023,703
2009A4TS0672G,2009,257
2020A1PS0183P,2020,585
2006AATS0089P,2006,170
2008A8TS0732H,2008,227
2018AAPS0427H,2018,483
2017B1TS0389P,2017,459
2020A7PS0624G,2020,582
2004A7PS0507G,2004,105
2013A3PS0242G,2013,351
2017B2TS0790H,2017,470
2009A1PS0202P,2009,270
2017A1TS0879P,2017,455
2005B5TS0247H,2005,131
2009A1TS0611G,2009,266
2023B4PS0642H,2023,735
2019A8TS0904P,2019,508
2022B1TS0507H,2022,686
2004B5PS0163H,2004,120
2011A1PS0935P,2011,318
2010A7PS0651P,2010,277
2022A4PS0785G,2022,656
2016A4TS0117G,2016,449
2018A8PS0856H,2018,485
2012A8PS0897G,2012,340
2017B3TS0392G,2017,468
2009A7TS0510G,2009,265
2017A4TS0869G,2017,463
2022A8TS0399G,2022,650
2017B1PS0143H,2017,461
2012A7TS0528G,2012,330
2013A8PS0216P,2013,371
2016A1PS0599H,2016,439
2018A4PS0300H,2018,493
2008AATS0465H,2008,232
2020A3PS0523H,2020,575
2015AATS0328G,2015,413
2014A8TS0228P,2014,376
2005A3PS0403G,2005,149
2012A4TS0058H,2012,325
2008B4PS0344P,2008,243
2019AAPS0235H,2019,541
2016B5PS0069P,2016,432
2008B5PS0465H,2008,225
2022B4TS0391H,2022,675
2016B1PS0630H,2016,428
2013B3TS0058H,2013,370
2008A7PS0688P,2008,235
2011B3TS0006G,2011,313
2018A1PS0934H,2018,478
2021B2PS0380P,2021,615
2021A4PS0292G,2021,625
2010A3TS0909H,2010,290
2009B5TS0150H,2009,266
2017B3PS0326G,2017,470
2014A1PS0150P,2014,380
2009A8PS0254P,2009,274
2018B3PS0356G,2018,482
2021A1PS0631H,2021,648
2007AATS0421P,2007,188
2020A1TS0781P,2020,582
2007AATS0227H,2007,197
2015A4PS0184G,2015,416
2016A7TS0932H,2016,435
2013A7TS0399H,2013,372
2021A8TS0382P,2021,644
2021A8PS0654G,2021,638
2004A7PS0437P,2004,117
2014B1PS0967H,2014,385
2019B4PS0325G,2019,542
2010B5TS0974G,2010,277
2024B1PS0072P,2024,838
2011A4PS0466P,2011,317
2020B2PS0269H,2020,576
2015B5TS0477P,2015,417
2010A4TS0226G,2010,293
2017B3TS0747P,2017,450
2013B1TS0740P,2013,360
2007B3TS0116H,2007,179
2014B4PS0305P,2014,381
2024A8TS0879H,2024,785
2018AATS0654P,2018,497
2021A1TS0763P,2021,606
2006B3PS0156G,2006,174
2010A1TS0966G,2010,289
2005B4PS0984P,2005,148
2023AATS0406G,2023,705
2021AATS0583P,2021,637
2020A4PS0596P,2020,567
2022B4TS0334H,2022,651
2021A3TS0382P,2021,619
2015B4PS0151P,2015,403
2011AAPS0872H,2011,317
2016B5PS0005H,2016,446
2009B5TS0199H,2009,270
2010A3PS0122H,2010,279
2005B1PS0358P,2005,135
2006A1TS0504H,2006,158
2009B4TS0413H,2009,257
2008A1TS0926P,2008,235
2022A1PS0248H,2022,666
2022AAPS0663G,2022,688
2019B1PS0385P,2019,529
2006AAPS0913G,2006,162
2014B2PS0508P,2014,382
2014A1TS0688G,2014,388
2010A8TS0449P,2010,278
2018B2TS0181G,2018,496
2006B1PS0173G,2006,153
2021A3PS0241H,2021,640
2016AAPS0461G,2016,449
2012B2PS0673P,2012,341
2015B4PS0740G,2015,422
2014A1TS0338G,2014,396
2015B4TS0449P,2015,409
2022A1PS0487G,2022,673
2009B3PS0296P,2009,265
2012B1PS0608G,2012,346
2021A1PS0447G,2021,642
2021A7TS0484P,2021,621
2010B3PS0889G,2010,275
2004A4TS0092P,2004,102
2015B3PS0731G,2015,415
2012B2PS0133H,2012,333
2023B4TS0639G,2023,702
2022A7PS0702P,2022,661
2014B4TS0318G,2014,398
2021B3TS0468P,2021,616
2007A7PS0801H,2007,197
2023B5TS0271H,2023,742
2006A4TS0559G,2006,170
2006A7TS0510H,2006,174
2023A8TS0765P,2023,722
2019AAPS0824H,2019,535
2009B5TS0972P,2009,262
2008A4TS0200G,2008,241
2014B5TS0932H,2014,393
2024A3PS0498G,2024,837
2011AATS0699P,2011,323
2021A1TS0790H,2021,608
2019B1TS0468P,2019,532
2008B1TS0526H,2008,236
2017A3PS0319G,2017,464
2009B1PS0634G,2009,258
2009B5TS0600H,2009,261
2010A1PS0370P,2010,292
2014B5TS0423P,2014,380
2016B5PS0374P,2016,430
2016A1TS0550P,2016,433
2016B4PS0880G,2016,441
2016B2PS0168G,2016,446
2022A1TS0969G,2022,668
2004B5TS0265G,2004,117
2015B2TS0409G,2015,411
2014A4PS0349P,2014,376
2012B2TS0940H,2012,335
2010A4TS0245H,2010,277
2019B3TS0773G,2019,525
2004A1TS0373H,2004,116
2022B2PS0618P,2022,695
2004B2PS0875P,2004,119
2008AATS0939H,2008,239
2022A7TS0457H,2022,672
2008B3PS0294H,2008,249
2010B2PS0603H,2010,297
2006A4TS0153P,2006,165
2019B2PS0374P,2019,529
2011AATS0640P,2011,314
2005A1TS0990P,2005,137
2013A7PS0372P,2013,370
2005A1PS0904H,2005,127
2022B4TS0311G,2022,651
2022A3TS0249P,2022,659
2008A1TS0882H,2008,242
2021B1PS0699G,2021,644
2018B2PS0134P,2018,483
2023B2PS0067G,2023,705
2021A1PS0411H,2021,612
2018B3PS0762P,2018,483
2018B3PS0635G,2018,476
2010B2PS0928G,2010,298
2008A4TS0398P,2008,243
2012A4PS0409P,2012,333
2010AATS0993P,2010,297
2017AAPS0544P,2017,467
2023B3TS0543H,2023,735
2015B5TS0407G,2015,418
2006A3PS0962G,2006,154
2022B3PS0284G,2022,687
2023B5TS0944G,2023,703
2006B4TS0404H,2006,161
2016B3TS0903H,2016,426
2004B4PS0382P,2004,120
2012A4TS0703H,2012,328
2013A7TS0667G,2013,365
2022A8TS0535H,2022,684
2014B2PS0886P,2014,390
2007AAPS0951G,2007,182
2017B5PS0638H,2017,467
2024A3TS0357H,2024,815
2006B2TS0524P,2006,158
2005AAPS0407G,2005,148
2018A4PS0501P,2018,487
2013B3PS0553G,2013,366
2010A3PS0901P,2010,281
2004B5PS0802H,2004,118
2015B5TS0358P,2015,406
2014A8PS0536G,2014,397
2022A4TS0149H,2022,666
2004A1PS0594H,2004,105
2005B5TS0437H,2005,135
2024A3TS0853G,2024,783
2016AATS0135P,2016,431
2023A4PS0780P,2023,707
2004A3PS0681H,2004,124
2020B2TS0215H,2020,587
2004B5TS0475H,2004,120
2018A1PS0397P,2018,489
2023A4TS0099G,2023,723
2007A1TS0126G,2007,182
2015B5PS0306G,2015,423
2009B1TS0807P,2009,261
2014B1TS0295H,2014,396
2009A3PS0217H,2009,265
2009B1PS0986G,2009,263
2004A8TS0446G,2004,113
2007A8PS0338P,2007,191
2024B4TS0712G,2024,781
2022A7PS0424G,2022,687
2023B2TS0484P,2023,734
2018A1TS0714P,2018,476
2020B2PS0046G,2020,593
2018A4TS0359P,2018,498
2019B3TS0127H,2019,546
2006A1PS0928H,2006,164
2006B1PS0727H,2006,153
2016B3PS0947G,2016,448
2023A1PS0431P,2023,724
2023A7PS0599H,2023,747
2015AATS0351P,2015,422
2010B2TS0492G,2010,280
2015A3TS0089G,2015,423
2005B1TS0265P,2005,136
2015B2TS0817P,2015,405
2007AATS0614H,2007,182
2008B1PS0704G,2008,238
2012B2PS0658H,2012,337
2006B4TS0013G,2006,159
2022B2PS0256G,2022,666
2014B4TS0523G,2014,392
2012B1PS0877H,2012,343
2004B1PS0371H,2004,123
2020A4TS0056P,2020,585
2013B2PS0387P,2013,359
2020AAPS0613P,2020,571
2023B5TS0334H,2023,730
2010B5PS0050G,2010,289
2024B3PS0749H,2024,803
2019B5PS0728P,2019,501
2018A1TS0499H,2018,498
2018B3PS0108H,2018,475
2024B4PS0451H,2024,775
2005A1TS0284H,2005,128
2017B3TS0852H,2017,467
2008B4PS0794P,2008,239
2020A8TS0954H,2020,579
2017A4TS0583P,2017,462
2024A7TS0202G,2024,804
2008B4TS0160H,2008,232
2008AAPS0162H,2008,231
2020B4PS0508H,2020,588
2018A8TS0550P,2018,497
2021B3PS0185G,2021,637
2013A7TS0140P,2013,373
2012A3TS0998G,2012,331
2020AATS0966H,2020,569
2011A7PS0075G,2011,303
2021A1TS0627P,2021,619
2018B4PS0443P,2018,478
2015A3TS0235G,2015,411
2019B4PS0334G,2019,519
2021A4TS0313G,2021,622
2020B3TS0418P,2020,584
2006B5TS0502P,2006,154
2009B1TS0705P,2009,272
2017B2PS0337P,2017,472
2012A4TS0099G,2012,331
2005A8TS0071H,2005,126
2016AAPS0709G,2016,443
2005A4PS0054H,2005,144
2017B2TS0012H,2017,469
2005B4PS0548G,2005,133
2005A1PS0554H,2005,126
2019A3PS0117G,2019,516
2022A3PS0846G,2022,659
2019A4TS0695H,2019,504
2023B5PS0314G,2023,701
2015A8PS0503H,2015,410
2007A3PS0468P,2007,195
2012B4PS0660H,2012,333
2015AATS0208G,2015,401
2017B4PS0079P,2017,451
2017A1PS0481P,2017,452
2008B3PS0727H,2008,231
2012A3TS0867H,2012,334
2018A4TS0944P,2018,483
2006A4PS0718G,2006,157
2024A7PS0864H,2024,779
2015A8PS0009P,2015,404
2006A7PS0107P,2006,167
2014B1TS0499G,2014,394
2012A7TS0360G,2012,345
2005B4TS0801P,2005,131
2007B4PS0287H,2007,198
2004B3PS0414P,2004,124
2024B4TS0376P,2024,832
2011A8PS0230G,2011,320
2011A7TS0659G,2011,309
2013A3PS0212G,2013,371
2023A4TS0167G,2023,724
2009A8TS0405G,2009,262
2024B5PS0567H,2024,759
2012B3TS0507G,2012,330
2022B2PS0746H,2022,682
2014A4TS0223P,2014,388
2016A4TS0661G,2016,435
2006B2TS0677P,2006,173
2022B3PS0547H,2022,668
2016A4PS0352H,2016,434
2005B4TS0169G,2005,145
2005A1PS0023P,2005,140
2006B3PS0267G,2006,173
2005A3PS0333G,2005,136
2014A4TS0713H,2014,376
2015A3TS0458P,2015,413
2014B4TS0415H,2014,391
2021AATS0945P,2021,621
2011B4PS0099P,2011,314
2023B2PS0477P,2023,720
2015AATS0326G,2015,405
2016A3TS0215H,2016,441
2006A3TS0680G,2006,152
2007A8TS0323H,2007,191
2016A3PS0380G,2016,429
2016B1TS0761H,2016,442
2018A8TS0127G,2018,485
2004B3TS0383G,2004,100
2012A8TS0470P,2012,325
2023A3PS0946G,2023,713
2007B3PS0869P,2007,178
2022A4PS0221P,2022,662
2020A1PS0443P,2020,571
2015AATS0831G,2015,408
2019B5TS0396P,2019,546
2018A4PS0211H,2018,483
2010B4TS0722H,2010,280
2012B4TS0496H,2012,335
2004B2TS0588G,2004,104
2016A1PS0627G,2016,439
2013A4PS0191P,2013,370
2017A1TS0131G,2017,465
2015A3PS0452G,2015,415
2015A3TS0049H,2015,409
2012AAPS0417G,2012,328
2016B1TS0430H,2016,441
2006A3PS0050H,2006,154
2014B2TS0725H,2014,384
2004AATS0373P,2004,115
2019A8TS0137H,2019,534
2009A3PS0909P,2009,269
2019B1PS0417G,2019,535
2007AATS0488P,2007,179
2005A1PS0749H,2005,129
2018B3PS0743H,2018,485
2007B5TS0531G,2007,190
2016B5PS0801H,2016,446
2017A3TS0848G,2017,457
2012A3TS0403P,2012,343
2006B1TS0343H,2006,166
2015B1TS0233H,2015,401
2012B1TS0297G,2012,346
2009B2TS0310H,2009,273
2017B4TS0281H,2017,474
2020B3TS0685P,2020,558
2019A1PS0025P,2019,525
2017A4PS0301H,2017,463
2006B4TS0184H,2006,151
2020A8TS0535H,2020,572
2021B4PS0480H,2021,610
2006A7TS0639G,2006,153
2010B4TS0643G,2010,285
2009B5TS0101G,2009,254
2024A8PS0302P,2024,784
2022A7TS0400G,2022,673
2012A4TS0550G,2012,332
2004A3PS0309H,2004,102
2013B4PS0887H,2013,371
2014B4TS0682P,2014,396
2010AATS0595H,2010,278
2017B5PS0343P,2017,467
2013B2PS0402G,2013,365
2011B3PS0561H,2011,304
2009A8PS0415G,2009,250
2013A3PS0499H,2013,359
2012A8TS0737H,2012,334
2021B5PS0554G,2021,600
2012A4PS0252P,2012,329
2004B2PS0560H,2004,117
2018AAPS0340G,2018,488
2005B3PS0326G,2005,139
2012A4TS0893P,2012,329
2020A1PS0339P,2020,574
2021A4PS0110P,2021,613
2004A1PS0751G,2004,119
2016B4PS0271P,2016,445
2014B5PS0239P,2014,376
2004B1TS0039H,2004,117
2010A1PS0858H,2010,287
2006B2PS0324G,2006,151
2008A4PS0869P,2008,234
2010B5TS0407H,2010,283
2014A7PS0514G,2014,397
2013B2PS0447G,2013,374
2024B4PS0885H,2024,815
2020B2PS0064P,2020,583
2011A3TS0203H,2011,314
2009A8TS0930P,2009,273
2013B3PS0257H,2013,367
2017AATS0348H,2017,469
2022B5TS0731G,2022,681
2024B4PS0485P,2024,830
2024A4PS0645G,2024,811
2009B4TS0900P,2009,255
2005AATS0709H,2005,142
2018A4PS0194P,2018,486
2016AATS0714P,2016,438
2016A4TS0605P,2016,437
2011AAPS0147G,2011,301
2015AAPS0212G,2015,408
2005AAPS0585G,2005,139
2021B2PS0087G,2021,607
2011B3PS0317P,2011,323
2024A8TS0892G,2024,754
2017B5PS0473P,2017,473
2024B5TS0529P,2024,839
2005AAPS0399H,2005,127
2021A1TS0280H,2021,600
2011A7PS0892G,2011,301
2022B2PS0745G,2022,676
2014A1TS0339G,2014,398
2019A1TS0077G,2019,539
2011A4TS0042G,2011,301
2004B5PS0426H,2004,103
2012B4PS0317H,2012,329
2024A3TS0899H,2024,815
2021B4TS0728P,2021,624
2004A4PS0526H,2004,114
2013A1PS0074H,2013,368
2021A3TS0556G,2021,633
2006A7TS0450P,2006,158
2007B5PS0267G,2007,199
2013A1PS0251P,2013,353
2009AAPS0160P,2009,262
2006A8TS0184H,2006,154
2012A1TS0665H,2012,347
2014A3TS0927H,2014,382
2004A4PS0534P,2004,122
2022B5PS0573G,2022,678
2011A1PS0883H,2011,304
2019B2TS0898H,2019,543
2021A4PS0253H,2021,630
2011B5TS0838P,2011,309
2008B2PS0905G,2008,227
2013B3TS0635P,2013,374
2014B2PS0541P,2014,394
2005A8TS0741G,2005,139
2019B3TS0132H,2019,542
2021A4PS0921P,2021,605
2011B1TS0876H,2011,304
2012B3PS0037P,2012,331
2015A1TS0355G,2015,419
2017A3PS0305H,2017,470
2018B2PS0077G,2018,477
2004A8TS0747P,2004,107
2020A4PS0698G,2020,566
2024B2PS0744H,2024,796
2011A8TS0675H,2011,319
2023B5PS0297G,2023,701
2009A7TS0662G,2009,257
2024A4PS0694P,2024,806
2009A3PS0391H,2009,271
2019A7PS0079H,2019,537
2008B5PS0432H,2008,249
2009AAPS0701H,2009,274
2011AATS0970P,2011,308
2011A4TS0048G,2011,304
2017A4TS0693P,2017,452
2008B4PS0864G,2008,225
2022A8TS0261G,2022,671
2012A8PS0884H,2012,336
2012A4PS0885H,2012,338
2007A7PS0127P,2007,185
2005B2TS0294G,2005,136
2005B5TS0472P,2005,149
2008A3TS0380G,2008,239
2016A4PS0070H,2016,436
2022A8TS0342G,2022,684
2024B3PS0303P,2024,830
2022A3TS0568P,2022,693
2022A1TS0185P,2022,676
2010B5TS0043H,2010,293
2022B1TS0823H,2022,687
2005B4PS0376P,2005,143
2016B3TS0618H,2016,429
2021AATS0516H,2021,616
2023B3PS0795G,2023,718
2023AAPS0063G,2023,734
2011AATS0501P,2011,313
2009B5PS0346G,2009,254
2011A4TS0599G,2011,316
2011B4TS0401H,2011,309
2012B5TS0528H,2012,347
2014B5TS0524H,2014,391
2007A4PS0686G,2007,191
2016A1PS0888P,2016,441
2016A7TS0836H,2016,428
2010A3PS0374P,2010,297
2021A7TS0824P,2021,609
2009A3PS0018P,2009,257
2012B4PS0721H,2012,335
2022A3TS0732P,2022,666
2016B3PS0307H,2016,428
2012B1TS0509H,2012,335
2012B1PS0843G,2012,341
2017B3PS0566P,2017,466
2018B2TS0275G,2018,490
2012AATS0107G,2012,349
2014B4PS0294H,2014,376
2023B1TS0617P,2023,728
2006B4PS0219P,2006,170
2015B3TS0244H,2015,424
2006AATS0718G,2006,151
2014A8PS0559G,2014,386
2023B3TS0210H,2023,748
2017B3TS0417P,2017,465
2010AATS0195H,2010,297
2011B4TS0130H,2011,308
2006AATS0543G,2006,156
2022A3TS0563H,2022,658
2009B5TS0925H,2009,260
2023A3TS0496P,2023,721
2018B3TS0572H,2018,482
2007A3TS0734H,2007,193
2019A4TS0984G,2019,512
2017A1PS0564G,2017,469
2007A8PS0577G,2007,197
2021A8PS0771P,2021,632
2010B1PS0417G,2010,283
2013A7PS0889H,2013,361
2016A1PS0046P,2016,426
2018B1PS0989H,2018,480
2009A8PS0815G,2009,255
2012B2TS0800G,2012,325
2017AAPS0500H,2017,462
2004A1PS0755G,2004,113
2011A4TS0606H,2011,314
2021A3TS0544G,2021,602
2009B2TS0142H,2009,255
2009B2PS0768G,2009,274
2004A1TS0861G,2004,110
2017A1PS0030G,2017,462
2017B1TS0486H,2017,467
2007AAPS0117G,2007,191
2015B5PS0565G,2015,416
2019B5TS0939P,2019,516
2019A8TS0951P,2019,521
2014A1TS0705H,2014,391
2024AATS0600G,2024,815
2016A3TS0532H,2016,430
2009AAPS0808H,2009,254
2017A4PS0687H,2017,458
2020B5TS0998H,2020,597
2009A3PS0213H,2009,263
2011AAPS0125P,2011,313
2004A8PS0083P,2004,107
2006A7TS0580H,2006,170
2010AAPS0438G,2010,284
2013AAPS0450P,2013,360
2019A7TS0828P,2019,526
2009AATS0254H,2009,252
2007B3PS0030P,2007,183
2023A3TS0785G,2023,717
2024A8TS0600H,2024,846
2016A3PS0058H,2016,443
2022B5TS0643G,2022,671
2021A1TS0137P,2021,648
2007A3TS0967H,2007,179
2012B1TS0710P,2012,347
2019B4TS0930G,2019,513
2007B4TS0925G,2007,175
2018A4PS0973G,2018,493
2022A3TS0655P,2022,694
2005A8PS0105P,2005,127
2019B1PS0636P,2019,541
2023A8PS0378G,2023,721
2019A3TS0196G,2019,508
2009B5TS0418G,2009,252
2021B4TS0651H,2021,639
2023A7PS0763P,2023,704
2010AATS0902H,2010,297
2004A1TS0921P,2004,106
2009A4PS0003G,2009,251
2019B3TS0165P,2019,545
2021A4TS0220G,2021,646
2022A4TS0073H,2022,657
2006A1TS0298G,2006,166
2019A3PS0100H,2019,506
2014B3PS0972G,2014,375
2019B4PS0197H,2019,549
2007AATS0243P,2007,198
2018B1PS0066P,2018,493
2015A7TS0649H,2015,422
2019B2PS0566H,2019,526
2004A1TS0101H,2004,105
2021B3PS0918P,2021,636
2004A1TS0235H,2004,101
2018A8TS0533H,2018,497
2005A4PS0094H,2005,135
2012B1PS0074G,2012,347
2012AATS0192G,2012,329
2012B2TS0868G,2012,330
2006B4PS0349H,2006,161
2023A8PS0745P,2023,725
2013A1TS0204G,2013,367
2007A8PS0908P,2007,192
2017B2TS0461G,2017,472
2007A4PS0531H,2007,179
2014B5TS0790G,2014,398
2016B2TS0998H,2016,437
2016B2TS0627P,2016,427
2004B1PS0775G,2004,114
2004A4PS0018H,2004,123
2012B1TS0291H,2012,333
2008A8PS0881P,2008,244
2016A3PS0773P,2016,446
2004B2TS0210P,2004,102
2020B5PS0631P,2020,598
2009A7TS0986H,2009,268
2021AATS0501G,2021,621
2007A4TS0965P,2007,184
2009A8TS0813H,2009,265
2024A1PS0610G,2024,775
2022A1TS0578G,2022,661
2013A4PS0274G,2013,363
2023B1PS0179G,2023,735
2018B2TS0068P,2018,497
2022B1PS0132H,2022,683
2023B5TS0768H,2023,743
2012B4TS0954H,2012,334
2010B2TS0017H,2010,298
2009A4TS0384G,2009,270
2006A7PS0582H,2006,160
2012B5TS0177G,2012,337
2010B4PS0846H,2010,296
2020B1PS0351P,2020,562
2020A3TS0995G,2020,566
2024A8TS0967P,2024,830
2008A4TS0049H,2008,237
2023B4PS0198G,2023,726
2010A1PS0841P,2010,293
2018A8PS0448P,2018,484
2009B5PS0207G,2009,274
2018AAPS0982H,2018,497
2011A8PS0121P,2011,313
2020A3PS0824H,2020,564
2017A3TS0428H,2017,468
2018B5TS0168H,2018,492
2008B5PS0586P,2008,235
2020B1PS0539G,2020,574
2019A7PS0257H,2019,540
2012B1PS0277P,2012,326
2023A3TS0548H,2023,745
2006AATS0738H,2006,159
2006B2TS0362H,2006,162
2024A1TS0476H,2024,754
2016A4PS0207G,2016,434
2012B2TS0975G,2012,336
2013A4PS0507P,2013,361
2024A7PS0546P,2024,774
2007A8TS0434P,2007,184
2022B3PS0122G,2022,657
2010AATS0079G,2010,283
2024B5PS0115G,2024,750
2016A3PS0198G,2016,442
2018A7PS0749G,2018,496
2024A1PS0205G,2024,768
2007A3PS0108G,2007,185
2013AATS0488P,2013,361
2019A1TS0268P,2019,526
2015A7TS0786H,2015,411
2010B4PS0946P,2010,286
2011B4PS0748P,2011,312
2009A1PS0063H,2009,261
2014B3TS0355H,2014,394
2020B2PS0327H,2020,566
2017B5TS0559G,2017,470
2018A1PS0255P,2018,493
2014B4TS0296H,2014,397
2013B3TS0092H,2013,361
2020B2TS0691P,2020,593
2010A4TS0625H,2010,299
2022AATS0665H,2022,699
2011B2TS0801G,2011,305
2011A8PS0333P,2011,314
2013B5PS0385P,2013,373
2008AAPS0909H,2008,248
2011B4PS0724H,2011,311
2020A1TS0063H,2020,580
2016AAPS0449H,2016,431
2020B1PS0584G,2020,568
2017B5TS0065P,2017,460
2017A7PS0964G,2017,454
2006A4PS0936H,2006,174
2018B1PS0857P,2018,492
2021A1PS0065H,2021,601
2022B1PS0453G,2022,681
2005B2TS0197H,2005,126
2022A4TS0244H,2022,654
2008B2TS0900H,2008,230
2017B2PS0421H,2017,459
2020B1TS0581G,2020,575
2015A4TS0553H,2015,415
2021A7PS0224G,2021,647
2022B2PS0981G,2022,679
2008B5PS0661P,2008,247
2013A4PS0801G,2013,361
2008A7TS0284H,2008,249
2012AATS0857H,2012,349
2018B1PS0269G,2018,479
2009AAPS0120G,2009,271
2012A4PS0769G,2012,349
2013A8PS0780H,2013,365
2016B3TS0851G,2016,436
2015AATS0545H,2015,406
2013A7PS0919G,2013,366
2021B3PS0158G,2021,615
2023B1TS0248P,2023,741
2006B1PS0298H,2006,159
2020A3TS0778G,2020,599
2013B3PS0777P,2013,371
2004A1TS0278G,2004,110
2021B2TS0400G,2021,642
2014A7PS0313P,2014,381
2007A7PS0082G,2007,189
2018B4PS0355G,2018,484
2011A4PS0620H,2011,307
2017A4PS0415G,2017,456
2019A7TS0899G,2019,509
2022B4PS0964P,2022,689
2019B5TS0176P,2019,549
2013B1TS0702P,2013,356
2024A4TS0700G,2024,817
2007AAPS0455H,2007,175
2019B4PS0851P,2019,525
2012A1TS0589H,2012,348
2017A1PS0682H,2017,459
2023B3PS0072G,2023,741
2012AATS0518P,2012,332
2004B1PS0073P,2004,111
2024A8TS0033H,2024,809
2010B1PS0302H,2010,294
2015B2PS0967G,2015,411
2022B1PS0430G,2022,693
2006A8PS0156P,2006,168
2007A3PS0837G,2007,194
2011A4TS0477G,2011,322
2012A4TS0467P,2012,333
2007A4PS0966P,2007,178
2010A4PS0263H,2010,298
2013A7TS0652H,2013,355
2013B1TS0830H,2013,372
2019B5PS0022G,2019,514
2022B3TS0725H,2022,668
2019A7TS0725G,2019,548
2018B4PS0429G,2018,485
2010B2TS0348P,2010,283
2012B1PS0626P,2012,349
2024B3TS0523H,2024,821
2011A7TS0531H,2011,304
2007A8TS0793P,2007,194
2017A4TS0974G,2017,465
2010A8PS0166P,2010,290
2013AATS0815H,2013,359
2009A3PS0837G,2009,256
2020A4PS0142H,2020,571
2013A7PS0437H,2013,368
2012A7TS0396P,2012,340
2007B2TS0379P,2007,190
2013B4PS0526P,2013,364
2010A7TS0595H,2010,299
2021A3PS0770H,2021,609
2024A4TS0037P,2024,844
2021AAPS0622G,2021,646
2009B5TS0651P,2009,272
2012A8TS0107P,2012,334
2011B2TS0356H,2011,320
2014A8PS0378P,2014,386
2024A3PS0579P,2024,846
2021A1PS0383G,2021,603
2008A3TS0526P,2008,234
2010B1TS0925H,2010,282
2020B2TS0491H,2020,581
2005B1PS0204P,2005,145
2022A8TS0237H,2022,662
2007A4PS0562H,2007,196
2008A7PS0748H,2008,240
2011B5TS0877G,2011,312
2006B3PS0079G,2006,150
2023B1TS0685P,2023,744
2004B4TS0325P,2004,120
2017B3PS0642H,2017,460
2007B3TS0848P,2007,180
2014B4PS0306P,2014,393
2014A3TS0088G,2014,398
2015A3TS0392G,2015,416
2010A4TS0984H,2010,276
2020B1PS0712P,2020,557
2012B1TS0166P,2012,344
2024AATS0589G,2024,843
2019A4TS0752H,2019,522
2006A4PS0902P,2006,152
2006A1TS0812H,2006,165
2023A7TS0549H,2023,727
2011AAPS0638P,2011,319
2023A8TS0167P,2023,713
2018AATS0451G,2018,496
2022B3TS0312H,2022,683
2007B3TS0035P,2007,180
2020AAPS0245G,2020,572
2013A1PS0696H,2013,352
2008AATS0917H,2008,235
2024AAPS0909P,2024,823
2023A3PS0932G,2023,709
2023A3PS0453P,2023,740
2023B2TS0278H,2023,743
2012B3PS0512H,2012,336
2022A7TS0466G,2022,669
2012B1PS0799G,2012,334
2019B2PS0551G,2019,502
2018B3TS0184H,2018,479
2009A3PS0084G,2009,272
2022B3TS0555H,2022,698
2012B4TS0920G,2012,344
2007A3PS0397H,2007,198
2018B3TS0711H,2018,492
2011B2PS0532P,2011,302
2013AATS0670G,2013,352
2014A8PS0384P,2014,384
2010AATS0419H,2010,280
2007A1TS0748H,2007,184
2021A3TS0947P,2021,646
2004A3TS0071G,2004,120
2022B3PS0245G,2022,664
2020A4PS0265P,2020,567
2016A8PS0322P,2016,435
2016AAPS0459P,2016,443
2005A8PS0745P,2005,130
2017A7TS0873G,2017,455
2021A4TS0128H,2021,603
2024B3PS0816P,2024,788
2020A1TS0865P,2020,595
2022B5PS0249H,2022,663
2005A3PS0749G,2005,132
2008B3PS0213G,2008,230
2024A1TS0425P,2024,794
2021B1TS0615P,2021,600
2019B4PS0602P,2019,505
2018AAPS0187H,2018,490
2013B1PS0257G,2013,350
2016A7TS0514G,2016,444
2009B1PS0273G,2009,253
2013A8PS0527P,2013,357
2017A8TS0101P,2017,460
2019A3PS0112G,2019,535
2007B2PS0879G,2007,184
2015A4PS0990P,2015,418
2006A7TS0704G,2006,167
2006A3TS0838P,2006,169
2021B5PS0780P,2021,615
2014B3TS0800G,2014,388
2022A1PS0497P,2022,684
2017A8TS0913G,2017,464
2013A4PS0605G,2013,357
2011B4TS0914G,2011,309
2013B2PS0125G,2013,359
2023B5TS0653H,2023,738
2005B3PS0421G,2005,139
2015B4TS0976G,2015,418
2022A8TS0440H,2022,655
2020AAPS0215P,2020,591
2022AATS0435G,2022,651
2016A7PS0634H,2016,440
2016A4PS0562G,2016,432
2021AAPS0989P,2021,649
2020B3PS0627P,2020,552
2013A1TS0998H,2013,353
2014B4PS0099H,2014,383
2019A4TS0647G,2019,532
2004A1PS0981G,2004,103
2007A8TS0290G,2007,189
2020A3TS0826H,2020,570
2022A3PS0869P,2022,676
2022A4PS0054H,2022,679
2016B5TS0607P,2016,441
2014A3PS0826P,2014,376
2007A1PS0294P,2007,177
2015B4TS0863G,2015,407
2010A8TS0124H,2010,277
2022A4PS0388G,2022,667
2013B3TS0541H,2013,365
2015A1PS0418G,2015,401
2022AATS0720H,2022,658
2008B2TS0999P,2008,248
2013B2PS0569H,2013,356
2012B2TS0409P,2012,334
2008A1PS0653P,2008,229
2017A8PS0478P,2017,453
2011B4PS0441P,2011,320
2012AATS0275P,2012,342
2010A1TS0841P,2010,285
2016A1PS0559H,2016,427
2010B2PS0194G,2010,282
2017A8PS0441G,2017,473
2007B3TS0309H,2007,188
2004A3PS0477G,2004,122
2012A7TS0602P,2012,329
2011B3TS0925G,2011,319
2008A7PS0334G,2008,237
2019A4PS0697G,2019,509
2013A8PS0983P,2013,367
2019A7TS0996H,2019,518
2008B3TS0420H,2008,230
2005A1TS0846P,2005,134
2024A3PS0624H,2024,779
2013A8TS0032P,2013,359
2023AAPS0761P,2023,747
2021B4PS0122G,2021,637
2024A1TS0655P,2024,814
2014A1TS0472G,2014,380
2010AAPS0830H,2010,286
2021A4PS0667H,2021,606
2005B3TS0964G,2005,138
2018B2TS0645G,2018,498
2017A4TS0481H,2017,465
2004A1TS0724G,2004,113
2008A4TS0118G,2008,247
2006B1TS0918H,2006,158
2007A1PS0883H,2007,184
2021A8TS0528P,2021,639
2013B4PS0613G,2013,360
2011A1TS0614P,2011,321
2006A1TS0041H,2006,156
2005B5PS0287P,2005,136
2004A1TS0364G,2004,110
2021B2PS0355H,2021,612
2011B4PS0854P,2011,318
2017A1PS0561G,2017,452
2006A7TS0704P,2006,150
2021A4TS0848G,2021,617
2016A7TS0671P,2016,430
2024A4TS0279H,2024,823
2022B4PS0566H,2022,689
2007B3TS0397G,2007,186
2004AAPS0065H,2004,121
2013B1PS0381G,2013,362
2020B1PS0636P,2020,552
2017B3TS0574G,2017,471
2017AATS0034G,2017,466
2013B2TS0701P,2013,356
2020B3TS0193G,2020,557
2023B5PS0612G,2023,730
2005A4PS0439H,2005,128
2014B4PS0078G,2014,384
2018A1PS0107H,2018,488
2012B2TS0418P,2012,333
2016B1TS0179P,2016,444
2018A3PS0607P,2018,499
2024B2TS0898H,2024,794
2006A4TS0446G,2006,166
2013B5PS0875P,2013,363
2022B1PS0903H,2022,658
2021B3TS0115H,2021,633
2007B5TS0024P,2007,191
2009B1TS0496G,2009,257
2024AATS0356P,2024,769
2014AAPS0736H,2014,378
2007B1PS0031G,2007,191
2012A1TS0932P,2012,338
2015A3PS0628G,2015,410
2010B5PS0601H,2010,287
2024A7TS0110P,2024,843
2020A7PS0284H,2020,558
2022B1PS0709H,2022,694
2016A7TS0143H,2016,432
2023A3PS0746H,2023,749
2007B3PS0605P,2007,185
2016B1TS0313P,2016,439
2016B3PS0152P,2016,432
2016A1TS0498P,2016,432
2008A1PS0472H,2008,236
2010A3TS0807H,2010,285
2023B2TS0351G,2023,727
2004B5TS0334H,2004,105
2020A7PS0704P,2020,577
2014B3PS0434H,2014,397
2004B4PS0359H,2004,117
2017B2TS0659G,2017,458
2005A4TS0958H,2005,144
2014A7PS0087H,2014,377
2008B3PS0632G,2008,230
2020B5TS0900H,2020,565
2020B4PS0886P,2020,577
2007A4TS0999H,2007,191
2011A1TS0297H,2011,307
2024A7PS0589P,2024,771
2010B5TS0224P,2010,298
2006B1PS0571P,2006,168
2017B1TS0919P,2017,459
2023A3PS0085G,2023,714
2016B2PS0595G,2016,426
2004B4PS0906P,2004,119
2004B4PS0579P,2004,116
2021B4PS0610P,2021,600
2016A3PS0874H,2016,425
2024A1PS0929P,2024,836
2017B3TS0853G,2017,474
2016B4TS0668P,2016,448
2014B1PS0506P,2014,375
2005A7TS0118H,2005,134
2007A3TS0275H,2007,185
2023B5PS0609H,2023,740
2024B1PS0314H,2024,835
2020B4PS0578H,2020,564
2014B4TS0502P,2014,376
2013A3TS0472G,2013,359
2004B5PS0437H,2004,115
2013A7PS0071P,2013,354
2004A1TS0421G,2004,122
2015A8PS0817G,2015,412
2019A7PS0328H,2019,527
2017A7TS0221G,2017,473
2011B5PS0332G,2011,316
2022A1TS0863H,2022,689
2005A1TS0325H,2005,146
2010B1PS0373P,2010,278
2011AATS0950P,2011,311
2016B2PS0575G,2016,444
2016B2PS0494H,2016,437
2007B4PS0768G,2007,182
2020A8PS0461G,2020,570
2022B4PS0257P,2022,664
2006A3PS0583P,2006,158
2018A1TS0557H,2018,499
2024B1PS0088P,2024,776
2006B2PS0077G,2006,161
2023B3PS0729P,2023,749
2016A8TS0444H,2016,438
2005B1TS0279P,2005,138
2009A1PS0232G,2009,250
2004A3TS0168G,2004,101
2021A3PS0411P,2021,635
2005AAPS0413P,2005,140
2012A7PS0797G,2012,328
2020B3TS0710P,2020,559
2017B1PS0596H,2017,458
2011AAPS0067G,2011,323
2016B4PS0201P,2016,430
2022A8TS0351H,2022,683
2004B1TS0948G,2004,123
2006A8TS0989H,2006,156
2010B1PS0792G,2010,295
2011B3PS0322G,2011,315
2024B5PS0610G,2024,842
2009A7TS0712G,2009,261
2023A8TS0267P,2023,748
2013B2TS0350G,2013,359
2010A1PS0675H,2010,275
2007B4PS0747P,2007,195
2016B5TS0224G,2016,430
2017A7TS0312H,2017,471
2018B1PS0453G,2018,475
2012B1TS0260G,2012,333
2008B4TS0091G,2008,226
2018A1TS0632H,2018,483
2018A8PS0601P,2018,495
2004B5TS0033H,2004,112
2023A1TS0592H,2023,727
2012A7TS0318G,2012,329
2023B4PS0161P,2023,745
2017A7TS0433P,2017,473
2010A7PS0323G,2010,282
2023B2TS0678H,2023,730
2023A1PS0160P,2023,731
2010B3TS0157G,2010,279
2010B2TS0109H,2010,298
2013A4TS0453P,2013,365
2024B5PS0659P,2024,814
2012B3TS0868P,2012,331
2009A7TS0523P,2009,255
2017B3TS0255G,2017,470
2005B4TS0874G,2005,133
2007B1PS0828P,2007,186
2013AAPS0890P,2013,358
2008B4TS0816P,2008,239
2012A3PS0515P,2012,327
2019A8PS0382P,2019,532
2007B2PS0479P,2007,198
2021B2PS0026H,2021,602
2018A7TS0757G,2018,481
2018B2PS0408P,2018,494
2007B3PS0276H,2007,184
2016A1PS0100G,2016,431
2018B3TS0643G,2018,494
2014A8TS0043H,2014,387
2013A7PS0575P,2013,355
2013B3TS0516P,2013,357
2019A4PS0473H,2019,528
2020B3PS0374G,2020,555
2013A8TS0422G,2013,372
2024B3TS0176P,2024,799
2004A4PS0182G,2004,118
2015B1TS0811P,2015,405
2015B3PS0882G,2015,418
2006B1PS0693G,2006,162
2011A3PS0515P,2011,305
2020A8PS0439H,2020,581
2010AATS0148H,2010,280
2022A4TS0600P,2022,679
2022B3PS0896G,2022,690
2019A1PS0826H,2019,517
2023B4PS0664P,2023,730
2018B4TS0060P,2018,482
2013A4TS0322G,2013,357
2009A4PS0181P,2009,258
2009A8PS0630G,2009,268
2022A8PS0974G,2022,670
2004A7TS0938P,2004,114
2012A4PS0288H,2012,346
2015A8TS0821G,2015,417
2014B4TS0492G,2014,396
2014AATS0915G,2014,384
2006A4PS0447P,2006,157
2017B5TS0649G,2017,468
2010B4TS0490P,2010,297
2006A7TS0508H,2006,157
2004B2PS0521P,2004,108
2015B5TS0419P,2015,416
2016A1TS0613G,2016,441
2012A1PS0385H,2012,348
2018B5PS0441H,2018,478
2020B5PS0379H,2020,564
2008A1TS0343H,2008,244
2015A4TS0180P,2015,415
2006A7TS0103G,2006,162
2024B3TS0144G,2024,753
2008A1TS0880G,2008,225
2022B4TS0612H,2022,675
2021B1PS0852P,2021,631
2011B2TS0160G,2011,313
2012B1PS0173P,2012,342
2023A1TS0445H,2023,737
2017A1PS0737P,2017,454
2013B5PS0748G,2013,356
2005A3PS0939G,2005,133
2008A1TS0651P,2008,244
2020A1PS0954H,2020,592
2022B1TS0135P,2022,679
2016A3TS0405P,2016,442
2021B2TS0863G,2021,610
2006A1PS0314G,2006,171
2010A8TS0249P,2010,299
2014B1TS0276H,2014,375
2020B5PS0817H,2020,570
2018A3PS0466H,2018,494
2009B3TS0085H,2009,269
2018B4PS0174P,2018,482
2005B4TS0327G,2005,139
2019A7PS0275H,2019,505
2015B1TS0817H,2015,424
2017B5PS0658H,2017,456
2012B4PS0564P,2012,332
2017A8TS0656P,2017,468
2024B3TS0191G,2024,833
2008B1TS0684G,2008,225
2022B2PS0937G,2022,692
2024B5TS0237P,2024,769
2022B2PS0871H,2022,691
2021A4PS0237H,2021,622
2015B5TS0653G,2015,403
2006A3TS0094H,2006,171
2024B2TS0704P,2024,818
2024A4TS0062H,2024,772
2012B5PS0936P,2012,334
2011B5TS0691H,2011,311
2008A3PS0728G,2008,240
2014B3TS0522H,2014,391
2021A3PS0368G,2021,605
2019A7PS0175P,2019,546
2014AAPS0777H,2014,375
2007A3TS0197H,2007,199
2013A7PS0492G,2013,360
2015B4PS0284H,2015,405
2020B3PS0148G,2020,579
2010B4TS0015G,2010,292
2014A8TS0613G,2014,379
2014A3PS0907H,2014,389
2019B2PS0258G,2019,546
2015A8PS0777G,2015,408
2015A7PS0169G,2015,400
2012B3TS0632G,2012,335
2009AAPS0289H,2009,258
2020A1PS0907P,2020,550
2019B3PS0773H,2019,520
2007A7TS0292P,2007,185
2016A7PS0766P,2016,441
2011A1TS0051H,2011,301
2011B1TS0131H,2011,320
2014A4TS0378H,2014,382
2009A1TS0166P,2009,250
2015A1TS0809H,2015,418
2020B4TS0150P,2020,550
2020B3PS0843P,2020,582
2007A7TS0305G,2007,186
2013AATS0755P,2013,367
2008A1TS0771G,2008,243
2013A7TS0386P,2013,360
2006A4TS0777G,2006,152
2023B4TS0019P,2023,725
2016A1TS0062G,2016,431
2010B2TS0138H,2010,281
2011B5PS0579P,2011,313
2010A7PS0931P,2010,278
2017B4PS0331P,2017,463
2014B1TS0435P,2014,386
2018A1PS0423H,2018,479
2013A1PS0933H,2013,367
2010B1TS0179G,2010,282
2018B5TS0338G,2018,490
2009A3TS0862G,2009,269
2022B2TS0337H,2022,681
2015A3TS0815P,2015,413
2022AAPS0824P,2022,672
2013B3TS0474H,2013,360
2020A7TS0296P,2020,594
2007A7TS0552G,2007,188
2023B3PS0319G,2023,713
2014B4TS0689P,2014,396
2007B4PS0594H,2007,197
2014AATS0306P,2014,378
2017A4TS0410G,2017,451
2007B2TS0420P,2007,190
2012A3TS0735G,2012,346
2007B4TS0033H,2007,196
2009AATS0363H,2009,259
2019A7TS0559H,2019,537
2008A1TS0653H,2008,239
2023A4TS0761H,2023,733
2010B3TS0162G,2010,298
2019A1TS0375P,2019,511
2013A8PS0700G,2013,363
2021A8TS0352H,2021,601
2021B3PS0729H,2021,608
2004A1PS0011P,2004,115
2015B2TS0428P,2015,400
2011A8PS0586P,2011,302
2022B4PS0862G,2022,652
2010B5TS0327H,2010,296
2007B3PS0409H,2007,198
2006B5TS0757G,2006,158
2024B3PS0644P,2024,808
2012B2PS0133H,2012,333
2019A4TS0149G,2019,507
2017B4PS0442H,2017,466
2024A1TS0438P,2024,812
2022A8TS0218H,2022,675
2020A3PS0758G,2020,556
2012AATS0737G,2012,327
2021B1TS0034H,2021,611
2022B2PS0047H,2022,663
2020B4TS0336P,2020,575
2023A3PS0814P,2023,724
2006A8PS0929P,2006,165
2022B3PS0964G,2022,667
2019A3PS0400P,2019,531
2018B4PS0146P,2018,486
2008A1PS0655H,2008,241
2006A7PS0226H,2006,162
2015B2PS0793P,2015,422
2013A3TS0650G,2013,353
2008AAPS0451P,2008,238
2011B5PS0983G,2011,300
2017A7TS0774H,2017,459
2024AATS0421H,2024,813
2016A1PS0152H,2016,432
2015B3TS0509G,2015,400
2009A3TS0192H,2009,265
2014B1PS0245G,2014,387
2024A7TS0961G,2024,822
2021B5PS0671H,2021,639
2004AAPS0009G,2004,122
2018B1TS0078G,2018,490
2022A3TS0035P,2022,670
2004B3TS0801H,2004,101
2011B2PS0961P,2011,314
2010B5PS0009P,2010,293
2014B4PS0319H,2014,389
2007A4TS0409P,2007,177
2022B2TS0949P,2022,683
2006A4TS0700H,2006,152
2021AAPS0348H,2021,620
2014B5PS0796G,2014,397
2006B5PS0798P,2006,169
2017B1PS0332P,2017,458
2010B5PS0138P,2010,289
2017B4TS0055P,2017,466
2005A3TS0878P,2005,129
2005A1TS0075P,2005,126
2004AATS0785H,2004,124
2024B4TS0460P,2024,833
2011A3TS0166H,2011,315
2009A3TS0511P,2009,252
2023B5TS0929P,2023,727
2019B4TS0567H,2019,523
2012B2PS0673P,2012,344
2006B2PS0959H,2006,155
2009A8TS0237G,2009,253
2014B5PS0285G,2014,381
2009B2PS0856H,2009,270
2020B2TS0314G,2020,561
2012B5TS0743G,2012,334
2017A4PS0375G,2017,450
2008A8PS0086G,2008,231
2015B1PS0715P,2015,414
2006B4TS0922P,2006,160
2006B5TS0618G,2006,162
2006B4PS0698H,2006,172
2013A1PS0472P,2013,353
2024A3PS0984H,2024,847
2016A8TS0179G,2016,438
2020A3PS0565P,2020,562
2012A3TS0586H,2012,326
2020B4PS0947H,2020,589
2021A7TS0007G,2021,613
2016B2TS0850H,2016,449
2011B3PS0688G,2011,307
2024AAPS0146H,2024,788
2014B3PS0648P,2014,375
2022A4PS0978H,2022,660
2004B2PS0670G,2004,115
2017B2TS0881G,2017,474
2017B5TS0338G,2017,470
2006A3TS0159P,2006,167
2007B4TS0829P,2007,179
2016A8PS0684P,2016,435
2005B3TS0393G,2005,146
2014B1TS0965P,2014,386
2012B1TS0262G,2012,327
2010A3TS0611G,2010,298
2021A1PS0431H,2021,613
2017B4TS0217H,2017,459
2005AAPS0344P,2005,132
2017B5PS0714G,2017,465
2009A8TS0676P,2009,269
2024B1PS0070G,2024,775
2005A7PS0768G,2005,145
2010B4PS0521P,2010,277
2012A1TS0152G,2012,345
2021A7TS0898P,2021,639
2023A7TS0896H,2023,747
2023B4TS0257G,2023,730
2005A8PS0022H,2005,128
2019B4PS0218H,2019,518
2010A7TS0680H,2010,276
2024A8PS0047G,2024,760
2018B2TS0811H,2018,496
2024A7TS0465G,2024,827
2022A3TS0080H,2022,658
2015A7TS0148H,2015,415
2012A1TS0510P,2012,337
2010AAPS0236H,2010,279
2010A4TS0694P,2010,289
2023B5TS0174G,2023,726
2007A1PS0092P,2007,176
2011A8TS0591G,2011,311
2023A4TS0302G,2023,709
2014B3TS0405H,2014,388
2024B5PS0836P,2024,752
2014A1PS0640P,2014,383
2004AATS0890P,2004,121
2007AAPS0728G,2007,199
2011B3PS0292G,2011,321
2004B5TS0394P,2004,110
2011B2PS0664H,2011,319
2022B3TS0040P,2022,696
2013B1PS0243H,2013,365
2012A7TS0092G,2012,331
2008B1PS0666P,2008,240
2022A3PS0727G,2022,667
2019B3PS0749P,2019,521
2022A1PS0194G,2022,697
2018AATS0539H,2018,493
2024A7TS0669P,2024,763
2020A7PS0159P,2020,571
2014B2TS0165G,2014,386
2021B3TS0522G,2021,630
2014A3TS0832G,2014,386
2013A3PS0775H,2013,366
2023B2PS0443G,2023,727
2018B5PS0023P,2018,485
2021A8TS0289H,2021,615
2008A4PS0583G,2008,238
2004B1PS0113H,2004,107
2012B5TS0931G,2012,347
2018A8TS0874G,2018,492
2006AATS0353P,2006,166
2020B1PS0159P,2020,573
2021A4TS0954H,2021,608
2016B4TS0792G,2016,434
2024B3PS0491H,2024,825
2012B1PS0986H,2012,342
2008B1PS0770G,2008,239
2015B3PS0721P,2015,408
2021B3TS0543P,2021,600
2023B2TS0992P,2023,727
2022AAPS0625G,2022,697
2010A8PS0142G,2010,296
2015A1PS0259H,2015,404
2024A3PS0680G,2024,797
2008B4PS0961H,2008,249
2004B4TS0560G,2004,124
2006B5TS0339H,2006,167
2020B5TS0594H,2020,593
2010A1TS0809P,2010,288
2007A4TS0256H,2007,196
2023B1PS0212H,2023,719
2016AATS0496H,2016,441
2015A3TS0268G,2015,404
2011AAPS0907P,2011,324
2015A4TS0448G,2015,419
2014A3TS0884G,2014,389
2010A8PS0753G,2010,294
2016A1PS0120G,2016,431
2005A8TS0383H,2005,140
2005B3PS0128G,2005,136
2008B2TS0991G,2008,241
2019B3PS0462P,2019,544
2004A1PS0513P,2004,109
2017A4PS0154G,2017,470
2013AAPS0348H,2013,369
2018B2PS0754P,2018,483
2010A4PS0255G,2010,282
2009A3PS0913P,2009,271
2019A1TS0140P,2019,515
2017B2PS0029G,2017,455
2005B4PS0181H,2005,145
2010B2PS0984H,2010,293
2021A1PS0400P,2021,622
2022B5TS0703H,2022,677
2014A1PS0379G,2014,375
2005A1PS0828H,2005,131
2020B2PS0451H,2020,552
2023B3TS0201G,2023,730
2009A1TS0385P,2009,270
2014A4TS0522G,2014,376
2022A4PS0782P,2022,678
2016B4TS0807H,2016,429
2004A8PS0727G,2004,102
2014A8TS0987G,2014,387
2015A3TS0367H,2015,409
2023A7TS0604G,2023,703
2015AAPS0412H,2015,415
2010B3TS0038P,2010,285
2010B3PS0588G,2010,287
2004A4TS0620G,2004,101
2012A7PS0516P,2012,326
2021B4TS0763P,2021,622
2015B4TS0551G,2015,408
2022B5TS0748G,2022,662
2020B2TS0560H,2020,571
2006A4TS0380G,2006,151
2005A7PS0847P,2005,142
2023A1TS0564P,2023,701
2022B5TS0694G,2022,696
2006A7PS0829P,2006,160
2015B2PS0353P,2015,413
2014B3PS0528P,2014,377
2010A8TS0419G,2010,289
2018A1PS0305P,2018,485
2013B5PS0503G,2013,355
2024A8TS0297P,2024,804
2004B3PS0814P,2004,122
2008A4PS0403H,2008,233
2008B3PS0102P,2008,245
2005A8TS0431P,2005,140
2015B1PS0128P,2015,400
2018A3PS0691G,2018,499
2013B1TS0011G,2013,363
2013A8PS0931P,2013,365
2011A7TS0412H,2011,317
2013A8TS0851P,2013,363
2020A3PS0928H,2020,584
2013A8PS0587P,2013,363
2015B3PS0994P,2015,419
2020A7TS0775H,2020,566
2015A1TS0167P,2015,400
2018A7TS0654H,2018,481
2024A4TS0763P,2024,811
2019B3PS0756H,2019,513
2023A4PS0152P,2023,740
2020A8PS0137H,2020,580
2015A3PS0283P,2015,403
2009A3PS0716P,2009,250
2021B5TS0115G,2021,622
2012B4TS0021G,2012,342
2004B1PS0313H,2004,118
2011AAPS0364H,2011,309
2020A8PS0841P,2020,593
2009A4PS0881P,2009,267
2008A1TS0273G,2008,226
2008A8PS0012P,2008,227
2012B4PS0186H,2012,334
2011A3TS0080G,2011,300
2006B5PS0011H,2006,160
2008B5PS0337G,2008,240
2019A4PS0724H,2019,546
2024AAPS0798H,2024,821
2024B1PS0232G,2024,817
2011B4PS0400P,2011,305
2022B4TS0194H,2022,681
2014B3TS0630G,2014,389
2005AAPS0782G,2005,128
2007B1PS0183G,2007,195
2007B1TS0117H,2007,184
2021A4TS0855P,2021,626
2009A8PS0035G,2009,267
2009A1TS0315P,2009,274
2014B5TS0968P,2014,391
2017AATS0556G,2017,473
2017B5TS0040G,2017,454
2021B5PS0849G,2021,649
2022A3TS0005H,2022,665
2013A4PS0248P,2013,360
2019B5PS0545G,2019,516
2024A8PS0719H,2024,805
2021B4TS0503H,2021,620
2006AATS0616G,2006,160
2024B1TS0041G,2024,789
2007AATS0123P,2007,192
2008AATS0630P,2008,247
2005B5TS0230H,2005,149
2005B3TS0451H,2005,128
2024A1PS0891G,2024,808
2019AATS0084G,2019,531
2009AATS0142G,2009,255
2013B5TS0879H,2013,373
2016B2TS0075P,2016,434
2014AAPS0654G,2014,380
2012A3PS0930H,2012,340
2022A4PS0896P,2022,682
2007AATS0432H,2007,182
2017A4TS0263H,2017,450
2008A1TS0891P,2008,240
2007B5PS0712H,2007,177
2015A7TS0273G,2015,415
2023A4PS0949P,2023,720
2008B4PS0216H,2008,234
2022A3TS0437H,2022,664
2010B3PS0538H,2010,295
2022A8PS0275G,2022,685
2017A1PS0304H,2017,465
2023B4PS0477G,2023,720
2013B2PS0078H,2013,374
2015B4PS0105P,2015,421
2011A4TS0802G,2011,301
2005B5TS0053P,2005,132
2018A3TS0936G,2018,494
2021A4PS0731G,2021,646
2005A4PS0563H,2005,135
2016A1PS0350H,2016,428
2019A3PS0694P,2019,527
2015A8TS0144H,2015,411
2022B1TS0824P,2022,657
2020B4PS0349H,2020,560
2020B2TS0892P,2020,570
2013A7PS0175P,2013,367
2020A3TS0634G,2020,591
2018A7PS0175H,2018,492
2009A1TS0011P,2009,262
2022A1PS0674G,2022,697
2019A4TS0414H,2019,517
2012AAPS0379G,2012,327
2020B5PS0069P,2020,579
2017B1PS0622P,2017,459
2018A4PS0008G,2018,478
2020A4PS0364H,2020,599
2005A1PS0056H,2005,142
2020A7TS0823H,2020,585
2013B4TS0290G,2013,354
2020A3PS0538H,2020,583
2008A7TS0871H,2008,245
2017A8TS0966P,2017,453
2022B2PS0387H,2022,665
2014A8PS0974P,2014,390
2015A8PS0244P,2015,411
2014AATS0312G,2014,385
2012B5TS0751H,2012,326
2007A4PS0627G,2007,179
2007B5TS0634P,2007,193
2013A7PS0096P,2013,350
2022A8TS0805G,2022,683
2013B2PS0621G,2013,359
2007A8TS0967P,2007,196
2022B2TS0160H,2022,682
2008B5TS0587P,2008,241
2010A8TS0410P,2010,290
2023B3TS0448H,2023,749
2022A3TS0735G,2022,670
2014A4PS0961P,2014,390
2023A8TS0719P,2023,705
2010A8TS0529P,2010,289
2018B4TS0976G,2018,484
2009A1TS0806G,2009,262
2008A4PS0078P,2008,230
2016A8TS0249G,2016,442
2007A4PS0104G,2007,179
2012B1TS0583P,2012,328
2020B3PS0861H,2020,573
2014A7TS0702P,2014,387
2021B3PS0312H,2021,618
2019A1PS0675P,2019,522
2012A1TS0338P,2012,332
2021B2TS0008P,2021,631
2006B2TS0767P,2006,158
2007AATS0979P,2007,180
2022B1TS0968G,2022,671
2017B1PS0923G,2017,464
2013A4TS0153H,2013,351
2008B5PS0341H,2008,237
2005AATS0411P,2005,148
2009A7TS0111P,2009,253
2007A7TS0019H,2007,190
2020A7TS0335P,2020,595
2009B5PS0250G,2009,271
2010B5TS0728G,2010,294
2022B3PS0053G,2022,650
2016B1TS0033P,2016,440
2017B2PS0645P,2017,467
2011A8TS0200G,2011,305
2005B3TS0704H,2005,144
2023A1TS0226P,2023,747
2022A1PS0811H,2022,688
2011B2TS0162G,2011,322
2012B4TS0992P,2012,343
2013B1PS0817P,2013,372
2023A8TS0769P,2023,704
2015A8PS0322G,2015,402
2006B2TS0054P,2006,162
2008A4TS0723G,2008,243
2014B2TS0966P,2014,396
2020B5TS0068P,2020,575
2024A7PS0998G,2024,834
2013A3TS0417H,2013,370
2010AAPS0312P,2010,279
2024B5PS0941H,2024,759
2016B1PS0760P,2016,449
2015B5TS0964G,2015,404
2023A8TS0268G,2023,741
2015A1PS0498G,2015,409
2009A8TS0781P,2009,266
2017A4TS0961P,2017,455
2017AAPS0984P,2017,452
2021A8PS0298P,2021,644
2010B2PS0975P,2010,289
2024A7TS0069H,2024,794
2006A7TS0583P,2006,167
2008A1PS0945G,2008,238
2020A3PS0872P,2020,578
2016A1TS0230G,2016,434
2006B4TS0598H,2006,151
2021A3PS0749G,2021,635
2013B5TS0518H,2013,367
2005B1TS0669P,2005,143
2008A1PS0301G,2008,249
2016A4TS0034H,2016,425
2011B2TS0445G,2011,302
2014B5TS0607G,2014,392
2006A1TS0567G,2006,158
2021A7TS0615P,2021,644
2016B2PS0287G,2016,446
2017A3PS0885G,2017,462
2014A3TS0856G,2014,387
2013B3TS0160H,2013,351
2017A3TS0250H,2017,457
2013AATS0731G,2013,359
2024B4PS0237P,2024,771
2010A3TS0416H,2010,292
2017B4PS0350H,2017,450
2019A1TS0388H,2019,547
2022A1PS0855H,2022,666
2007B4TS0601G,2007,188
2009A3PS0215H,2009,251
2020B2TS0467H,2020,584
2018A1PS0165H,2018,478
2013A7TS0049G,2013,367
2023A3TS0892H,2023,732
2006B3PS0170H,2006,174
2005B4TS0309H,2005,149
2011A3TS0684G,2011,309
2007B1PS0588G,2007,192
2012A7PS0037P,2012,325
2023B1TS0855P,2023,714
2015AATS0386P,2015,417
2016B3PS0601H,2016,442
2022A1PS0271H,2022,677
2005A8PS0673P,2005,148
2016A3TS0458G,2016,448
2021A3PS0339H,2021,608
2005B4PS0374G,2005,133
2023B5TS0162G,2023,738
2014A4PS0628H,2014,398
2019B3TS0330P,2019,520
2021A8PS0915P,2021,628
2010A4TS0821P,2010,289
2019B5TS0274P,2019,548
2006B1TS0766P,2006,161
2020B3PS0731H,2020,554
2019B4TS0962H,2019,515
2012B4PS0235H,2012,331
2011A4PS0622P,2011,316
2020B3TS0171H,2020,592
2016A1PS0968P,2016,448
2009A1TS0558P,2009,257
2004A7TS0420P,2004,118
2017A7TS0211G,2017,463
2016B3TS0810P,2016,432
2007B5TS0041G,2007,180
2005A8PS0947P,2005,145
2021B2TS0611G,2021,639
2014B2PS0695G,2014,390
2017B3PS0392G,2017,455
2009B2TS0760H,2009,264
2014A7TS0348P,2014,391
2021A8TS0855G,2021,626
2016A3PS0681H,2016,435
2019B5PS0192P,2019,506
2004A3TS0782P,2004,111
2012B5TS0167G,2012,337
2019B5PS0975H,2019,531
2011B5PS0888H,2011,312
2013A7TS0678G,2013,353
2007B4PS0467P,2007,186
2004B1PS0038P,2004,117
2016A1TS0781G,2016,432
2023A1TS0082P,2023,704
2016B5PS0199H,2016,430
2011A8PS0899G,2011,313
2021B4TS0102H,2021,628
2005A3PS0900G,2005,139
2008A1TS0966P,2008,238
2011B3PS0989P,2011,308
2012B2TS0744G,2012,328
2015B1TS0594P,2015,400
2013B3TS0935H,2013,351
2018B2TS0859G,2018,480
2014B4TS0986G,2014,395
2019B1PS0174G,2019,512
2007A8PS0776P,2007,196
2014A7TS0636P,2014,376
2011A7PS0089P,2011,323
2012A7TS0653G,2012,347
2009B5TS0676G,2009,264
2004A7TS0776H,2004,103
2004A4PS0628G,2004,105
2008A3PS0726P,2008,234
2018B1TS0845G,2018,488
2017A3TS0935G,2017,472
2021A1PS0154G,2021,604
2012AATS0579G,2012,345
2006B3TS0851P,2006,153
2014B3TS0640H,2014,391
2008B2PS0753P,2008,227
2017A8TS0884P,2017,451
2020AATS0014P,2020,560
2007A7TS0294G,2007,186
2024A7PS0149G,2024,777
2019B4TS0923H,2019,534
2010AAPS0892P,2010,288
2009A3PS0729H,2009,268
2018B4TS0308H,2018,487
2013B2TS0813H,2013,366
2011A7TS0433P,2011,303
2016A7PS0814P,2016,446
2013B1PS0763P,2013,363
2024A4PS0449G,2024,784
2005AAPS0381P,2005,137
2022B3PS0886G,2022,678
2009B2PS0213G,2009,272
2015B3PS0313H,2015,411
2010AATS0875P,2010,294
2005A8TS0625H,2005,132
2008A4PS0995P,2008,225
2022A4TS0283H,2022,660
2016B5TS0654P,2016,426
2014B5TS0841G,2014,399
2010B3TS0626P,2010,287
2021A4TS0847H,2021,616
2015A3TS0680H,2015,401
2004A8PS0210P,2004,121
2016B5PS0490H,2016,449
2020B1PS0290P,2020,596
2014AAPS0872H,2014,390
2018A7PS0616P,2018,494
2004A3TS0438H,2004,101
2024A1TS0319P,2024,832
2017A4PS0906P,2017,452
2021A1TS0501P,2021,602
2020B2TS0334G,2020,584
2022A4TS0166G,2022,692
2004A1TS0484H,2004,102
2013B1TS0972G,2013,351
2022A8PS0333H,2022,698
2015AATS0457G,2015,421
2015B2PS0059P,2015,415
2024A4PS0233P,2024,849
2006B2PS0688H,2006,156
2017B2TS0334P,2017,471
2007A7TS0621P,2007,198
2011B4PS0635G,2011,310
2016A8PS0220G,2016,438
2008A1TS0850G,2008,247
2023A3PS0801G,2023,715
2024A7TS0679P,2024,756
2009B4TS0878G,2009,261
2009B4PS0812P,2009,263
2009A1TS0326P,2009,255
2014B4TS0614H,2014,393
2019B3TS0627G,2019,515
2016A7TS0782H,2016,430
2019A4PS0503P,2019,510
2007B5PS0772P,2007,189
2007A7PS0583G,2007,176
2017AATS0362P,2017,465
2006A7TS0810G,2006,170
2016B2PS0214G,2016,430
2017A7TS0652P,2017,459
2008B2TS0029P,2008,231
2015B1TS0754G,2015,406
2021B5PS0580H,2021,604
2019A1PS0625H,2019,540
2023B4TS0719G,2023,724
2018A3TS0445P,2018,495
2007A4TS0083H,2007,177
2006B1PS0541G,2006,158
2016B1PS0514G,2016,443
2015A7TS0444H,2015,408
2010A8TS0506P,2010,296
2005A1TS0330P,2005,129
2011B2TS0835P,2011,304
2005A8TS0624G,2005,138
2009B1TS0343G,2009,263
2007A8PS0439H,2007,175
2014B2PS0712G,2014,377
2013A3PS0965P,2013,363
2015B1PS0376G,2015,421
2017B3PS0717G,2017,457
2010A3PS0043G,2010,285
2008A8PS0338P,2008,247
2010B1PS0021G,2010,277
2017B2TS0615P,2017,472
2005B3TS0350H,2005,136
2023A1TS0825G,2023,737
2009A1PS0257G,2009,261
2017B1PS0280P,2017,470
2022A8PS0660P,2022,684
2018A3TS0674G,2018,480
2021B4PS0335H,2021,621
2017A7PS0835H,2017,454
2019B5PS0345P,2019,505
2013A8TS0783G,2013,365
2024B2PS0586P,2024,840
2007AATS0906G,2007,194
2005AAPS0565G,2005,147
2016B1PS0403G,2016,448
2017B1TS0509P,2017,467
2005B5TS0513H,2005,138
2017A8TS0555H,2017,468
2024B2PS0180P,2024,822
2010A4PS0766H,2010,283
2015A4TS0217P,2015,416
2021B5PS0545H,2021,606
2023A1PS0218P,2023,700
2012A8TS0466H,2012,341
2009AATS0164G,2009,262
2008B3PS0442H,2008,237
2015B2TS0576G,2015,419
2006A3PS0934G,2006,154
2010B1PS0066H,2010,284
2023A3TS0143H,2023,729
2023A3TS0800H,2023,714
2014B1PS0206H,2014,393
2014B2PS0054H,2014,384
2012A3TS0805G,2012,335
2010A3PS0048G,2010,297
2012B5TS0697H,2012,335
2019A8PS0568H,2019,522
2012B4PS0942P,2012,341
2009B2PS0512P,2009,263
2012B2TS0911H,2012,341
2013A7TS0549H,2013,357
2016A8PS0080G,2016,441
2018A1PS0075P,2018,489
2018AATS0149P,2018,484
2010B1TS0889P,2010,281
2017A1PS0911G,2017,453
2005A7PS0916H,2005,136
2011A1TS0701G,2011,320
2007B5TS0722P,2007,185
2007B2PS0483P,2007,180
2023B2TS0367P,2023,719
2022A7TS0205P,2022,650
2018A7TS0284H,2018,478
2019B2PS0365P,2019,547
2005A8PS0077P,2005,149
2010AATS0744P,2010,275
2020A7PS0635G,2020,563
2018A8PS0612G,2018,493
2008A3PS0881G,2008,229
2011AATS0927H,2011,300
2015A8TS0446H,2015,416
2011A3PS0090P,2011,314
2013B5TS0402H,2013,366
2020A4TS0414H,2020,596
2024B3TS0683H,2024,762
2022A8PS0474H,2022,677
2021B2TS0419H,2021,627
2023B2PS0977G,2023,749
2016B5TS0533H,2016,440
2008A1PS0552P,2008,248
2006A1PS0841H,2006,172
2005B3PS0945P,2005,140
2022B1TS0122G,2022,685
2016A1PS0089P,2016,429
2008B2PS0054H,2008,233
2016B2TS0071P,2016,425
2009B2PS0238P,2009,255
2016A3TS0670H,2016,439
2011A8TS0023G,2011,300
2005A1TS0152P,2005,128
2015A1TS0620P,2015,423
2015B4PS0257H,2015,424
2008B2TS0854P,2008,234
2016A1TS0923G,2016,437
2016B1PS0382H,2016,440
2020A4TS0680P,2020,562
2005A7PS0212G,2005,128
2012A4TS0050P,2012,343
2016B2PS0840H,2016,426
2010B5PS0452G,2010,283
2015B4PS0249G,2015,424
2006B3PS0640H,2006,151
2004AAPS0274H,2004,101
2017AAPS0864G,2017,455
2024B3PS0339H,2024,750
2015A7PS0273H,2015,406
2005A7TS0796H,2005,149
2005B1TS0752G,2005,134
2022AATS0558H,2022,686
2012B4TS0264H,2012,332
2023A4PS0284P,2023,743
2004A8PS0483H,2004,111
2006B2TS0416G,2006,168
2019B3PS0947G,2019,534
2019B3PS0051P,2019,524
2006B3TS0749P,2006,160
2021B5TS0918H,2021,646
2024B5TS0491G,2024,766
2020B4PS0768P,2020,556
2020AATS0025P,2020,577
2024B4PS0324H,2024,766
2010A8TS0546H,2010,282
2005B1TS0438G,2005,126
2016A4PS0924G,2016,427
2013B2PS0197G,2013,368
2009A1TS0846H,2009,263
2012B5TS0524H,2012,330
2012AATS0946H,2012,345
2021A7PS0368G,2021,640
2020B5PS0580G,2020,553
2006A1PS0473G,2006,154
2016B5PS0415P,2016,440
2018AAPS0564P,2018,488
2012A7PS0475H,2012,341
2014B4PS0694P,2014,382
2004B1TS0578H,2004,123
2024A1TS0273H,2024,838
2011B1TS0985P,2011,310
2010B5PS0285H,2010,279
2016AAPS0991H,2016,440
2021B2TS0408P,2021,636
2016B2PS0766G,2016,442
2011AATS0070H,2011,319
2007B3PS0229G,2007,188
2005B5TS0781H,2005,126
2011B4PS0539G,2011,313
2006A7PS0794H,2006,150
2009A3TS0399H,2009,263
2013A1TS0130H,2013,357
2020B1TS0765G,2020,595
2007A7TS0566H,2007,198
2011B2TS0744H,2011,300
2018B5PS0786G,2018,485
2013AAPS0499G,2013,367
2015AAPS0018G,2015,417
2007B3TS0788G,2007,198
2019A7PS0022P,2019,519
2008AATS0441H,2008,236
2013B3TS0967P,2013,358
2021B2PS0425G,2021,606
2004B1PS0544G,2004,112
2021B5TS0990P,2021,601
2016A1TS0891P,2016,445
2013B1TS0935P,2013,369
2022AATS0748P,2022,683
2007A7TS0707H,2007,177
2022A8TS0225P,2022,679
2012AATS0668P,2012,340
2022A7PS0443G,2022,651
2024B4PS0057G,2024,832
2011A4PS0477G,2011,313
2020A4TS0655P,2020,564
2014B5PS0167G,2014,378
2019B1PS0743G,2019,508
2024A8PS0082G,2024,823
2017B2TS0539H,2017,461
2004A7PS0916H,2004,114
2009AATS0610P,2009,268
2022A3PS0581H,2022,686
2016A3TS0063H,2016,427
2011A1TS0366G,2011,318
2012B1PS0061H,2012,329
2024B3TS0227P,2024,842
2014A7TS0503P,2014,381
2022B1PS0139P,2022,695
2009A4TS0016G,2009,260
2013A7PS0738P,2013,372
2015B4TS0282H,2015,420
2023B4PS0421H,2023,721
2015A3TS0442H,2015,403
2013B1PS0887G,2013,352
2020A3PS0207H,2020,590
2016A3PS0948G,2016,443
2016B1TS0300H,2016,435
2020B1TS0762G,2020,558
2021B3PS0435H,2021,603
2022B2PS0126H,2022,686
2015B5TS0649P,2015,406
2020A3PS0869H,2020,594
2011B1TS0619H,2011,310
2023B4PS0718H,2023,718
2006B3PS0890G,2006,159
2021A4TS0373H,2021,618
2015B2TS0795P,2015,416
2021A8PS0554P,2021,617
2007B3PS0534G,2007,191
2013A1PS0690P,2013,365
2023B2PS0862P,2023,712
2011A4TS0914H,2011,311
2009A1PS0920P,2009,254
2004B5PS0085G,2004,101
2023B5TS0922G,2023,734
2007AAPS0482P,2007,188
2022B5PS0521H,2022,652
2017B4PS0498P,2017,464
2018B5PS0886G,2018,485
2006B3TS0515G,2006,154
2011A4PS0789G,2011,304
2013B5TS0196G,2013,351
2021A4PS0849H,2021,645
2018A3TS0757H,2018,497
2004B5TS0047G,2004,103
2019B5TS0620P,2019,506
2011AATS0105H,2011,319
2024B3TS0929H,2024,821
2005B4TS0338G,2005,131
2006A4TS0175G,2006,161
2022A3PS0788P,2022,651
2015B3PS0097H,2015,406
2013B2PS0245G,2013,356
2022A3PS0610P,2022,674
2004B5TS0124G,2004,101
2011B5TS0027H,2011,302
2013B1PS0232P,2013,354
2008B2TS0013G,2008,230
2007B1PS0902G,2007,178
2009A8PS0024G,2009,269
2006B5TS0724P,2006,164
2020B5PS0528P,2020,590
2020B3TS0224P,2020,550
2010A4PS0624H,2010,275
2005B1PS0824G,2005,133
2007B3TS0223P,2007,183
2012B1TS0764G,2012,343
2013B2PS0313P,2013,372
2004AAPS0145P,2004,118
2005B4PS0242P,2005,125
2020B3PS0424P,2020,567
2007A8PS0849G,2007,198
2007B4PS0945P,2007,193
2017AATS0004H,2017,463
2014B5TS0110G,2014,393
2005B3PS0461P,2005,138
2010B3PS0197G,2010,281
2013B5TS0024P,2013,371
2008A7PS0927H,2008,248
2017A7PS0524G,2017,471
2020A8PS0747H,2020,551
2010B1PS0008H,2010,288
2017B3TS0183G,2017,456
2015A8PS0100G,2015,405
2020B4PS0516P,2020,562
2008B5TS0115G,2008,248
2013AAPS0121G,2013,363
2022B1TS0840H,2022,669
2017B4TS0483H,2017,460
2008AAPS0992P,2008,231
2005AATS0372H,2005,130
2005B5PS0155P,2005,140
2019A7PS0584G,2019,513
2009B3PS0170H,2009,266
2024A4TS0386G,2024,803
2009A1TS0642H,2009,250
2016A3TS0737P,2016,433
2009A4TS0401H,2009,251
2016A4PS0979H,2016,429
2009B1TS0194H,2009,270
2004A3PS0944P,2004,110
2013B5TS0544P,2013,354
2024B3PS0473H,2024,759
2005A1PS0684G,2005,148
2015B2PS0495G,2015,413
2015B5PS0749H,2015,421
2009A7PS0454P,2009,251
2020B2TS0273G,2020,591
2009B1TS0462H,2009,253
2017B5TS0158P,2017,467
2010B4TS0122H,2010,278
2024B5PS0104P,2024,767
2022B1PS0893H,2022,653
2010B1PS0602H,2010,294
2011B4PS0022H,2011,314
2018AAPS0253P,2018,482
2017B2TS0876H,2017,466
2010A8PS0223P,2010,298
2021B5TS0675H,2021,619
2010AAPS0856P,2010,285
2009B5TS0149G,2009,252
2020A4PS0022P,2020,555
2009A7TS0238G,2009,269
2009A1PS0736G,2009,258
2022A8PS0671P,2022,682
2004B1TS0648G,2004,121
2009A8TS0169P,2009,272
2004A1TS0366G,2004,101
2011A8TS0151G,2011,323
2019B1PS0591P,2019,530
2010B1PS0194G,2010,295
2017AAPS0635G,2017,470
2016B5TS0986G,2016,441
2016B4PS0209H,2016,437
2016B4TS0220P,2016,449
2005B4PS0400P,2005,134
2004A7PS0766G,2004,117
2010A7PS0515P,2010,292
2017A1TS0206G,2017,457
2022A3PS0640P,2022,693
2020AATS0077P,2020,594
2007A4TS0801G,2007,187
2018AATS0608G,2018,497
2006A1PS0334G,2006,173
2020B3TS0002H,2020,558
2005B3PS0849H,2005,128
2020A3PS0649H,2020,574
2022B3PS0472G,2022,654
2016A3PS0858H,2016,445
2008B1PS0908P,2008,236
2013B4TS0543G,2013,365
2017B1PS0235G,2017,468
2006B4PS0153P,2006,155
2007B3TS0406G,2007,193
2022AAPS0483H,2022,651
2013AAPS0445G,2013,353
2020B5TS0582H,2020,590
2012B1TS0978P,2012,334
2006A3TS0048G,2006,154
2019A4TS0819G,2019,511
2015B4TS0505H,2015,408
2005A1PS0450P,2005,128
2018B4PS0685P,2018,491
2006AAPS0968G,2006,153
2017A7PS0395G,2017,463
2008B4TS0867H,2008,237
2012B5TS0156P,2012,341
2019A1PS0586P,2019,514
2020B1TS0167G,2020,596
2018B1PS0962G,2018,484
2013B4TS0655P,2013,363
2018B3TS0918G,2018,477
2004A7PS0094P,2004,118
2011B4PS0695P,2011,315
2011AATS0830G,2011,302
2023B2TS0414P,2023,721
2020A1PS0058G,2020,587
2023A4PS0862G,2023,720
2011B1PS0358H,2011,308
2022AAPS0831G,2022,699
2018B3TS0864P,2018,479
2004A7TS0672H,2004,124
2022A4TS0086H,2022,699
2010AATS0961P,2010,287
2009B2PS0279G,2009,267
2008A4PS0012H,2008,229
2022B5PS0764G,2022,672
2019B4PS0366G,2019,527
2014B4TS0363G,2014,394
2022B2TS0959P,2022,669
2006A1TS0438P,2006,150
2007A7TS0747P,2007,187
2013B2PS0789G,2013,359
2018A7TS0961H,2018,480
2011B4TS0567P,2011,324
2015B2PS0181G,2015,414
2021B2TS0386P,2021,626
2016A4PS0940G,2016,425
2020A7TS0801P,2020,581
2009B2TS0311G,2009,260
2021A3PS0624H,2021,608
2012B4TS0447P,2012,344
2012A7TS0915G,2012,343
2021A3TS0932G,2021,606
2004B2TS0837P,2004,122
2011A1TS0184P,2011,303
2020A1TS0622H,2020,573
2013B5TS0158P,2013,363
2010B2TS0820G,2010,286
2005A4PS0625P,2005,132
2004B1PS0299H,2004,103
2024A4PS0806P,2024,842
2010A7TS0176H,2010,295
2007A4TS0468P,2007,187
2004B4PS0708G,2004,111
2015B5TS0400H,2015,414
2013A7PS0488H,2013,374
2023A8TS0655H,2023,718
2014A8PS0170P,2014,391
2021A4TS0354P,2021,626
2023B3PS0864H,2023,726
2023AAPS0567H,2023,711
2008B1PS0450G,2008,225
2016B4PS0998G,2016,437
2006A7TS0861G,2006,157
2008A1TS0394G,2008,242
2012AAPS0237H,2012,341
2021A8TS0841P,2021,640
2020B1TS0991G,2020,586
2017A1PS0846P,2017,450
2005A8TS0584H,2005,131
2024A8PS0888H,2024,781
2018B5TS0308H,2018,478
2013B4PS0661P,2013,364
2005B1TS0823G,2005,126
2022A8PS0178G,2022,660
2012A4TS0776P,2012,341
2024A7TS0208P,2024,849
2015B2PS0943G,2015,402
2019A8TS0108H,2019,522
2018B5PS0981G,2018,489
2011A1PS0263H,2011,312
2018A8PS0485G,2018,479
2005A4PS0946P,2005,146
2022A4TS0984P,2022,658
2004AAPS0101H,2004,120
2019AATS0869P,2019,520
2014A7TS0065P,2014,398
2018B1PS0363G,2018,483
2014B4PS0473G,2014,396
2004B4TS0938P,2004,113
2016A3PS0152H,2016,443
2015B1TS0019G,2015,413
2017A8TS0600G,2017,468
2015A3PS0614G,2015,401
2007B3TS0745H,2007,194
2010B1PS0012G,2010,281
2011A8PS0702G,2011,302
2020A3PS0255P,2020,567
2017AAPS0496P,2017,472
2009A4TS0379G,2009,271
2005B4TS0827P,2005,125
2007A7PS0437P,2007,187
2016A3TS0997G,2016,431
2004B2PS0543P,2004,118
2013A1TS0312G,2013,356
2005B5TS0389H,2005,133
2012A1TS0373G,2012,346
2015B5TS0279G,2015,411
2017B2TS0790G,2017,454
2020A4PS0623H,2020,565
2022A8TS0027G,2022,681
2012B1PS0917H,2012,329
2012B1TS0529H,2012,340
2017B2PS0952P,2017,451
2015B2PS0244P,2015,408
2021B2TS0122H,2021,618
2015A7TS0465G,2015,407
2017B1PS0832P,2017,474
2005A4TS0606G,2005,137
2004A3TS0987P,2004,112
2011A8TS0874G,2011,323
2004B1PS0626P,2004,115
2010AATS0751G,2010,275
2024A1TS0725G,2024,807
2017AATS0078H,2017,456
2020B3PS0355P,2020,587
2020A1TS0746P,2020,550
2009A8TS0159G,2009,262
2017A7PS0289G,2017,453
2015B3TS0503P,2015,408
2010A3PS0749H,2010,290
2011A3PS0449P,2011,317
2009B5PS0199G,2009,273
2004B3TS0962P,2004,114
2004A3TS0198G,2004,119
2019B1TS0500P,2019,531
2013A1PS0923H,2013,356
2017B2PS0799P,2017,458
2009B4TS0671G,2009,261
2013B1PS0901P,2013,354
2012B4PS0280P,2012,338
2004A3TS0813P,2004,119
2006A7PS0886P,2006,164
2013A4PS0698G,2013,350
2005A1TS0764G,2005,126
2022A8TS0799H,2022,651
2005B5TS0524G,2005,131
2019B4PS0370H,2019,515
2023B1PS0907P,2023,735
2019A1PS0545G,2019,521
2007AATS0023H,2007,184
2005B4PS0544H,2005,140
2015AATS0629G,2015,421
2009B3PS0574H,2009,268
2011B2TS0788G,2011,314
2023A1TS0450H,2023,728
2005B4TS0322H,2005,147
2016B5PS0556H,2016,436
2019A4TS0837G,2019,547
2012A8TS0570P,2012,347
2007A8TS0999G,2007,184
2011B2PS0506P,2011,306
2022B3TS0662H,2022,670
2020B5PS0558G,2020,593
2004AATS0550P,2004,121
2011A4TS0309G,2011,316
2022AATS0454G,2022,657
2011B5TS0983P,2011,323
2012A3PS0796P,2012,332
2022B5PS0609G,2022,661
2014B4PS0770G,2014,394
2010A7TS0270H,2010,291
2017A8PS0460G,2017,474
2010B4TS0857G,2010,295
2012A7TS0792H,2012,329
2021B3PS0402P,2021,610
2022A7PS0731P,2022,693
2007AAPS0187G,2007,197
2013B2TS0378G,2013,371
2014A3PS0629H,2014,384
2016AAPS0188P,2016,449
2009B2TS0366H,2009,274
2022B1PS0617H,2022,653
2007A3PS0474G,2007,182
2007B2PS0696P,2007,180
2022A1PS0044P,2022,696
2019B4TS0476H,2019,536
2006B5PS0538P,2006,157
2009B4PS0352P,2009,267
2021A4PS0878P,2021,628
2006B3PS0767P,2006,155
2012A4TS0463H,2012,337
2022B4TS0050P,2022,678
2017A4TS0869H,2017,468
2024AATS0679H,2024,769
2008A8TS0117H,2008,248
2012A3TS0298G,2012,339
2017A8PS0772P,2017,456
2015A7PS0934P,2015,412
2004AATS0122G,2004,115
2008B1PS0805P,2008,236
2011AAPS0308P,2011,318
2019A1TS0436P,2019,549
2022B3PS0545G,2022,665
2006A7PS0918P,2006,154
2006A4PS0463G,2006,159
2004A8TS0507H,2004,117
2007B1PS0276G,2007,194
2019B3PS0944H,2019,520
2012A8PS0815H,2012,348
2022A8TS0989P,2022,650
2013A4TS0792H,2013,371
2021B4TS0153P,2021,644
2007B3TS0818H,2007,192
2019A7TS0673H,2019,518
2013A4PS0080H,2013,371
2010B1PS0998H,2010,286
2005A8PS0841H,2005,133
2014AATS0709G,2014,392
2014B5PS0224H,2014,384
2006A7PS0373G,2006,174
2009AATS0797H,2009,268
2010A3TS0277P,2010,278
2020A8PS0729H,2020,558
2024B2TS0416P,2024,751
2011A3PS0164P,2011,319
2023A7TS0459G,2023,711
2021B2TS0471G,2021,607
2020A8PS0771P,2020,563
2023A3TS0236G,2023,705
2021AAPS0410H,2021,622
2008A4PS0281P,2008,231
2011B2TS0924P,2011,321
2010B5TS0233G,2010,290
2024A4TS0867G,2024,826
2005B4PS0439P,2005,144
2020AAPS0563P,2020,576
2017A7TS0289H,2017,466
2006AAPS0562H,2006,150
2023A8TS0337G,2023,702
2006B2PS0537G,2006,158
2012AAPS0774H,2012,340
2014B4PS0224P,2014,391
2024A7TS0067P,2024,768
2023A7TS0382P,2023,730
2009B3TS0437G,2009,273
2005A4TS0100H,2005,148
2024B2PS0681G,2024,797
2019A8PS0689H,2019,501
2021B2TS0891G,2021,610
2023AAPS0311G,2023,720
2017A8TS0787H,2017,457
2007B4PS0487G,2007,198
2006A8TS0452G,2006,166
2020A3TS0342H,2020,566
2016A3TS0402P,2016,440
2011A4TS0924H,2011,307
2020A1TS0519G,2020,589
2023B3PS0239G,2023,712
2015B5TS0502P,2015,422
2008A7PS0011G,2008,235
2023A7PS0489G,2023,728
2005AAPS0177G,2005,131
2010B1PS0067G,2010,280
2022B4PS0182P,2022,678
2005B2TS0262P,2005,127
2005A8TS0367H,2005,137
2024A4TS0368P,2024,788
2022B3TS0584H,2022,694
2007B4TS0555H,2007,190
2023A8TS0466G,2023,716
2017A1TS0096G,2017,454
2020AAPS0157G,2020,550
2005A8TS0169P,2005,132
2005A4PS0143H,2005,145
2020A8PS0974H,2020,569
2005A7TS0866H,2005,137
2023A1TS0838H,2023,737
2021A4TS0548G,2021,626
2005A7PS0500P,2005,143
2010A7TS0239H,2010,285
2023A7PS0267G,2023,730
2019A7PS0957P,2019,540
2014A3PS0189G,2014,398
2014A4PS0179H,2014,392
2012A3TS0991H,2012,338
2012B2TS0690P,2012,325
2004AATS0951G,2004,118
2010B4PS0048H,2010,285
2019AATS0790P,2019,531
2004B1PS0638P,2004,103
2008A3TS0065P,2008,230
2004A4PS0447P,2004,116
2008B2TS0671P,2008,225
2008A1PS0331P,2008,232
2020B5PS0926G,2020,553
2008B3PS0180G,2008,232
2021B5PS0596P,2021,609
2007A4PS0308P,2007,189
2024B5PS0053H,2024,817
2010A8TS0971P,2010,282
2011B2PS0037P,2011,316
2022A7TS0258H,2022,651
2021A4TS0027G,2021,611
2019AAPS0671H,2019,541
2005A8PS0687H,2005,131
2020B2TS0967P,2020,587
2012A8TS0675G,2012,342
2008B2TS0248P,2008,236
2005A3PS0410H,2005,143
2020A1TS0492G,2020,560
2024B1PS0538P,2024,807
2010B1TS0795H,2010,284
2006A1TS0074G,2006,157
2018AAPS0291H,2018,494
2004B3PS0038P,2004,101
2018AATS0713G,2018,488
2011A7PS0986G,2011,308
2012B1PS0326P,2012,330
2015B1TS0034H,2015,402
2018B2TS0023P,2018,495
2021A8TS0152P,2021,622
2024A1PS0492P,2024,823
2012B2PS0309G,2012,346
2021A7TS0264H,2021,615
2017B1TS0149P,2017,463
2010B5TS0817P,2010,299
2023B2TS0744G,2023,706
2009AATS0618G,2009,253
2013B5TS0176P,2013,356
2015B2TS0773P,2015,424
2014B1TS0276G,2014,389
2009B1TS0753P,2009,266
2020A7TS0548G,2020,576
2020A1PS0871G,2020,556
2015AATS0140G,2015,410
2007B5PS0814G,2007,178
2022A4PS0921H,2022,683
2024B4TS0439G,2024,790
2008B2TS0840P,2008,237
2015A8PS0898H,2015,424
2015A3PS0506G,2015,402
2021B5PS0032P,2021,644
2007A4TS0456H,2007,183
2023A3PS0303G,2023,742
2023B1TS0171H,2023,717
2009A4TS0161G,2009,262
2024B5PS0945P,2024,822
2020B3PS0220P,2020,596
2023A7PS0342P,2023,729
2022B3TS0483P,2022,654
2017B5TS0776H,2017,471
2005B3TS0213H,2005,139
2005A8TS0262H,2005,138
2017A3TS0494G,2017,452
2020B2TS0120G,2020,551
2008A1TS0951P,2008,225
2014A1TS0551H,2014,381
2014AAPS0418H,2014,397
2005B4TS0849H,2005,131
2020B1PS0814P,2020,597
2024A3TS0431H,2024,763
2018B4TS0390H,2018,493
2007B2PS0290G,2007,192
2020B2PS0086G,2020,559
2006A8PS0937P,2006,153
2017B4TS0217H,2017,462
2009B1TS0170H,2009,251
2005A8PS0990G,2005,133
2022A3TS0808P,2022,689
2017A3PS0935H,2017,450
2015B1TS0538H,2015,418
2013B4PS0602H,2013,354
2008B4TS0887P,2008,249
2005B3PS0289P,2005,131
2020A8TS0734H,2020,567
2022B4PS0299G,2022,684
2017B1TS0209H,2017,466
2013B1TS0268H,2013,355
2006B3PS0091P,2006,174
2021B5TS0803P,2021,610
2007A3TS0864G,2007,191
2008A4TS0432G,2008,235
2017A4PS0257G,2017,456
2010B5TS0347P,2010,296
2016A1TS0421P,2016,448
2009B5PS0436G,2009,269
2016A3PS0996P,2016,428
2022AAPS0637P,2022,681
2014A3TS0061G,2014,376
2017AATS0685H,2017,455
2008B3TS0923G,2008,234
2016B2PS0940P,2016,433
2014A8PS0163H,2014,383
2012A3PS0539G,2012,325
2016A7PS0886G,2016,431
2010B5TS0200P,2010,278
2023A1PS0696H,2023,740
2008AAPS0294P,2008,240
2023B2TS0144P,2023,730
2004B5TS0104P,2004,118
2014B1PS0383P,2014,394
2018A1PS0833G,2018,495
2007A1PS0109H,2007,191
2023A8TS0634P,2023,735
2008A8PS0882P,2008,225
2020A8PS0770H,2020,558
2018B3PS0274G,2018,481
2008A8PS0439P,2008,240
2021A7TS0074H,2021,619
2012A3TS0278P,2012,337
2021B3TS0971G,2021,606
2014A3TS0753H,2014,396
2023A1TS0016P,2023,730
2011B1PS0277G,2011,300
2018A3PS0221H,2018,495
2010B3TS0760G,2010,299
2022A1TS0611G,2022,680
2014A7TS0730H,2014,396
2023A8PS0092P,2023,714
2006AATS0233H,2006,168
2021A7TS0881P,2021,620
2021B2TS0890P,2021,604
2006A3TS0135H,2006,170
2012A3TS0544G,2012,327
2018A4TS0424P,2018,477
2020A4PS0467P,2020,590
2020B1PS0246P,2020,592
2015A4PS0091H,2015,408
2021A4PS0265P,2021,631
2004B4TS0715P,2004,116
2009A1TS0138P,2009,256
2010B3PS0768P,2010,281
2016B3PS0783G,2016,429
2019B2PS0469G,2019,541
2022A8PS0610H,2022,685
2006B5TS0719H,2006,156
2006A8PS0425G,2006,162
2012B5TS0325H,2012,325
2022B4PS0713H,2022,655
2014B4PS0014G,2014,381
2006B3PS0197G,2006,153
2011B1TS0188G,2011,303
2023A7PS0419G,2023,732
2004AATS0659H,2004,122
2006B3PS0791H,2006,166
2007A1TS0511G,2007,186
2015A7PS0404P,2015,405
2012A7PS0634H,2012,345
2006A1PS0779H,2006,171
2023B4TS0805H,2023,719
2024B3TS0777G,2024,781
2007A1TS0488P,2007,186
2013B4PS0249P,2013,367
2006AATS0988G,2006,158
2017A1TS0326G,2017,469
2022B2TS0789P,2022,650
2022A4PS0244P,2022,656
2021B5PS0528H,2021,620
2014A4PS0814P,2014,393
2007A8TS0433P,2007,176
2008A3PS0768H,2008,239
2009B5PS0633H,2009,267
2011A1TS0438H,2011,318
2020B1TS0425H,2020,560
2018A3PS0571G,2018,484
2009A3PS0655P,2009,250
2015B5PS0293H,2015,404
2023B4TS0554H,2023,706
2020B2TS0060H,2020,565
2019B4TS0105H,2019,526
2005A7TS0994G,2005,137
2021B2TS0472G,2021,602
2016B3PS0289P,2016,449
2022A4PS0284H,2022,650
2024A7TS0622H,2024,758
2014A3TS0213G,2014,391
2013A8TS0448G,2013,363
2023A3TS0347G,2023,702
2008A7PS0533P,2008,228
2017B1PS0357G,2017,450
2016A1TS0029H,2016,443
2021A3TS0312G,2021,630
2018A1PS0118P,2018,492
2007B5PS0098P,2007,179
2023B4TS0305H,2023,734
2005B4TS0981P,2005,135
2009A3PS0742H,2009,262
2023A8TS0977P,2023,726
2024B2PS0379H,2024,787
2023B5PS0389H,2023,709
2023A4TS0778G,2023,708
2007A4TS0983G,2007,186
2019B4TS0166P,2019,529
2010B4PS0725H,2010,297
2013B5TS0262P,2013,369
2012A4TS0978H,2012,328
2008A7TS0888H,2008,232
2012A8TS0924P,2012,345
2010A1PS0004H,2010,289
2014B4TS0328H,2014,384
2008B5PS0256P,2008,236
2006A7PS0207P,2006,151
2011B5TS0555P,2011,320
2016B3TS0814P,2016,437
2019B4PS0369G,2019,500
2022B3TS0378G,2022,689
2017A3TS0297H,2017,468
2022B1PS0726H,2022,664
2008B1TS0382G,2008,230
2020A4TS0708G,2020,558
2019A1TS0084G,2019,542
2020B3TS0361P,2020,566
2017AAPS0193H,2017,456
2017AAPS0674G,2017,471
2008B3PS0748G,2008,249
2016B4PS0950G,2016,443
2006A7PS0856P,2006,169
2004A1PS0030P,2004,101
2004B3TS0189H,2004,124
2024B4PS0503H,2024,820
2023A3PS0323G,2023,713
2013B5TS0458G,2013,356
2016A4PS0353H,2016,446
2004A7TS0538H,2004,119
2004A8TS0454P,2004,111
2011A7PS0688G,2011,323
2017B1PS0953G,2017,465
2012AATS0360G,2012,344
2022B2TS0622H,2022,684
2014AATS0327G,2014,399
2023A3PS0545H,2023,736
2004B1TS0677H,2004,116
2008B3PS0011P,2008,231
2006B2PS0509H,2006,150
2005B1PS0616P,2005,126
2024A1TS0802P,2024,776
2021B2PS0489G,2021,638
2007B4TS0332H,2007,189
2007A1PS0845P,2007,182
2009B2PS0091G,2009,273
2019A7TS0320H,2019,513
2024AAPS0310H,2024,752
2023A3PS0723H,2023,723
2022A4TS0046G,2022,673
2016A3TS0581H,2016,432
2017A7TS0738G,2017,473
2007A1PS0883P,2007,190
2015A8TS0487G,2015,408
2012A4PS0942H,2012,328
2020B3TS0101H,2020,599
2006B2TS0351G,2006,163
2007A3PS0780P,2007,180
2022A4PS0339P,2022,684
2020A7PS0501P,2020,582
2006A7TS0814G,2006,159
2022A8TS0137H,2022,698
2022AATS0505G,2022,677
2020A3PS0193H,2020,572
2019A4TS0830P,2019,515
2017A1TS0727H,2017,454
2024B2PS0159P,2024,754
2017A4TS0954P,2017,450
2021B1PS0669P,2021,632
2022B3TS0055P,2022,654
2011A1TS0849H,2011,301
2016B5TS0878H,2016,448
2010AATS0656H,2010,289
2004A8PS0231G,2004,107
2016B1TS0055H,2016,428
2019B3PS0138G,2019,513
2020B4PS0952P,2020,552
2009B3TS0579G,2009,253
2022B2TS0012G,2022,674
2024B4TS0462P,2024,768
2024B3PS0185P,2024,811
2006A7PS0458P,2006,162
2024A8PS0147G,2024,829
2010A3TS0448P,2010,289
2008B2TS0633G,2008,232
2013A3PS0096H,2013,360
2015A8TS0025P,2015,400
2013B5PS0924G,2013,366
2020A7TS0390P,2020,572
2012A3PS0953P,2012,326
2004B3TS0340H,2004,102
2006A3PS0904H,2006,158
2010A7TS0945H,2010,277
2012A4TS0338P,2012,330
2016B3TS0114H,2016,434
2024B4TS0279G,2024,834
2017A7PS0656G,2017,466
2017A3PS0144G,2017,467
2024A8TS0949P,2024,797
2021B3TS0614H,2021,606
2018B2PS0531P,2018,480
2008B4PS0558G,2008,249
2008B1PS0304P,2008,240
2014A8PS0439P,2014,381
2016B4TS0414G,2016,444
2014B3TS0410G,2014,391
2016A8PS0981H,2016,443
2022B1PS0031H,2022,665
2005AAPS0469G,2005,146
2016B1TS0650H,2016,432
2011A1PS0580G,2011,311
2006A7PS0592G,2006,163
2016B4TS0593H,2016,445
2006A7TS0529G,2006,154
2011B4PS0646P,2011,323
2009B2PS0645P,2009,274
2007B5TS0319H,2007,189
2020A4PS0480P,2020,555
2021B1PS0273P,2021,633
2013B4TS0236G,2013,364
2022B1TS0233H,2022,698
2009A7PS0792P,2009,255
2006A3PS0177P,2006,170
2015A4TS0768H,2015,417
2022A4TS0478G,2022,680
2019A1PS0142P,2019,501
2007A7TS0865G,2007,192
2023AAPS0722P,2023,716
2008B2PS0804P,2008,241
2018B5PS0819G,2018,483
2019B4TS0266G,2019,525
2023A3TS0352H,2023,728
2004B3PS0432G,2004,111
2005A4TS0702G,2005,137
2021A3TS0632G,2021,647
2004A7TS0062P,2004,119
2020A1TS0768G,2020,571
2012AATS0728P,2012,341
2019A1PS0299G,2019,511
2013B5PS0423G,2013,350
2022AAPS0850H,2022,680
2009B3PS0055G,2009,265
2020B3TS0808G,2020,555
2018AATS0914H,2018,489
2015B2PS0027H,2015,420
2004B5PS0593H,2004,120
2019A7TS0080G,2019,544
2022A3PS0871P,2022,698
2005A1PS0478H,2005,148
2009A1PS0769G,2009,266
2022B4TS0605G,2022,665
2024A4PS0291H,2024,849
2011B5TS0760P,2011,305
2019A7PS0273H,2019,547
2010AATS0268P,2010,279
2013B3TS0139P,2013,361
2018A7TS0002H,2018,483
2005A1PS0670P,2005,145
2008A8PS0029G,2008,249
2021B2PS0274P,2021,620
2004B2TS0263H,2004,100
2013A3TS0628H,2013,372
2015A4TS0363P,2015,424
2011B2TS0532H,2011,315
2017AATS0554G,2017,458
2006B4PS0846H,2006,171
2024B2PS0262G,2024,768
2012A1TS0480P,2012,348
2010B5PS0058G,2010,281
2014AAPS0567G,2014,390
2011A8TS0868G,2011,311
2015AATS0727H,2015,419
2007A4TS0197P,2007,186
2012A4PS0054P,2012,349
2023A8PS0298P,2023,737
2013A1TS0961P,2013,353
2018B1TS0865P,2018,497
2013A8PS0759P,2013,371
2021B2TS0886H,2021,631
2021B3PS0485H,2021,614
2021A1PS0184G,2021,638
2017A3PS0730G,2017,464
2006B1TS0407P,2006,158
2018AATS0111G,2018,482
2009A3PS0098H,2009,261
2007A1PS0473H,2007,178
2012AAPS0446H,2012,338
2005A3TS0529G,2005,134
2012B1TS0094P,2012,345
2012A7TS0684G,2012,345
2017B2TS0984G,2017,474
2023B4TS0615H,2023,729
2009B1PS0823P,2009,251
2010B2TS0912H,2010,280
2007A1PS0637G,2007,181
2023B2PS0799G,2023,732
2011B1TS0552P,2011,309
2005B2PS0247P,2005,131
2011B2PS0265P,2011,302
2021AATS0094G,2021,609
2020A8TS0959P,2020,574
2006A1TS0989P,2006,160
2005A3PS0425G,2005,146
2016B2TS0727P,2016,445
2021B5TS0973H,2021,636
2005A8TS0682H,2005,125
2011B2TS0942H,2011,318
2005A8PS0936P,2005,141
2004A4TS0207P,2004,113
2021B5PS0453P,2021,646
2007A7TS0509P,2007,198
2020B4TS0584H,2020,553
2013B1PS0643P,2013,356
2011B2PS0315P,2011,301
2013B3PS0290H,2013,357
2015A4PS0280H,2015,403
2023B3PS0927P,2023,700
2012B4PS0564G,2012,337
2023A4PS0557H,2023,722
2018A8PS0007P,2018,486
2017AATS0796H,2017,462
2012A8TS0389G,2012,344
2016B1PS0994H,2016,436
2009A3TS0442P,2009,252
2013B3PS0653G,2013,366
2020A3TS0160P,2020,583
2013B4TS0946P,2013,361
2012B4TS0876H,2012,334
2004A1TS0715P,2004,124
2019A8PS0168H,2019,500
2011B1TS0644H,2011,318
2021A4PS0481H,2021,647
2019B2TS0494H,2019,544
2018B5PS0405P,2018,493
2021A4PS0452P,2021,644
2022A7PS0379G,2022,676
2010B4PS0047G,2010,298
2019AATS0521G,2019,532
2014A1TS0217G,2014,394
2015AATS0120P,2015,421
2024B1TS0615G,2024,801
2021A3PS0350G,2021,624
2019B2PS0433H,2019,521
2010B4TS0124G,2010,280
2019A7PS0637G,2019,515
2018A8TS0029H,2018,485
2008B4PS0374H,2008,232
2023AAPS0903G,2023,718
2004AAPS0093P,2004,119
2012B5PS0456P,2012,349
2020B5TS0217G,2020,558
2016A8TS0739P,2016,449
2017AAPS0898H,2017,454
2012A4TS0388P,2012,345
2022A4TS0474P,2022,667
2021B5PS0705P,2021,634
2015A1PS0765G,2015,403
2006A8PS0365P,2006,169
2008B2TS0334G,2008,238
2008B5TS0682G,2008,228
2007A7TS0288P,2007,190
2004A4PS0125P,2004,101
2024A7TS0367P,2024,797
2022B1PS0368G,2022,672
2007B4PS0497P,2007,186
2017A3PS0071P,2017,455
2017A8TS0628P,2017,468
2022B2PS0921P,2022,690
2022A3TS0975H,2022,698
2006A8TS0968G,2006,168
2024B1TS0493G,2024,754
2017B3TS0101P,2017,450
2017A3TS0163H,2017,459
2019B3PS0333H,2019,547
2016AAPS0906P,2016,427
2015A7TS0561G,2015,415
2020B1TS0404G,2020,589
2018A4PS0728G,2018,482
2024B3PS0046H,2024,751
2017A8TS0416H,2017,453
2018AAPS0035G,2018,486
2023A7PS0753G,2023,709
2022B2PS0815H,2022,658
2007A4PS0770G,2007,198
2018B1TS0568P,2018,499
2014B3TS0926H,2014,379
2017A8TS0041G,2017,470
2014B5PS0288P,2014,388
2024B5PS0741G,2024,824
2019B5PS0426P,2019,518
2004A3PS0343H,2004,120
2011A7TS0537G,2011,311
2007A4PS0189G,2007,177
2023B5PS0527H,2023,731
2007A7PS0529H,2007,193
2005B3PS0422H,2005,135
2013B5PS0628P,2013,364
2023A4TS0350G,2023,717
2016B4PS0266P,2016,442
2018A7TS0246H,2018,487
2008A4TS0196H,2008,227
2017A3TS0886P,2017,460
2012A8PS0201H,2012,330
2014B3PS0706H,2014,390
2006A1TS0274G,2006,165
2010AATS0010H,2010,281
2022B2TS0418H,2022,670
2010B4TS0250H,2010,283
2024A4PS0516H,2024,764
2020A4TS0021G,2020,581
2017B4TS0400G,2017,467
2023A1TS0092H,2023,737
2021A4PS0958P,2021,613
2006AAPS0713H,2006,174
2023A7PS0832H,2023,722
2008B5PS0289G,2008,232
2018B2TS0046P,2018,492
2010A1PS0970H,2010,277
2013A3PS0944P,2013,362
2017B5PS0366H,2017,454
2012B4PS0618H,2012,332
2017B4TS0948G,2017,473
2013B5PS0179H,2013,367
2012B5PS0276G,2012,327
2005B2PS0333H,2005,143
2009AATS0948H,2009,264
2019A4TS0513G,2019,503
2011A7TS0493H,2011,316
2020A7PS0122G,2020,559
2017B5PS0807H,2017,466
2015A3TS0225H,2015,415
2022B2PS0131P,2022,677
2008AATS0312P,2008,241
2022A1TS0556G,2022,652
2013A4TS0862H,2013,357
2022B2TS0992G,2022,697
2017B4TS0483H,2017,458
2011A1PS0393G,2011,320
2004B3PS0541G,2004,100
2024B4PS0678P,2024,783
2022B4TS0916G,2022,696
2021B2PS0627P,2021,611
2019B5PS0837G,2019,534
2020B1TS0166P,2020,570
2013A3TS0304P,2013,371
2020A3PS0175H,2020,550
2017B2TS0845G,2017,457
2004A3PS0113H,2004,114
2015A4TS0271G,2015,423
2016A4TS0169G,2016,449
2009B2TS0398P,2009,267
2011B3PS0371G,2011,317
2007A8TS0477P,2007,198
2017B4TS0325H,2017,457
2015B3TS0309G,2015,421
2008B4PS0619G,2008,237
2011B5PS0788H,2011,305
2022A4PS0181G,2022,682
2005B2TS0028H,2005,135
2016AATS0698H,2016,439
2019B4PS0076P,2019,507
2014A1PS0842P,2014,399
2010B5PS0044P,2010,292
2008A1PS0200H,2008,230
2006B2TS0414G,2006,151
2021B2PS0761H,2021,631
2011B3TS0663H,2011,323
2022A8TS0574H,2022,685
2020AATS0472P,2020,591
2005B5PS0543H,2005,141
2006A7PS0849H,2006,153
2010A8PS0399G,2010,292
2016A4PS0488P,2016,440
2014B3PS0492P,2014,378
2019A8TS0787P,2019,537
2015A1PS0323P,2015,423
2012A1PS0873P,2012,332
2018A7TS0110H,2018,487
2022B1TS0438P,2022,682
2023B4PS0406G,2023,740
2004A1PS0888H,2004,113
2016AATS0369H,2016,443
2007A4PS0724H,2007,193
2019B5TS0507H,2019,537
2013B1PS0611P,2013,369
2008A1PS0851H,2008,245
2020B1PS0624H,2020,588
2008A8PS0558P,2008,232
2013B5TS0379G,2013,366
2008B5TS0223G,2008,243
2014A4PS0953H,2014,384
2019A1PS0537G,2019,542
2020AAPS0488P,2020,594
2010B3TS0971G,2010,279
2006A1TS0406H,2006,152
2024B5TS0574H,2024,781
2011B4TS0673G,2011,321
2018A1TS0904P,2018,487
2024A4PS0643G,2024,772
2015B4PS0336P,2015,403
2021B3TS0755P,2021,624
2005A4PS0685H,2005,135
2005AAPS0199H,2005,135
2021B2PS0861P,2021,646
2015B4PS0527H,2015,422
2023AAPS0999G,2023,730
2024B1TS0185H,2024,809
2009B1PS0808G,2009,259
2018A4PS0470P,2018,490
2021A7TS0985P,2021,623
2017B5PS0049H,2017,467
2010B5TS0287G,2010,287
2017B3PS0412G,2017,466
2017B3PS0580G,2017,455
2017B4PS0250G,2017,472
2008A1TS0272G,2008,228
2004B3TS0405G,2004,110
2011AATS0094P,2011,320
2014A3TS0879P,2014,398
2012A3PS0168G,2012,335
2019A4TS0841G,2019,534
2016AATS0486H,2016,443
2019A1PS0410G,2019,535
2009A7PS0967H,2009,268
2010B5PS0416P,2010,285
2023B3TS0743P,2023,739
2004B4TS0313H,2004,124
2017B5TS0414G,2017,456
2006AATS0788P,2006,150
2022A1PS0652P,2022,650
2014A4PS0700G,2014,376
2010B3PS0356H,2010,291
2023A8PS0913H,2023,749
2019B5PS0571P,2019,523
2024B1TS0049G,2024,833
2010A7TS0493G,2010,287
2011A1PS0465G,2011,313
2006A4TS0082H,2006,165
2009B5PS0752H,2009,267
2004B2PS0109P,2004,109
2018B1TS0734P,2018,481
2015A4PS0848H,2015,414
2021A4TS0727G,2021,614
2016B1TS0536G,2016,444
2019AAPS0693P,2019,505
2016A4TS0333G,2016,433
2018A3PS0453G,2018,479
2008A4PS0853G,2008,247
2005A8TS0929G,2005,140
2011A1TS0400G,2011,319
2021A1TS0167H,2021,621
2006B5TS0678H,2006,171
2022A1TS0990H,2022,671
2005A3TS0912H,2005,144
2023A4PS0454H,2023,737
2017B3PS0218G,2017,450
2005A7PS0574P,2005,131
2015A3PS0707H,2015,408
2005A1PS0076H,2005,146
2021AAPS0852P,2021,603
2004A3TS0424G,2004,108
2022A4PS0610G,2022,658
2020A4TS0189G,2020,568
2017B1PS0149H,2017,471
2006B3PS0123P,2006,162
2022B3PS0717P,2022,687
2017A7TS0620G,2017,473
2022A8PS0938H,2022,656
2018AAPS0904H,2018,497
2019A7PS0458H,2019,522
2007B5PS0321G,2007,187
2011A3TS0718G,2011,317
2017B2PS0068P,2017,468
2024A7TS0876H,2024,828
2022A8TS0297G,2022,698
2020B1PS0527G,2020,591
2005B3PS0774P,2005,125
2024B5TS0079G,2024,795
2009B2TS0575H,2009,272
2009A1TS0339P,2009,254
2011A4PS0389G,2011,308
2019A4TS0026H,2019,511
2008A4PS0205H,2008,235
2013A7TS0882G,2013,364
2023A4TS0033P,2023,745
2014A1PS0055G,2014,395
2008B4TS0700H,2008,231
2019A1TS0737H,2019,504
2004B5PS0498H,2004,101
2018A4PS0646H,2018,496
2017B1TS0519H,2017,470
2022A4PS0952H,2022,698
2010A7PS0126P,2010,281
2021A7PS0125H,2021,626
2013A1TS0520G,2013,363
2018B1PS0338G,2018,494
2021A8TS0941P,2021,602
2009AAPS0370H,2009,256
2020B3TS0775G,2020,569
2012AAPS0582G,2012,347
2008AATS0626G,2008,225
2016B4TS0004H,2016,440
2023A3PS0710H,2023,727
2006A7PS0133H,2006,169
2009B5PS0469P,2009,255
2010B3TS0588H,2010,287
2015AATS0355P,2015,423
2021B3PS0898H,2021,648
2007B2TS0361H,2007,179
2010A7PS0551G,2010,276
2004A8TS0051P,2004,120
2008B1TS0545P,2008,231
2013A7TS0435P,2013,374
2009A8PS0334P,2009,265
2006AATS0652P,2006,164
2017AAPS0644H,2017,472
2004B3TS0730H,2004,111
2006B1PS0596G,2006,164
2014A4PS0458G,2014,379
2009A7TS0718P,2009,274
2019A8TS0705P,2019,502
2022B1PS0660G,2022,692
2007A4PS0261P,2007,182
2016B5TS0100P,2016,432
2006A3PS0446P,2006,155
2024A3TS0244G,2024,800
2006A7TS0605G,2006,154
2022A1PS0306G,2022,670
2017A3PS0725G,2017,454
2023A8PS0578G,2023,715
2006B2PS0622G,2006,161
2024A1TS0069P,2024,806
2020A7TS0906P,2020,558
2008B2PS0702P,2008,249
2018A8PS0602G,2018,496
2024A7PS0490P,2024,795
2014A7TS0583G,2014,375
2015B3TS0236P,2015,413
2020B3PS0626P,2020,587
2018B5TS0641H,2018,495
2017A8PS0544H,2017,469
2008A8PS0161P,2008,227
2014A1TS0274H,2014,382
2013A7TS0664G,2013,357
2009B3TS0328G,2009,268
2017B5PS0630H,2017,451
2004B1TS0990G,2004,100
2010A7PS0556P,2010,285
2004B5PS0123P,2004,111
2004A1TS0593P,2004,115
2010AATS0360P,2010,295
2012A3PS0056H,2012,348
2007B5PS0292P,2007,197
2019B1TS0284P,2019,509
2022A8PS0186H,2022,660
2019B1TS0776H,2019,523
2017B2PS0984P,2017,453
2004A8TS0796P,2004,109
2010B3TS0170G,2010,290
2021A3PS0304H,2021,634
2018AAPS0533P,2018,481
2011B4TS0315P,2011,302
2018B2TS0946G,2018,488
2022A8TS0977H,2022,659
2017A1TS0395H,2017,456
2015A4TS0890P,2015,424
2023B3TS0711P,2023,701
2018AAPS0814H,2018,477
2008A1TS0287G,2008,226
2010B3PS0325H,2010,275
2021B1TS0933G,2021,645
2022B4PS0490H,2022,691
2017B3TS0274G,2017,471
2014B1PS0366P,2014,399
2016A7PS0592H,2016,448
2017A4TS0380H,2017,450
2014B2PS0100P,2014,397
2004A1TS0810G,2004,112
2009B2TS0685P,2009,253
2023B4PS0479P,2023,745
2023A4TS0440G,2023,738
2013B3PS0151G,2013,361
2004B4PS0926P,2004,122
2014A7TS0430H,2014,382
2005B4PS0812G,2005,136
2005B3TS0409H,2005,127
2019B4PS0017G,2019,511
2008A7PS0548P,2008,243
2022A1TS0421H,2022,653
2010B2TS0353P,2010,295
2004A8TS0478G,2004,124
2014B4TS0820G,2014,388
2006A3PS0418G,2006,168
2018B1TS0684G,2018,486
2021A4TS0260P,2021,606
2019A8PS0750H,2019,542
2016A7PS0994G,2016,446
2010A8TS0773H,2010,286
2004B1TS0096P,2004,101
2012B5TS0532P,2012,332
2015B5PS0144P,2015,412
2006B1TS0704G,2006,154
2018A7PS0265G,2018,486
2013A4TS0572H,2013,367
2013B3PS0055P,2013,374
2022AATS0339H,2022,662
2008B3TS0916P,2008,244
2012A4PS0513G,2012,345
2013AATS0434G,2013,368
2012AAPS0034P,2012,348
2020AAPS0501H,2020,599
2008A4PS0762G,2008,238
2008B2TS0948G,2008,234
2018A4TS0066H,2018,487
2020B3PS0887G,2020,552
2022B1TS0264G,2022,690
2013B1TS0880H,2013,354
2021A8TS0684P,2021,618
2007A7TS0627H,2007,190
2024B4TS0428P,2024,793
2007A8PS0082G,2007,187
2010B4PS0184G,2010,289
2020AAPS0090P,2020,572
2017B5PS0254P,2017,461
2009A8PS0740H,2009,263
2008B3PS0033G,2008,237
2014B3PS0793H,2014,399
2011A7TS0244G,2011,319
2010B2TS0025P,2010,284
2018A3PS0231P,2018,495
2008A8TS0881G,2008,232
2013B5TS0871P,2013,358
2013AAPS0991G,2013,363
2010AAPS0951G,2010,298
2006A7PS0905P,2006,153
2019B3PS0802G,2019,501
2004B5PS0727P,2004,113
2011A1TS0498G,2011,322
2005AAPS0589P,2005,142
2012A3TS0133H,2012,338
2005B2PS0980G,2005,129
2021A8TS0964H,2021,649
2020B3PS0788G,2020,580
2023B1PS0783G,2023,702
2004A1PS0272P,2004,106
2007A4TS0507H,2007,190
2018B1PS0496H,2018,495
2020A4TS0086P,2020,566
2012B2PS0174P,2012,340
2004A7PS0750H,2004,110
2022A4PS0801H,2022,674
2007AATS0680H,2007,179
2015B5PS0420G,2015,411
2015A7TS0902H,2015,403
2022B4PS0146H,2022,651
2020B3PS0999G,2020,559
2022B4TS0614P,2022,663
2004A8TS0036G,2004,119
2007B3PS0541H,2007,190
2008A4PS0376G,2008,247
2010AATS0101G,2010,291
2008A1TS0209G,2008,225
2006A1PS0146G,2006,155
2005B4TS0349H,2005,149
2017AATS0111P,2017,469
2024B3PS0744G,2024,811
2022A7TS0474H,2022,665
2021AAPS0683H,2021,617
2023A8TS0321G,2023,731
2014A3TS0860H,2014,395
2015A1PS0713P,2015,406
2019B3PS0487P,2019,529
2010B3TS0520P,2010,288
2019A8TS0575H,2019,500
2009A3TS0115G,2009,268
2019A4TS0168H,2019,507
2019A8PS0704G,2019,547
2016B4TS0534G,2016,436
2014A1TS0814H,2014,393
2005B3PS0803G,2005,144
2008B4PS0187H,2008,242
2019B3PS0889H,2019,531
2014A1PS0078G,2014,399
2011B1TS0778H,2011,305
2009B3PS0012G,2009,272
2020A7TS0861P,2020,583
2004B5TS0840P,2004,115
2019B3PS0404H,2019,527
2014B2TS0096H,2014,396
2008A7TS0652G,2008,225
2010A8PS0982P,2010,292
2009A7TS0644G,2009,272
2022A4TS0730G,2022,657
2017B5TS0368P,2017,450
2004B1TS0386G,2004,118
2021A8TS0757G,2021,642
2015A7TS0821G,2015,407
2017AAPS0255H,2017,463
2006A4TS0238H,2006,171
2018A7TS0825G,2018,490
2012A4TS0370H,2012,346
2016A7PS0605P,2016,447
2012B1TS0708G,2012,327
2017B5TS0833G,2017,473
2007AAPS0685G,2007,189
2017B1PS0944G,2017,462
2013A1TS0677G,2013,354
2011A7PS0173H,2011,302
2019B1TS0938H,2019,527
2014A8TS0616H,2014,381
2022A3PS0475P,2022,693
2006B4PS0471H,2006,170
2008A7PS0392G,2008,229
2004A8TS0854H,2004,123
2019B2TS0945H,2019,519
2018B4TS0922H,2018,495
2017A8PS0316P,2017,458
2004A7PS0393H,2004,122
2014A1TS0426G,2014,393
2018A1PS0007H,2018,485
2021B3TS0878G,2021,615
2015A1TS0368P,2015,403
2004A7TS0834P,2004,109
2007B1TS0958P,2007,188
2007B5PS0197P,2007,180
2012B3PS0199P,2012,327
2023A1PS0372G,2023,725
2023AATS0100G,2023,713
2007B4PS0642H,2007,189
2015B4TS0231H,2015,403
2023A7PS0117G,2023,729
2018AATS0190P,2018,493
2021A3TS0074G,2021,636
2009A1PS0552P,2009,258
2012B5PS0670P,2012,346
2015A4PS0365G,2015,423
2022B1TS0715G,2022,673
2015AAPS0935G,2015,410
2009A8PS0207H,2009,250
2019B1PS0938P,2019,505
2019A4TS0379H,2019,536
2016A1PS0874G,2016,442
2023A4PS0114H,2023,747
2007A1PS0406P,2007,193
2013B2TS0684H,2013,372
2007A1TS0799G,2007,190
2022A7PS0846H,2022,671
2016B4PS0002P,2016,443
2005B5PS0680H,2005,136
2007AAPS0455H,2007,183
2007A3PS0813P,2007,192
2015A4PS0905G,2015,416
2021B2TS0923P,2021,623
2011A7PS0275H,2011,321
2007AAPS0341G,2007,181
2004B1TS0414G,2004,105
2019B3PS0998G,2019,501
2017B2TS0223P,2017,452
2015A1PS0620G,2015,403
2019B3PS0381P,2019,522
2011A7TS0892G,2011,310
2021A3TS0079P,2021,648
2006B5PS0726H,2006,163
2021B5PS0604P,2021,647
2017B5TS0894P,2017,465
2011A7PS0439P,2011,309
2019A1TS0053H,2019,541
2022B2PS0608G,2022,662
2016B5PS0619H,2016,428
2011A1TS0999G,2011,315
2016A4PS0545P,2016,446
2018AAPS0559H,2018,487
2006B5PS0307H,2006,174
2021A1PS0040H,2021,642
2007B5TS0974H,2007,196
2007B2PS0709H,2007,199
2010B3TS0698P,2010,287
2023A7PS0671P,2023,749
2017A1PS0058G,2017,468
2011A4PS0673H,2011,302
2024B5PS0654H,2024,787
2004B1PS0462H,2004,102
2019A4PS0452G,2019,540
2013B5PS0864P,2013,371
2019A7TS0181H,2019,537
2014A8PS0029G,2014,382
2018A1PS0462G,2018,498
2012A8PS0842G,2012,329
2020B5TS0729G,2020,575
2005B4PS0554H,2005,138
2023B2PS0673P,2023,748
2013A8PS0885H,2013,355
2012A1PS0131G,2012,337
2006A8PS0136H,2006,167
2023A1PS0092G,2023,740
2008B3TS0007G,2008,232
2018B1PS0160P,2018,491
2018A8PS0691H,2018,495
2010A7PS0589H,2010,282
2008B3PS0381G,2008,245
2011B4TS0899G,2011,318
2017B5PS0849G,2017,457
2014A4PS0549G,2014,386
2017A4PS0334H,2017,459
2023A8PS0038H,2023,745
2019B2TS0657P,2019,519
2009A7PS0071G,2009,259
2011B5TS0066P,2011,318
2007A7PS0249H,2007,190
2024B4TS0453H,2024,808
2020B4TS0162P,2020,576
2016B4TS0883G,2016,436
2014B5PS0436G,2014,377
2011B3PS0930P,2011,319
2018B3TS0364P,2018,484
2005AATS0407G,2005,125
2008B1PS0469P,2008,235
2005A3TS0376G,2005,127
2008A8TS0726G,2008,236
2023B3PS0612H,2023,729
2012B1TS0116P,2012,335
2009B2TS0694G,2009,256
2014A4TS0302P,2014,397
2023B5PS0946P,2023,710
2024B2PS0757G,2024,801
2011A3TS0722P,2011,315
2017B5PS0128G,2017,451
2010B1PS0961P,2010,285
2005A8PS0063P,2005,131
2007B4PS0689P,2007,176
2006B5TS0724G,2006,160
2018B5PS0998H,2018,494
2020A7PS0585P,2020,575
2004B2PS0108G,2004,104
2023A7TS0503P,2023,749
2020A8PS0432P,2020,567
2020B2PS0242H,2020,559
2006A3TS0081G,2006,159
2020B5PS0498H,2020,573
2007A4TS0701H,2007,178
2016A4TS0648P,2016,438
2012B2PS0524H,2012,340
2007AAPS0180H,2007,199
2016A7PS0987G,2016,447
2013B3PS0342H,2013,367
2023B4TS0721G,2023,737
2015A7TS0992H,2015,404
2016A4PS0606G,2016,449
2019B1TS0359P,2019,525
2022A3PS0946H,2022,681
2005B2PS0981P,2005,140
2019A1PS0711P,2019,516
2015A3TS0460H,2015,408
2019A4PS0179H,2019,538
2023A4PS0784G,2023,745
2006A1PS0776H,2006,167
2023B3TS0609H,2023,731
2014A8TS0410G,2014,388
2004B1TS0768P,2004,112
2010B2PS0902H,2010,291
2009A4TS0420G,2009,274
2004B2TS0137H,2004,117
2004A7TS0786G,2004,106
2010A1PS0107P,2010,296
2008B5TS0116P,2008,235
2010B1TS0984H,2010,290
2016A4PS0469H,2016,441
2007B5TS0550G,2007,185
2011A4TS0384G,2011,316
2020A7PS0395P,2020,584
2016AAPS0726P,2016,449
2017B1PS0189P,2017,471
2008AAPS0589H,2008,225
2015A1TS0060H,2015,422
2013A7PS0764G,2013,370
2009A1TS0948H,2009,259
2018B1TS0378P,2018,476
2011A4TS0150G,2011,309
2005AAPS0116P,2005,142
2021B4TS0054P,2021,602
2023B1PS0049P,2023,726
2018A7TS0374G,2018,496
2024B5TS0997P,2024,834
2005A3TS0426H,2005,144
2014B1TS0362P,2014,386
2008AAPS0413G,2008,228
2022A3TS0943P,2022,699
2011B1TS0116G,2011,322
2017B1TS0125H,2017,473
2019A4PS0386H,2019,513
2006AATS0594P,2006,174
2024B3PS0653G,2024,787
2005A8PS0116G,2005,132
2016B4TS0140G,2016,431
2020B3TS0137H,2020,568
2010A1TS0204H,2010,287
2022B2PS0780H,2022,695
2012B5PS0791G,2012,339
2023A1TS0136H,2023,728
2009A3PS0297G,2009,253
2018A7TS0324G,2018,496
2012A3TS0656H,2012,333
2007AATS0069H,2007,190
2016A4PS0682H,2016,429
2015A8TS0146G,2015,404
2011A1PS0953G,2011,323
2009AAPS0916G,2009,261
2005A8PS0458P,2005,136
2007B4TS0835H,2007,193
2017A8TS0759H,2017,464
2009B1PS0850P,2009,260
2004B1PS0248H,2004,109
2017B2PS0529P,2017,468
2008B5TS0222H,2008,225
2007B2PS0748P,2007,178
2022B5PS0143G,2022,699
2011B4TS0910G,2011,306
2006B2TS0314G,2006,153
2012A7TS0873P,2012,330
2008B1PS0625H,2008,227
2020A4TS0501H,2020,572
2007B3TS0694H,2007,194
2005A4TS0119H,2005,149
2015A1PS0504G,2015,417
2024A1TS0255G,2024,760
2015B3TS0762H,2015,422
2004B5TS0498G,2004,109
2019B2PS0006P,2019,515
2023B3PS0597P,2023,749
2011A4PS0908G,2011,312
2016B3PS0571G,2016,445
2018B2TS0002P,2018,489
2014B1TS0916H,2014,392
2011B1TS0851P,2011,302
2022A1TS0842H,2022,662
2004B3PS0160G,2004,102
2009B2PS0250P,2009,273
2008B2TS0811H,2008,243
2020B4TS0313G,2020,573
2024A8TS0737G,2024,837
2004A4PS0607P,2004,120
2023B3PS0030H,2023,716
2009B2TS0094H,2009,261
2020A1PS0366P,2020,550
2021A1TS0179G,2021,605
2010B3TS0938P,2010,280
2014B4PS0608H,2014,391
2020A7PS0304H,2020,599
2011B4TS0254P,2011,306
2021A3TS0709G,2021,642
2010B2PS0971P,2010,286
2014B5TS0129G,2014,391
2009A3PS0578G,2009,269
2024A4PS0038P,2024,829
2006A8TS0670H,2006,172
2016B1PS0055G,2016,448
2019A7PS0210H,2019,539
2008A1TS0512P,2008,239
2018A4PS0265H,2018,498
2017A8PS0119P,2017,472
2007AAPS0918P,2007,198
2011B4PS0424P,2011,324
2020B1TS0946P,2020,570
2007A7TS0952P,2007,179
2015A4TS0728P,2015,416
2017B1TS0138G,2017,474
2022A3TS0818H,2022,681
2015A8PS0943G,2015,406
2012B3TS0415P,2012,347
2013B2PS0436H,2013,372
2005A3PS0023P,2005,138
2010B1TS0492P,2010,283
2013B2TS0512G,2013,353
2024A8PS0863G,2024,762
2023AATS0152G,2023,701
2006B2TS0537H,2006,172
2015A1PS0647P,2015,412
2007A1TS0975G,2007,193
2016AATS0634G,2016,434
2015A4TS0054G,2015,417
2015A1PS0635P,2015,423
2015B3PS0698G,2015,410
2023A1PS0665H,2023,710
2004A3TS0536P,2004,121
2006B4PS0152P,2006,158
2014AATS0733G,2014,399
2019B1TS0428H,2019,523
2008B3PS0852P,2008,229
2022B3PS0618H,2022,696
2011A7TS0177P,2011,313
2014A3PS0634P,2014,390
2010B5TS0284P,2010,285
2021A3TS0020H,2021,622
2017B3TS0967G,2017,453
2011A3TS0575P,2011,321
2017B5PS0196H,2017,461
2021B3PS0928P,2021,615
2011A1TS0767P,2011,314
2021A1PS0372H,2021,649
2004A4TS0500P,2004,117
2011AAPS0614H,2011,309
2020A3PS0071P,2020,553
2018A4PS0263H,2018,487
2022B5PS0843G,2022,661
2018B1PS0696H,2018,496
2010B3TS0982H,2010,280
2014A4TS0435P,2014,395
2008B4TS0203G,2008,243
2015A4TS0731H,2015,413
2007A8TS0835H,2007,184
2021AATS0606P,2021,615
2020A8PS0229H,2020,584
2019B2PS0708G,2019,504
2009B3TS0769H,2009,270
2009B2TS0012G,2009,257
2011B4TS0399P,2011,313
2014A8PS0420H,2014,383
2021B2PS0671H,2021,632
2004B2PS0143P,2004,117
2009A4TS0914G,2009,257
2007A8TS0420P,2007,177
2024A7PS0185G,2024,845
2017B3TS0676G,2017,462
2021A1TS0456P,2021,625
2015AAPS0111P,2015,411
2015B2TS0078G,2015,415
2019B2PS0913H,2019,513
2021B2PS0497H,2021,630
2017B1TS0469G,2017,464
2005A8PS0357P,2005,137
2012A1PS0245H,2012,342
2011A8TS0835P,2011,305
2010A1TS0597P,2010,279
2006B2PS0228H,2006,163
2010B5TS0969P,2010,286
2020A1PS0876G,2020,551
2023B5PS0145H,2023,701
2017AATS0294P,2017,453
2022B5TS0650H,2022,653
2005A4PS0079G,2005,140
2013A7TS0539H,2013,355
2004A1PS0783H,2004,102
2012A8TS0747H,2012,347
2013A7TS0692H,2013,364
2021B3PS0386G,2021,639
2015B2PS0723P,2015,419
2007B2PS0726G,2007,180
2014B4TS0552P,2014,389
2015AATS0859H,2015,423
2018A1TS0961P,2018,477
2014A4TS0458P,2014,397
2005AATS0407P,2005,143
2018A4PS0302P,2018,491
2016A1TS0567G,2016,429
2022B3TS0741H,2022,667
2018A1TS0762P,2018,491
2021A1TS0809H,2021,631
2006B2PS0437H,2006,158
2024A1TS0038P,2024,800
2019B1PS0858G,2019,547
2019B4PS0071H,2019,524
2009A4TS0821P,2009,259
2017A4PS0986H,2017,463
2018A7TS0144P,2018,494
2005A1TS0897G,2005,127
2007B5PS0620G,2007,179
2024AATS0985H,2024,792
2005A1PS0723P,2005,146
2017A3PS0654H,2017,474
2017B3PS0160G,2017,468
2012A3TS0959P,2012,326
2018B2TS0515G,2018,483
2011A7PS0652H,2011,316
2014B2TS0490H,2014,377
2009A3PS0759P,2009,255
2012B2PS0601G,2012,340
2008A8TS0472G,2008,241
2017A4PS0353G,2017,450
2010A1PS0480H,2010,282
2017B1PS0076H,2017,451
2018A3TS0827G,2018,492
2005B5TS0330P,2005,149
2024A7PS0631P,2024,833
2008A4TS0162H,2008,249
2023A3PS0734P,2023,708
2016AAPS0911H,2016,438
2010B2PS0656P,2010,290
2008AAPS0462P,2008,240
2006A7PS0144H,2006,157
2023B3PS0677G,2023,701
2023B3PS0211P,2023,707
2011AATS0324G,2011,303
2004AATS0715P,2004,120
2024A4TS0041G,2024,774
2012B5PS0394G,2012,326
2019A3PS0480H,2019,541
2008A7PS0868P,2008,240
2007B2TS0115H,2007,197
2010B1TS0788G,2010,293
2022A7TS0648H,2022,689
2007A1PS0460P,2007,189
2017A1PS0729H,2017,451
2013B4TS0423P,2013,364
2020B3TS0896H,2020,563
2007A8PS0873G,2007,187
2021B1TS0396H,2021,640
2008B3PS0990P,2008,228
2006B4PS0490G,2006,152
2013A7PS0229P,2013,363
2020B1PS0402H,2020,555
2014A4PS0771H,2014,378
2018B2TS0812G,2018,479
2011B3TS0719H,2011,322
2017A1PS0355G,2017,459
2008B5TS0569G,2008,230
2015B4PS0482P,2015,404
2014B1PS0813P,2014,399
2006A8TS0293G,2006,165
2009A3PS0444H,2009,255
2008B3TS0592G,2008,227
2018A3PS0431G,2018,479
2006A4PS0493P,2006,157
2006B3TS0074G,2006,150
2012B4TS0652G,2012,325
2005A3TS0350G,2005,129
2012B2PS0387P,2012,341
2013A4PS0114H,2013,350
2021B3TS0284G,2021,637
2017AAPS0998P,2017,467
2014B1PS0257G,2014,376
2008A3TS0647H,2008,226
2011A8TS0443H,2011,312
2023B4TS0089G,2023,749
2008B5TS0927G,2008,235
2022A4PS0037P,2022,680
2017A1PS0595H,2017,473
2019A1PS0804P,2019,528
2004A7TS0421H,2004,108
2011A8PS0587G,2011,317
2020B1TS0075P,2020,599
2012B4PS0692G,2012,343
2009A7PS0641G,2009,272
2016B4TS0838H,2016,444
2018B4PS0887G,2018,491
2006B5PS0852P,2006,168
2023B1PS0395H,2023,738
2013B3PS0991G,2013,366
2017B3TS0378G,2017,467
2016B2TS0338P,2016,435
2014AAPS0103P,2014,386
2004A4TS0926G,2004,123
2005B4TS0361P,2005,130
2012B4PS0040P,2012,339
2024A4TS0848H,2024,759
2022AAPS0930G,2022,678
2004A7TS0404P,2004,100
2012AATS0072G,2012,348
2005B4TS0807H,2005,137
2019A8PS0956H,2019,506
2020B3PS0899P,2020,561
2024AATS0760P,2024,829
2007B2PS0943G,2007,185
2020B1PS0944G,2020,568
2005A7PS0226P,2005,144
2004A8TS0265G,2004,124
2020B2TS0384P,2020,559
2020B2PS0737G,2020,582
2011B2PS0465G,2011,324
2016B2TS0312P,2016,445
2023B1PS0579G,2023,730
2024A1PS0942P,2024,767
2008A7TS0928G,2008,238
2014AAPS0551H,2014,398
2013AAPS0118P,2013,364
2011B3TS0636G,2011,315
2013B2TS0392H,2013,357
2012A7PS0342G,2012,347
2019B4TS0142H,2019,502
2017B3TS0873H,2017,465
2007B4TS0808P,2007,199
2017B4PS0776G,2017,458
2006B3PS0136H,2006,164
2018B1TS0600H,2018,481
2012A8TS0949G,2012,341
2008B2TS0946P,2008,231
2015A1TS0091P,2015,422
2012B2PS0069H,2012,341
2011A1TS0614H,2011,319
2015B3TS0571P,2015,409
2020A7TS0217G,2020,557
2021A7PS0058G,2021,642
2005A8PS0532H,2005,129
2017A8PS0804G,2017,463
2016A1TS0354P,2016,437
2018A8PS0333H,2018,479
2010B2TS0528G,2010,294
2006A8PS0202P,2006,173
2021A1TS0548H,2021,605
2015A1PS0156H,2015,416
2018B4PS0108H,2018,492
2016A7TS0253P,2016,444
2012A7PS0964P,2012,340
2008AAPS0888P,2008,230
2007B1TS0283H,2007,196
2008A7TS0752G,2008,239
2024A3PS0387G,2024,758
2021B1TS0618H,2021,633
2022A1TS0737P,2022,697
2015B3PS0984P,2015,402
2010B1PS0984H,2010,280
2019A7TS0197P,2019,502
2021A8TS0920G,2021,625
2010B5PS0335G,2010,297
2010A8TS0544H,2010,287
2014A8TS0083H,2014,391
2007A1PS0472P,2007,191
2019AATS0218P,2019,539
2015A3PS0193P,2015,408
2013B1PS0638P,2013,365
2006A3TS0442P,2006,167
2015A3TS0578P,2015,411
2012B2TS0299P,2012,329
2012A8TS0170G,2012,349
2020B2TS0331G,2020,597
2012AAPS0402G,2012,338
2016AATS0778G,2016,435
2010B2PS0619H,2010,288
2011B3TS0842G,2011,319
2017B2PS0758P,2017,453
2018A1TS0609G,2018,492
2023A4PS0902P,2023,748
2021A8PS0241H,2021,649
2016B4TS0513H,2016,449
2014A1TS0120H,2014,387
2011A1PS0541G,2011,312
2004A1PS0828G,2004,113
2021A1TS0652G,2021,629
2022B4TS0035G,2022,698
2021B1PS0151P,2021,637
2013B5PS0620P,2013,352
2005B3PS0416P,2005,133
2022A3TS0529P,2022,658
2024A1PS0241P,2024,830
2015A3TS0693P,2015,400
2018B1TS0372G,2018,485
2008A7TS0487G,2008,226
2023A8TS0145H,2023,705
2020A3PS0340H,2020,586
2019B1PS0013G,2019,527
2017B5TS0114P,2017,455
2023A3TS0811P,2023,722
2017B1TS0999H,2017,454
2022A1TS0893G,2022,682
2015A3PS0034P,2015,415
2021B4PS0720H,2021,641
2010B3TS0631P,2010,285
2019A4PS0323H,2019,524
2019B1TS0424H,2019,529
2020A8PS0921P,2020,566
2024A4PS0678G,2024,781
2009AAPS0635G,2009,252
2007A7TS0339G,2007,194
2008A4TS0481P,2008,234
2014AATS0215P,2014,394
2012A1PS0290P,2012,336
2013A4TS0271H,2013,353
2009B4PS0778P,2009,252
2011AAPS0113G,2011,323
2017A1PS0029H,2017,450
2007A8TS0200G,2007,193
2008B4PS0987G,2008,237
2006B3PS0542H,2006,167
2016AAPS0432H,2016,440
2006B2TS0274H,2006,167
2006B3TS0896P,2006,157
2018A3PS0208P,2018,480
2019A8TS0742G,2019,538
2022A4TS0960H,2022,694
2008AATS0719P,2008,232
2019B3PS0373G,2019,525
2007A3TS0335G,2007,179
2007A1TS0322G,2007,195
2022A4TS0100P,2022,670
2015AAPS0002G,2015,411
2021B1TS0835P,2021,649
2020B1PS0489G,2020,563
2010A1PS0792P,2010,279
2008AATS0908G,2008,227
2024A7TS0559H,2024,780
2012B5PS0494H,2012,342
2008AATS0990P,2008,238
2005B1TS0548G,2005,134
2010B1TS0939P,2010,288
2010AAPS0730G,2010,282
2007A8PS0418H,2007,179
2018B2TS0974G,2018,491
2014B3PS0850H,2014,375
2014A7PS0696P,2014,378
2006AATS0959H,2006,174
2024AATS0186G,2024,820
2006A4TS0709H,2006,157
2019B5PS0092P,2019,515
2013B3PS0705H,2013,363
2005A4TS0046H,2005,127
2013A7PS0427P,2013,364
2014B5TS0976P,2014,381
2024B1TS0702H,2024,830
2016A8TS0140P,2016,434
2010A8TS0493H,2010,283
2010A7TS0879P,2010,298
2008B2PS0371P,2008,230
2022A3PS0449H,2022,698
2014A1PS0324H,2014,386
2006A3TS0629P,2006,173
2009A1TS0081P,2009,258
2023A7TS0438G,2023,725
2024B3TS0553G,2024,764
2012B4PS0224G,2012,341
2024B2PS0035G,2024,768
2024A4TS0302P,2024,768
2013A7PS0238H,2013,369
2020B1PS0431P,2020,588
2018A1TS0929P,2018,478
2018B5TS0894H,2018,492
2011B1PS0501G,2011,320
2014A4PS0675P,2014,398
2017A8PS0734P,2017,470
2010A7PS0295P,2010,297
2006B2TS0689G,2006,155
2006A8TS0712G,2006,150
2022A7TS0247G,2022,656
2015A7TS0431H,2015,412
2016A3PS0419H,2016,431
2008AAPS0389H,2008,243
2009A4TS0312P,2009,263
2019A7TS0239H,2019,530
2013B3TS0715P,2013,368
2019B1PS0331H,2019,534
2023A4PS0414P,2023,724
2009B1TS0869P,2009,273
2007B5PS0493H,2007,188
2020A8TS0886G,2020,596
2021AAPS0867G,2021,607
2013B5PS0896H,2013,355
2021A4TS0443G,2021,637
2019B2TS0673G,2019,522
2010A7TS0992P,2010,288
2017B1PS0380P,2017,464
2020B3TS0754P,2020,551
2013B1PS0088H,2013,368
2024A1TS0101P,2024,822
2019AAPS0978G,2019,524
2020AAPS0751H,2020,591
2013AATS0308H,2013,353
2016A7TS0233P,2016,449
2020B3PS0487P,2020,591
2011B2TS0041P,2011,321
2021A8PS0050H,2021,647
2009A8TS0107G,2009,265
2017A1PS0429H,2017,469
2023A3PS0973P,2023,721
2010B4TS0006G,2010,275
2007A3PS0325H,2007,183
2012A1TS0055G,2012,329
2004AATS0534H,2004,114
2019B4TS0163H,2019,520
2016B1PS0682G,2016,428
2009A3TS0312G,2009,250
2018B4PS0532G,2018,485
2021AAPS0766H,2021,605
2020A3TS0478G,2020,595
2018B3TS0288G,2018,477
2023B2PS0717G,2023,701
2022A3PS0299H,2022,699
2020A1PS0087P,2020,565
2024B5TS0577G,2024,808
2014A1TS0329H,2014,395
2021A7PS0916H,2021,625
2014B4PS0336G,2014,393
2015B5PS0496H,2015,420
2022B1PS0300P,2022,678
2024AATS0584G,2024,759
2015A1TS0096G,2015,424
2021AATS0964P,2021,631
2024B4TS0229H,2024,818
2019A4PS0478H,2019,516
2021A7TS0948P,2021,624
2014B4TS0787P,2014,391
2013A4PS0914H,2013,365
2004B2PS0109G,2004,118
2019A3TS0031G,2019,506
2004A7PS0224G,2004,107
2006B2PS0580G,2006,158
2014B1TS0629P,2014,379
2024B1PS0441H,2024,834
2018AATS0078H,2018,475
2010B4TS0371H,2010,278
2017AATS0276H,2017,460
2022A8TS0314P,2022,667
2018A1PS0780H,2018,481
2006A4PS0074H,2006,161
2004A8PS0406G,2004,114
2010A3TS0753H,2010,288
2008B3PS0313G,2008,237
2019B2TS0002H,2019,515
2011B3PS0360H,2011,308
2016A7TS0151G,2016,431
2013B3PS0128G,2013,362
2018B5TS0548P,2018,491
2017A7TS0691H,2017,459
2012A3TS0753P,2012,328
2005A4PS0733P,2005,131
2004AAPS0088G,2004,120
2010B4PS0983G,2010,277
2024AATS0047H,2024,824
2011B2PS0790P,2011,301
2024A1PS0697P,2024,843
2013A1PS0529G,2013,361
2014A7PS0676G,2014,399
2009B3TS0622P,2009,259
2012B5TS0970P,2012,344
2016A8PS0849G,2016,445
2021A8PS0700P,2021,609
2012B1PS0352G,2012,337
2020B2TS0812P,2020,586
2009B3TS0482P,2009,274
2014B4TS0843H,2014,377
2010A8PS0103H,2010,296
2013B1PS0097G,2013,371
2020B5PS0181G,2020,564
2022B1TS0460H,2022,689
2004A4TS0439G,2004,101
2011A1TS0810H,2011,307
2021B3PS0870G,2021,606
2024A4PS0828H,2024,819
2017B4PS0413H,2017,450
2018B5PS0051H,2018,486
2022A8PS0311P,2022,693
2017A3TS0895H,2017,468
2018A4PS0480H,2018,497
2024B4TS0914G,2024,848
2020A3PS0034G,2020,581
2023B2TS0751P,2023,727
2022B1PS0396P,2022,664
2023B4PS0085H,2023,744
2023AATS0850G,2023,710
2011B1PS0750G,2011,313
2017B2TS0451P,2017,454
2005B2TS0090H,2005,131
2006A3TS0245P,2006,158
2012A3TS0488P,2012,336
2006B1TS0708H,2006,172
2004AATS0021H,2004,108
2021A3TS0687P,2021,642
2016B4PS0886H,2016,429
2008B5TS0531P,2008,241
2015B1TS0446H,2015,403
2009A3TS0305G,2009,260
2009A1TS0384H,2009,257
2005B2TS0587G,2005,135
2009A7PS0576G,2009,253
2009A7PS0600P,2009,256
2012AAPS0911P,2012,328
2014B5TS0293G,2014,386
2006B1PS0340H,2006,161
2023B1TS0798P,2023,718
2012A8TS0029H,2012,342
2021B4TS0004P,2021,628
2011A1PS0751G,2011,309
2024A1PS0793H,2024,827
2018B3TS0036P,2018,480
2004AAPS0817H,2004,105
2005AATS0335P,2005,137
2020B3PS0644P,2020,585
2020B3PS0455G,2020,575
2011A7TS0951P,2011,318
2004B1TS0180G,2004,117
2006A8TS0679H,2006,174
2022A3TS0254G,2022,680
2020B5PS0365H,2020,557
2018B5PS0152G,2018,490
2020B5TS0684P,2020,579
2024A7PS0208G,2024,815
2022B2PS0451H,2022,655
2011A4TS0717H,2011,313
2015B2PS0541P,2015,412
2012B3TS0254P,2012,336
2019B4TS0501G,2019,517
2007B4PS0009P,2007,176
2023A1PS0013P,2023,749
2020B2PS0956H,2020,595
2020A7PS0333P,2020,572
2011A1PS0564H,2011,315
2023A3TS0731G,2023,732
2024AATS0255P,2024,798
2016AATS0824G,2016,433
2012B4PS0295P,2012,346
2011B4PS0801P,2011,323
2016B4PS0889G,2016,441
2014B1TS0648H,2014,396
2023A1TS0337G,2023,714
2006A8PS0931H,2006,169
2009A4PS0759P,2009,254
2015A4TS0095G,2015,413
2010B1PS0443P,2010,294
2010B3PS0093P,2010,284
2024AAPS0616P,2024,777
2018B1PS0859P,2018,498
2015A3PS0372H,2015,408
2020A3TS0734H,2020,556
2012A4PS0287H,2012,344
2006B3PS0013H,2006,150
2017B1TS0013P,2017,459
2017A1TS0425G,2017,458
2014A3TS0292P,2014,389
2020B5PS0183P,2020,559
2005A1TS0844P,2005,145
2004B5PS0073P,2004,106
2009B1PS0368P,2009,257
2006A7PS0243P,2006,174
2012A4PS0691H,2012,340
2014B4PS0836P,2014,396
2010AATS0256G,2010,286
2007B1TS0317P,2007,175
2005B3PS0275G,2005,137
2015A3TS0238P,2015,407
2016A7PS0659P,2016,430
2016B3TS0482P,2016,431
2005B4TS0347P,2005,134
2016A8TS0988G,2016,444
2015B5TS0877H,2015,410
2024A1PS0620G,2024,755
2007AATS0985H,2007,199
2017A4PS0412P,2017,458
2021AAPS0737P,2021,603
2023B2PS0842G,2023,737
2009A8TS0445G,2009,251
2017A7TS0091P,2017,463
2007A1TS0645G,2007,191
2020B5PS0502G,2020,562
2014AATS0935H,2014,378
2023B5TS0694P,2023,744
2023B3TS0867H,2023,722
2006B1TS0779P,2006,167
2010A3PS0502H,2010,286
2016B5TS0798P,2016,445
2004B5PS0431G,2004,110
2017A4TS0128H,2017,465
2006B3TS0942G,2006,152
2015AATS0361G,2015,424
2007B4TS0731P,2007,187
2024B5TS0929P,2024,797
2018B4TS0201H,2018,484
2007B5TS0942H,2007,186
2007A4PS0061H,2007,189
2019B2PS0212H,2019,506
2006B3PS0855G,2006,154
2016A3PS0459H,2016,447
2017B3TS0999P,2017,473
2008B2PS0239H,2008,227
2016A1TS0812H,2016,446
2021B1PS0047H,2021,615
2021B4PS0992G,2021,644
2023B1TS0541G,2023,731
2018A3PS0979G,2018,492
2015B5PS0040H,2015,419
2004AATS0873G,2004,102
2012A7TS0406P,2012,326
2014B1PS0593P,2014,387
2015B2PS0981H,2015,423
2009B4PS0057G,2009,267
2017A8PS0139G,2017,468
2005A3PS0421H,2005,138
2015B4PS0046P,2015,411
2009B5TS0462H,2009,264
2006AAPS0875H,2006,169
2013A7TS0029P,2013,369
2010AATS0851P,2010,290
2016B3TS0863G,2016,449
2017B2PS0475P,2017,452
2017B1PS0006P,2017,453
2011A3TS0985P,2011,313
2010A1PS0223G,2010,291
2004A1PS0167P,2004,108
2022B2TS0791H,2022,688
2009B2TS0136H,2009,273
2004B3PS0831H,2004,119
2022B4TS0752G,2022,683
2010A4TS0389H,2010,279
2016AAPS0361G,2016,446
2012B1TS0184G,2012,334
2004A4TS0228G,2004,106
2014A1PS0802H,2014,385
2004B4TS0354H,2004,117
2022B4TS0208H,2022,663
2009A4TS0621H,2009,273
2012B1PS0585H,2012,342
2010A7TS0941P,2010,291
2017A7PS0751G,2017,452
2024A7PS0900P,2024,845
2005B4TS0193P,2005,134
2004B2TS0571G,2004,107
2011A7PS0349H,2011,308
2013B5PS0430P,2013,357
2014A4TS0133G,2014,384
2007AATS0165G,2007,193
2017A3PS0425H,2017,451
2011B4TS0451G,2011,308
2005A3PS0178P,2005,126
2012B1TS0988G,2012,328
2004A1TS0384G,2004,106
2010A3TS0063G,2010,295
2020A7PS0545H,2020,590
2016A1PS0113G,2016,438
2024B4TS0419H,2024,794
2024A4PS0672P,2024,841
2015A7TS0867H,2015,403
2022B2TS0634P,2022,666
2021AAPS0191G,2021,610
2022B4PS0412P,2022,673
2013B2PS0929P,2013,365
2020A8TS0223G,2020,597
2018B4TS0744H,2018,481
2023A4PS0270P,2023,716
2016A4TS0271G,2016,431
2009A4TS0628H,2009,266
2011A3PS0068P,2011,306
2006A3TS0058G,2006,152
2008AAPS0217H,2008,249
2006A4TS0685G,2006,163
2013B3PS0791G,2013,366
2020A8PS0860H,2020,588
2020AAPS0919G,2020,564
2016A1TS0648P,2016,441
2008B1PS0039P,2008,232
2013A1TS0548P,2013,351
2007A3TS0130H,2007,197
2023B3PS0845G,2023,718
2024A3PS0757P,2024,758
2005B1PS0681G,2005,143
2013A7PS0438H,2013,370
2024B2PS0371P,2024,802
2016B2TS0657G,2016,443
2012B3PS0740G,2012,332
2018B5PS0282P,2018,488
2020A8PS0324H,2020,573
2014A8TS0315G,2014,380
2019B5TS0199P,2019,543
2012B5TS0141H,2012,336
2024B4PS0056P,2024,756
2022A3TS0043H,2022,661
2005A1PS0921H,2005,142
2011A7TS0233P,2011,300
2018B1PS0276H,2018,498
2015AAPS0157H,2015,411
2021A3PS0986H,2021,631
2006A3TS0008P,2006,156
2020B5PS0603P,2020,596
2021B1PS0008G,2021,632
2014A7TS0957P,2014,377
2014A3TS0906H,2014,397
2014A4TS0920P,2014,389
2022A4TS0010G,2022,691
2009A1TS0070P,2009,261
2012B5PS0134G,2012,325
2015A1TS0196P,2015,421
2021B4TS0946P,2021,643
2018B4PS0233H,2018,488
2007B4TS0266G,2007,196
2024A8PS0684G,2024,784
2011A1TS0546H,2011,302
2011B2PS0288H,2011,321
2014B1PS0518P,2014,391
2020A4TS0433G,2020,592
2010A1PS0383G,2010,288
2015A3PS0044G,2015,415
2018B4PS0938H,2018,480
2022B2PS0702H,2022,696
2012B5PS0079H,2012,327
2006B1PS0933H,2006,155
2019B5PS0357H,2019,531
2011A3TS0624P,2011,302
2020B4TS0495H,2020,580
2023B3PS0071G,2023,742
2015A4PS0782P,2015,412
2006A1TS0381P,2006,154
2017B2PS0691P,2017,461
2012B3PS0724G,2012,325
2016B3PS0249G,2016,443
2004AAPS0547P,2004,118
2023A1TS0796H,2023,739
2010B5PS0737H,2010,278
2014B2TS0718G,2014,375
2023A4TS0497P,2023,728
2020A8PS0862H,2020,598
2016A7TS0363G,2016,447
2014B5PS0452P,2014,376
2021B3PS0095G,2021,648
2007B3PS0517G,2007,196
2013A7TS0495G,2013,355
2015B5PS0191G,2015,417
2024B3TS0015G,2024,811
2014A1PS0125H,2014,385
2021B2TS0771G,2021,619
2019B3TS0225G,2019,508
2005B4PS0407H,2005,130
2017B2TS0609H,2017,465
2019A4PS0437H,2019,512
2018A8PS0766G,2018,490
2006A7PS0197P,2006,153
2018A1TS0059H,2018,488
2006B2TS0577P,2006,154
2007B1PS0770H,2007,198
2013B1PS0417H,2013,374
2008B4PS0698H,2008,234
2016B1TS0106G,2016,438
2007A3TS0520P,2007,190
2010B2PS0989P,2010,298
2013A1PS0039H,2013,369
2004B5PS0672H,2004,112
2009B3PS0982P,2009,256
2007A3TS0346P,2007,182
2005B3PS0257P,2005,138
2006B4TS0639H,2006,172
2010A1PS0659G,2010,275
2013A7TS0107H,2013,359
2024B2PS0880G,2024,807
2018B4TS0555P,2018,492
2004B5TS0936G,2004,120
2004AATS0616H,2004,123
2004B5PS0136G,2004,121
2021B4TS0548H,2021,602
2024AATS0109P,2024,802
2011A1PS0738G,2011,311
2010B2TS0959H,2010,294
2007A3TS0098H,2007,192
2004B2PS0624G,2004,114
2006A3PS0402H,2006,160
2019B1PS0460G,2019,511
2008B5TS0394H,2008,238
2011B2PS0775H,2011,316
2020AATS0172P,2020,595
2014B3PS0663P,2014,375
2020B3TS0181P,2020,580
2020B5PS0860P,2020,597
2018A7TS0749H,2018,477
2014B2PS0762P,2014,375
2006B4TS0375G,2006,170
2012B3PS0163P,2012,329
2024A3PS0785G,2024,844
2017A1TS0162H,2017,468
2018B3PS0223H,2018,481
2021B2TS0965G,2021,615
2005B5TS0619P,2005,144
2013A1PS0462H,2013,353
2015B3TS0536H,2015,413
2004AATS0120G,2004,111
2023B5TS0401P,2023,701
2008B1TS0513G,2008,225
2023B1PS0149P,2023,703
2005B4PS0380H,2005,133
2020A4TS0537P,2020,557
2007B2PS0132P,2007,198
2016A4PS0043H,2016,431
2020AATS0935P,2020,551
2021B4PS0251H,2021,618
2010B3TS0676P,2010,294
2013B4TS0899H,2013,356
2004A7PS0642P,2004,121
2018AAPS0240G,2018,475
2019A7PS0449P,2019,541
2006B2PS0636H,2006,155
2014B3PS0426G,2014,397
2011A1TS0615G,2011,312
2014A7TS0832H,2014,389
2010B4TS0912P,2010,299
2020B3PS0784H,2020,582
2009AATS0546G,2009,250
2008A4PS0761H,2008,240
2013B5PS0285H,2013,368
2012B1TS0361H,2012,345
2009B3PS0802P,2009,270
2012A1PS0488P,2012,326
2020A7TS0652H,2020,595
2015B4TS0186H,2015,402
2017A8TS0085P,2017,467
2023B3PS0019H,2023,744
2016B3TS0171H,2016,449
2012A1PS0035H,2012,347
2013AAPS0352H,2013,353
2017A7PS0606H,2017,461
2013A1TS0665H,2013,372
2006B1TS0505G,2006,166
2008B3PS0778P,2008,238
2012B5TS0252P,2012,349
2012A1PS0747H,2012,341
2019B1PS0026H,2019,537
2021B4PS0554P,2021,635
2004A7PS0353P,2004,108
2012B5PS0466H,2012,335
2017A3TS0788H,2017,453
2007A1TS0383P,2007,185
2010B5PS0362H,2010,278
2022B3PS0531H,2022,693
2012B4TS0381H,2012,333
2006B5PS0255H,2006,166
2006A1TS0168G,2006,158
2007B3PS0332H,2007,179
2024A4PS0562G,2024,831
2020B4PS0018G,2020,569
2008B4TS0173P,2008,237
2024A4PS0695H,2024,791
2015B5TS0298G,2015,419
2018A7PS0504H,2018,485
2024A8TS0475H,2024,761
2008A1PS0762H,2008,248
2014B2PS0156G,2014,397
2009B1PS0077H,2009,257
2005B4PS0103P,2005,145
2011B5TS0112P,2011,311
2023B5TS0204G,2023,711
2010AATS0776P,2010,277
2024A8PS0403P,2024,827
2004A7TS0634G,2004,118
2016B4PS0366P,2016,432
2006B1PS0810P,2006,173
2020B5PS0231H,2020,580
2012B3PS0191G,2012,339
2018A4PS0209H,2018,491
2020A3TS0347H,2020,586
2006A1PS0836H,2006,164
2019AAPS0235G,2019,543
2022A8PS0627H,2022,681
2024B5TS0167G,2024,848
2023A8TS0700P,2023,734
2024A4TS0862H,2024,839
2006B3TS0108H,2006,154
2013A1TS0922G,2013,352
2019B4PS0564G,2019,533
2005B3PS0594H,2005,132
2011A3TS0208G,2011,322
2012B3PS0739G,2012,347
2013A7PS0074G,2013,370
2014A8PS0130G,2014,394
2004A7PS0696P,2004,105
2012B1TS0589G,2012,331
2015A8TS0802P,2015,413
2009AATS0155G,2009,270
2010AAPS0666P,2010,295
2018AAPS0223G,2018,476
2016B4PS0904G,2016,429
2022B3TS0555P,2022,699
2019A7PS0574G,2019,546
2020AAPS0446G,2020,587
2006A3TS0147G,2006,158
2015A8PS0522G,2015,406
2009B5PS0703G,2009,271
2020B2TS0885P,2020,561
2024B3PS0542G,2024,802
2012B1PS0061P,2012,346
2024B3TS0663H,2024,796
2008B2TS0972G,2008,236
2004B5PS0494P,2004,120
2019A3PS0468H,2019,544
2008A3TS0065P,2008,249
2017A4TS0643P,2017,451
2019A1PS0554G,2019,522
2023AATS0972P,2023,715
2016B2PS0879G,2016,446
2012A7PS0947H,2012,341
2014A8PS0340P,2014,385
2015A3PS0006P,2015,402
2019B2TS0362G,2019,531
2005B1TS0895H,2005,141
2016AATS0985H,2016,425
2009A8TS0171H,2009,270
2006B1PS0011P,2006,168
2023A4TS0383G,2023,742
2004B1PS0224P,2004,117
2013A1PS0716H,2013,361
2021A1PS0070H,2021,647
2023AATS0248G,2023,713
2022A1PS0508H,2022,671
2009B3TS0130H,2009,272
2018B4TS0154G,2018,478
2009B1PS0300H,2009,262
2008A7PS0113P,2008,245
2007B3TS0409G,2007,177
2022A3PS0230P,2022,666
2005B4PS0965G,2005,129
2011A1TS0562P,2011,314
2022A4TS0439G,2022,671
2021B5PS0931G,2021,622
2004A4PS0790H,2004,122
2007A4PS0067P,2007,199
2021B2TS0209G,2021,623
2007AATS0386P,2007,177
2008B5TS0059G,2008,230
2022A1TS0368P,2022,661
2022B1PS0381G,2022,697
2012A8PS0534P,2012,337
2020A4TS0521H,2020,570
2016A3TS0864H,2016,435
2011B1PS0946G,2011,315
2021A1TS0418H,2021,623
2005A8TS0951G,2005,125
2010B5TS0352H,2010,294
2022B1TS0416H,2022,685
2023A4TS0711G,2023,744
2005B2TS0923H,2005,135
2018B5TS0193G,2018,491
2005A4PS0019G,2005,146
2019AAPS0195H,2019,542
2024A4PS0213H,2024,795
2007A4TS0488P,2007,197
2007B3TS0569G,2007,188
2007B3PS0579G,2007,191
2013B1PS0554G,2013,359
2009B4TS0898G,2009,266
2019B5TS0225H,2019,524
2007B4PS0508P,2007,177
2020B5PS0995P,2020,558
2018B1TS0731G,2018,492
2012B4TS0171P,2012,332
2013A4PS0382H,2013,372
2024A1TS0289P,2024,778
2020B4PS0700P,2020,590
2020B2TS0364P,2020,581
2004A1PS0979P,2004,108
2018A4PS0261H,2018,496
2024A4TS0496P,2024,758
2004A1TS0769P,2004,108
2024B3TS0912G,2024,771
2018AAPS0657P,2018,483
2014B4PS0126H,2014,380
2014B2TS0552G,2014,399
2014B1PS0437P,2014,381
2024A4TS0585H,2024,800
2013AATS0258H,2013,368
2009A8PS0842H,2009,260
2021A3TS0602H,2021,613
2020A4TS0202G,2020,587
2017AAPS0996H,2017,461
2007A1PS0117G,2007,192
2024A8PS0192P,2024,830
2014AATS0877P,2014,393
2006A7PS0070H,2006,161
2024A7PS0518P,2024,814
2007A4PS0868H,2007,188
2022A4TS0227P,2022,686
2019B3TS0456G,2019,520
2005B5PS0399P,2005,125
2009A4TS0267H,2009,270
2016A7TS0389H,2016,425
2009A1PS0432P,2009,252
2006B1PS0817H,2006,170
2022B4TS0663G,2022,683
2011A8PS0729G,2011,301
2011B4TS0549P,2011,319
2014B3TS0665G,2014,391
2005AATS0527G,2005,130
2011A7PS0926H,2011,309
2015A8PS0250H,2015,421
2006A4PS0631H,2006,166
2019AAPS0461P,2019,528
2011B2PS0709G,2011,302
2022A4TS0612H,2022,680
2017B4PS0510H,2017,463
2020B5PS0711G,2020,594
2004A8TS0516H,2004,119
2017A3TS0470H,2017,474
2007B5TS0485H,2007,196
2018B5TS0421P,2018,483
2008A8TS0956H,2008,248
2016A1TS0226P,2016,446
2023A3TS0225P,2023,739
2009B2PS0853P,2009,266
2023A1TS0252P,2023,740
2023B4TS0734P,2023,717
2009A3PS0486G,2009,274
2013B2PS0707G,2013,374
2006A7PS0218G,2006,173
2020B5PS0975G,2020,563
2006B4TS0409P,2006,151
2007B4PS0413G,2007,193
2022B5PS0863P,2022,683
2012A8TS0306H,2012,330
2010AAPS0900G,2010,293
2015A7PS0416G,2015,413
2004A8TS0259G,2004,110
2022A8PS0652G,2022,698
2016A7TS0904H,2016,435
2009B4TS0696H,2009,254
2010B2TS0375H,2010,275
2021A4TS0926H,2021,636
2011AAPS0071G,2011,312
2015B1PS0234G,2015,415
2019B5TS0050P,2019,531
2024B2TS0786H,2024,790
2007A4PS0303G,2007,199
2021A1PS0241P,2021,626
2006A8TS0308G,2006,153
2014B1PS0438P,2014,381
2013B1PS0083H,2013,360
2022A1TS0844H,2022,669
2022B4TS0080H,2022,672
2013A8TS0220P,2013,367
2012AATS0806G,2012,346
2017A1PS0928G,2017,463
2020A7PS0806P,2020,574
2022A4PS0933G,2022,695
2009AAPS0496P,2009,259
2008B2TS0644P,2008,238
2013B1PS0984G,2013,360
2017A8PS0043H,2017,455
2011B4TS0270P,2011,318
2011AATS0932P,2011,316
2016A7PS0524G,2016,442
2013A8PS0698G,2013,360
2009B5TS0137H,2009,257
2014A8TS0758P,2014,390
2018A3PS0282G,2018,494
2011B2PS0657G,2011,321
2020B1TS0301P,2020,591
2014B2PS0211H,2014,376
2007A7PS0514P,2007,185
2017B4TS0940G,2017,461
2012AATS0073P,2012,347
2023B5PS0365P,2023,733
2022B1TS0996G,2022,689
2022A4PS0931G,2022,668
2010A8TS0604P,2010,296
2009B1PS0458G,2009,261
2012A1PS0016G,2012,340
2022A4PS0615H,2022,650
2020B4TS0346P,2020,550
2008A7PS0959P,2008,230
2017A3TS0692H,2017,461
2014B4PS0665G,2014,379
2009B5PS0366H,2009,271
2023A8PS0006H,2023,725
2014A8PS0586G,2014,393
2015A7TS0850P,2015,404
2017A1PS0918G,2017,460
2010A3PS0092P,2010,278
2009A1PS0913H,2009,259
2022B2PS0803P,2022,682
2021A8TS0525H,2021,637
2018B2PS0309H,2018,498
2009A1TS0101P,2009,263
2012A8PS0102H,2012,343
2023B4TS0525H,2023,732
2008A1PS0560P,2008,245
2008B1PS0970G,2008,231
2010AATS0140P,2010,296
2004AATS0896P,2004,100
2006B1PS0695P,2006,161
2009A7TS0217G,2009,274
2013B3PS0456H,2013,372
2021AATS0838H,2021,618
2022B1TS0237P,2022,678
2013A3PS0926G,2013,357
2023A1TS0781G,2023,711
2021A1PS0761P,2021,649
2022B3TS0382P,2022,665
2014B5PS0737P,2014,397
2021A3TS0336P,2021,606
2011A7PS0166H,2011,314
2014A3PS0831H,2014,399
2013A3PS0229P,2013,351
2021B2TS0318P,2021,633
2013B5TS0570G,2013,371
2011A8TS0795G,2011,311
2006A7PS0292G,2006,150
2010B2PS0841G,2010,293
2009B2PS0547H,2009,254
2020B5TS0490H,2020,569
2007A8TS0860H,2007,199
2004A3TS0559P,2004,116
2012A8TS0018P,2012,349
2022AATS0152G,2022,685
2007B1TS0749H,2007,197
2023B3TS0341G,2023,704
2015A1PS0301H,2015,403
2009A8TS0927H,2009,258
2016A3PS0667G,2016,443
2015A8TS0202G,2015,418
2008AATS0075H,2008,233
2011B1PS0714P,2011,305
2010A4PS0423G,2010,275
2014A1PS0232P,2014,384
2010A8PS0774P,2010,279
2019B5TS0194H,2019,545
2004A3TS0357P,2004,114
2016A1PS0215P,2016,434
2006B5TS0920P,2006,156
2012A7TS0945P,2012,341
2013A3PS0257P,2013,356
2007B1TS0975H,2007,196
2022A4TS0573H,2022,675
2013B4PS0697G,2013,371
2006A1TS0554H,2006,150
2013AAPS0195P,2013,362
2014B5PS0892H,2014,393
2014A1TS0327P,2014,396
2024AATS0082G,2024,829
2010B4PS0595H,2010,275
2010A8PS0130G,2010,275
2018B2PS0781G,2018,487
2021B3TS0215H,2021,623
2024A8TS0650G,2024,785
2007B2PS0002P,2007,176
2006B1TS0043P,2006,173
2019B5TS0295H,2019,508
2021B1TS0432G,2021,610
2021B3PS0460H,2021,610
2010A7PS0482P,2010,284
2022B4TS0810G,2022,668
2022A4TS0193P,2022,674
2023AAPS0206G,2023,703
2011B2PS0652H,2011,305
2017A8PS0516P,2017,468
2010B2TS0536H,2010,280
2012A1PS0135G,2012,332
2006B1TS0429G,2006,158
2015B2PS0625P,2015,401
2012A3TS0323H,2012,327
2004B1PS0691H,2004,108
2010B3PS0868H,2010,289
2010A1TS0724G,2010,298
2022AATS0275H,2022,684
2010B5PS0978H,2010,280
2018B3TS0971P,2018,476
2016B3TS0761H,2016,447
2013AAPS0707H,2013,354
2012B1PS0287P,2012,342
2005A1PS0230G,2005,129
2012A4PS0968P,2012,344
2011AAPS0013H,2011,321
2007B1PS0881G,2007,197
2017A3TS0256P,2017,461
2008A3PS0876H,2008,232
2009B4PS0769G,2009,258
2011B1TS0382G,2011,318
2019AAPS0450H,2019,547
2005B3PS0622P,2005,136
2017A7PS0330G,2017,460
2023A8TS0713H,2023,748
2015A8TS0679G,2015,414
2020A8TS0921G,2020,585
2010B1TS0031H,2010,297
2023AATS0920P,2023,718
2023B2TS0154G,2023,728
2023B1PS0550H,2023,700
2022A8PS0710P,2022,692
2022AATS0265P,2022,678
2006B4PS0176P,2006,157
2021A3PS0534P,2021,628
2017AATS0256H,2017,470
2009B5TS0647H,2009,257
2009A3TS0819H,2009,265
2024AATS0017H,2024,790
2005B3TS0771G,2005,149
2007B3TS0846P,2007,190
2007B4PS0560P,2007,180
2006A8TS0259H,2006,160
2009A3PS0568G,2009,267
2004A4TS0431G,2004,103
2007B3PS0212G,2007,175
2005B1PS0341H,2005,134
2012B1PS0245G,2012,341
2007B3TS0725G,2007,188
2020B3PS0463G,2020,563
2005A8PS0913G,2005,133
2007A1PS0814P,2007,178
2005A8PS0081G,2005,133
2023B5TS0138G,2023,722
2012A1TS0887H,2012,339
2022A8TS0091G,2022,665
2020B5TS0854H,2020,580
2009AAPS0129G,2009,256
2021B3TS0501P,2021,611
2017B3PS0078G,2017,471
2012A7TS0314G,2012,349
2016B3PS0722G,2016,427
2022A4TS0219H,2022,693
2023AATS0490P,2023,719
2018A4PS0837G,2018,490
2005AATS0116H,2005,139
2021B5TS0901H,2021,636
2015A1PS0821P,2015,421
2016B4TS0589G,2016,437
2022B3TS0580H,2022,660
2007B3TS0418H,2007,175
2022B1TS0972P,2022,695
2013A3PS0185G,2013,353
2011B3TS0307G,2011,314
2011A7PS0162P,2011,315
2009A3PS0363H,2009,251
2008AATS0649G,2008,239
2014B2TS0622G,2014,397
2024A1PS0325G,2024,823
2019A8PS0979H,2019,536
2013A8TS0253H,2013,368
2013A3PS0064P,2013,356
2022B5TS0790G,2022,671
2014B5TS0233G,2014,396
2022A4PS0432G,2022,667
2014A1TS0232G,2014,399
2017A8TS0352P,2017,474
2018B4TS0035G,2018,498
2007A3TS0152P,2007,197
2019A1PS0595H,2019,541
2014B3PS0613G,2014,382
2005B5PS0868H,2005,137
2017B1TS0344G,2017,469
2021B1PS0758H,2021,626
2007A7PS0650G,2007,187
2006A8PS0600G,2006,157
2006A7PS0091H,2006,152
2007A3TS0013P,2007,194
2015A7PS0331G,2015,416
2006A4PS0242G,2006,154
2009B3TS0754H,2009,252
2010B1TS0359P,2010,276
2021AATS0575P,2021,608
2011A4PS0662G,2011,300
2017B5TS0255H,2017,450
2011B3TS0870G,2011,311
2010B4PS0941H,2010,283
2011B3TS0020P,2011,321
2023B4TS0905P,2023,714
2016A8TS0929P,2016,428
2011AAPS0742P,2011,311
2018AATS0911H,2018,494
2007A3TS0803G,2007,186
2005B2TS0018G,2005,149
2018A1TS0614H,2018,478
2019A1PS0156H,2019,511
2023A3PS0263P,2023,720
2021A3TS0072G,2021,611
2014A8TS0302H,2014,388
2020A3TS0782P,2020,568
2007B4TS0435P,2007,187
2009A3PS0320H,2009,263
2012B4PS0219P,2012,342
2006B2TS0299G,2006,159
2008A1PS0914H,2008,240
2012AATS0689H,2012,333
2024B1PS0647H,2024,806
2014B4PS0201G,2014,382
2018A7TS0637P,2018,485
2013A4TS0838H,2013,364
2018A3TS0765H,2018,477
2007B5TS0003H,2007,193
2017B1PS0090H,2017,461
2022A3PS0237G,2022,677
2009A3PS0142H,2009,268
2017B1TS0069G,2017,456
2011A3TS0623G,2011,320
2019B1TS0042H,2019,508
2015B5PS0973P,2015,424
2022A7TS0535G,2022,672
2016A8PS0570G,2016,449
2010B4TS0441H,2010,298
2004B3PS0508G,2004,121
2006B3PS0314G,2006,167
2019B2PS0426P,2019,506
2015A3PS0873P,2015,404
2015A3TS0935H,2015,419
2013A3TS0305P,2013,368
2023A3PS0136H,2023,731
2016A3TS0090H,2016,446
2011A3TS0048G,2011,304
2023A8PS0820G,2023,736
2013B1PS0050H,2013,373
2023A1TS0615P,2023,733
2010A4TS0568P,2010,278
2013A1TS0475G,2013,370
2012B2TS0113H,2012,332
2017B3TS0597H,2017,472
2010A8PS0492G,2010,289
2009A1TS0201P,2009,269
2014B4PS0693H,2014,399
2019B4TS0844H,2019,535
2024B5PS0009P,2024,810
2007B2PS0480P,2007,181
2008B4TS0581P,2008,230
2011A8TS0481H,2011,312
2008A8PS0181H,2008,231
2014A7PS0462P,2014,397
2022B3TS0149H,2022,671
2005A7TS0906P,2005,135
2008AAPS0311G,2008,248
2023A1TS0137P,2023,743
2022A7PS0975H,2022,661
2005A4TS0905G,2005,144
2013B1PS0557H,2013,350
2016B3PS0946G,2016,446
2021A3PS0958H,2021,610
2018A1PS0524H,2018,491
2020B3PS0422P,2020,597
2008A7PS0127H,2008,249
2016A1TS0866P,2016,443
2020A1PS0282P,2020,561
2008A8PS0531G,2008,244
2018A4TS0693P,2018,488
2022A1TS0943H,2022,668
2016A8PS0873P,2016,432
2008A3PS0881P,2008,228
2021A3PS0470H,2021,619
2004B2PS0885G,2004,116
2010A8TS0942P,2010,275
2016A8TS0900P,2016,425
2015B1PS0984H,2015,416
2019A4TS0325H,2019,505
2007A3TS0813P,2007,195
2014B1PS0083P,2014,394
2013B5TS0072H,2013,353
2012AAPS0403G,2012,338
2023A8PS0990G,2023,718
2021A3PS0956H,2021,630
2006B3TS0313H,2006,163
2020B5TS0472P,2020,550
2008B5TS0289H,2008,226
2004A1PS0955G,2004,120
2022A7TS0035G,2022,688
2016A7TS0777P,2016,432
